Star_ID,Mass (MSun),X (pc),Y (pc),Z (pc),Simulation Time (Myr)
0,0.554585267807,0.22399265878,0.810514972863,-1.12769119036,21.300000000000033
1,0.641491173829,-3.13802454835,7.62364313042,1.79542555366,21.300000000000033
2,0.164849970071,0.992317582157,0.549930986074,-2.32263292737,21.300000000000033
3,1.04548118031,1.30901313756,-0.805031908468,-3.69702382048,21.300000000000033
4,1.54227672053,2.20885091963,-1.16270955409,-0.766059951736,21.300000000000033
5,0.577681616933,0.746056493765,-1.18140078636,-2.68636206382,21.300000000000033
6,0.159886034319,1.34249989781,0.493053993223,-2.82187281066,21.300000000000033
7,0.111547647246,1.8819492988,-3.26533339924,-4.60298170455,21.300000000000033
8,0.497197624743,6.34313329154,-19.7106605415,6.05194429795,21.300000000000033
9,0.537558964614,0.413140979193,-1.49811007372,-0.0155383821749,21.300000000000033
10,0.216587263228,8.54547782173,0.617818225275,7.52409885745,21.300000000000033
11,0.299792430248,4.22356702738,-6.04229530874,-0.307429646914,21.300000000000033
12,0.326965133511,0.525492448619,0.0807108695122,-3.39292014438,21.300000000000033
13,0.110064292433,0.996691301718,-2.35617156325,-2.40118228726,21.300000000000033
14,0.449187287984,2.8070945577,-0.48488843855,-10.0636838525,21.300000000000033
15,0.177277612603,0.197921998727,1.86271979719,-1.62806730838,21.300000000000033
16,0.588448502537,0.209497027189,-1.11679571589,-1.97962924008,21.300000000000033
17,1.77582461271,0.206225535065,-1.7108267221,-2.18625984688,21.300000000000033
18,0.168457680207,0.223055737488,-0.0487999523015,-2.51611698517,21.300000000000033
19,0.377016302907,0.0130610279599,-0.867092941256,-3.51188071297,21.300000000000033
20,0.102278628493,-0.101786614181,-0.584384507985,-0.604425568081,21.300000000000033
21,0.116134361713,1.16814135304,0.15367268996,-2.78880525005,21.300000000000033
22,0.863502650705,1.31342825785,0.900391199076,-1.23218781621,21.300000000000033
23,0.144699802633,1.909738071,-1.49058995774,-1.29540856913,21.300000000000033
24,0.321143667834,-0.835098132352,-1.92666201681,-5.58741671613,21.300000000000033
25,0.157750433651,-3.16433363715,-0.625731235449,-3.59878473587,21.300000000000033
26,0.33348316593,1.43348318638,-3.68791360283,-2.38581295882,21.300000000000033
27,0.139770242475,0.482770615274,1.09928619935,-2.09826306258,21.300000000000033
28,1.34783416192,1.48822694415,-1.96304539603,-1.16232893608,21.300000000000033
29,0.123781449981,1.55470050949,-0.730771744209,-4.76132343309,21.300000000000033
30,0.206636306547,8.14615880399,15.1422132333,12.9894062082,21.300000000000033
31,0.127253181694,-0.0467113011003,-3.4258248707,-3.06639542082,21.300000000000033
32,0.420259129411,3.04321173859,-6.95077015802,-0.787997714132,21.300000000000033
33,0.324914251831,1.10760539928,-1.07856563072,-3.64017833227,21.300000000000033
34,0.159225041368,3.71249801519,0.190220408966,-3.7917058186,21.300000000000033
35,3.82889090719,-10.2199044164,-8.2251093401,-10.193665999,21.300000000000033
36,0.105266265524,9.35505710112,7.54241435034,-11.7378646802,21.300000000000033
37,0.160611635305,2.77451886769,1.07740370712,-0.0264497831148,21.300000000000033
38,0.201324954216,0.552192864957,-1.68723079613,-4.15298183312,21.300000000000033
39,0.122582336656,2.34153358611,-0.184057304249,-2.86942705905,21.300000000000033
40,0.831484687141,0.961123613014,0.557640379575,0.119527354818,21.300000000000033
41,0.396069435373,-0.431450925357,-0.124196652356,-1.57959663257,21.300000000000033
42,0.103139617226,1.20591179462,-2.11297604155,-3.03657010989,21.300000000000033
43,0.554368916948,0.305259415286,0.598242649299,-4.79976959944,21.300000000000033
44,2.25390107422,1.86661668698,-0.573438926222,-3.24956408173,21.300000000000033
45,0.135895607872,-0.380149630823,-0.965601246199,-3.2946479041,21.300000000000033
46,0.296165040939,0.911108262223,1.21673657426,-1.05091511356,21.300000000000033
47,0.168293889676,3.78037061505,-1.58031582333,-3.40376941053,21.300000000000033
48,1.86564168665,-1.43882210648,1.28248673086,-1.38926091544,21.300000000000033
49,0.154592011892,2.01221293413,0.916135881484,-2.49116684167,21.300000000000033
50,0.29887207778,1.55078911636,-1.41207113538,-1.70642568886,21.300000000000033
51,0.13746569681,-0.246516670813,-0.259303017743,-2.9406821791,21.300000000000033
52,0.214720397166,-17.0087251565,-0.523195819736,15.8298908376,21.300000000000033
53,0.711814980181,2.21383276966,-2.74672778613,-5.63368193197,21.300000000000033
54,0.418304409256,0.976278288385,2.25771875108,-1.53076021931,21.300000000000033
55,0.151136579266,9.39860986129,-4.56931119383,-0.469985929478,21.300000000000033
56,0.100618666418,3.53414352326,1.99289813942,-3.14534740848,21.300000000000033
57,0.120709066342,-0.89414474324,-2.02794514396,-1.16785632631,21.300000000000033
58,0.244491008597,5.228082301,-0.69487722463,-3.58551655241,21.300000000000033
59,0.903261627462,3.20600785551,1.33490363516,-3.41685115356,21.300000000000033
60,0.117812654735,-0.586104454837,-0.88338788164,1.01859772706,21.300000000000033
61,0.391874349109,-0.59254416197,0.710135040808,-2.72779254001,21.300000000000033
62,0.14380328052,-0.238475505041,-1.52927666482,-1.06648046632,21.300000000000033
63,0.326457011913,2.09667056657,-2.16971897868,-2.20809071612,21.300000000000033
64,0.189597162741,1.75933383665,-0.885319807277,-3.06286390766,21.300000000000033
65,0.242697757227,6.65734803216,-2.17100820583,-2.10619772792,21.300000000000033
66,0.19439717483,1.65425471033,1.09755822417,-2.4992029336,21.300000000000033
67,0.271043617325,2.8799056103,-1.61020169065,-0.895172704407,21.300000000000033
68,0.125083313337,-0.0197057162418,2.84105993345,-12.9129509815,21.300000000000033
69,0.178404458831,2.43371277503,-1.34931322017,-4.10241408954,21.300000000000033
70,0.22027572589,18.2722806109,3.03228032847,-7.55131809058,21.300000000000033
71,0.603346278805,5.71749027907,-8.02049502476,-15.9968029045,21.300000000000033
72,0.671661366007,1.40091979702,-2.11434463338,1.67983542644,21.300000000000033
73,0.276214603551,2.68324015485,-0.0910687365104,0.288441851839,21.300000000000033
74,0.409628873064,3.24513085846,-3.63340495563,-6.1704798634,21.300000000000033
75,0.16713304089,0.378866001636,1.64989987108,-5.64602656731,21.300000000000033
76,0.369260335528,3.13991427436,1.27227833971,-5.37622489754,21.300000000000033
77,0.446129567481,3.59559751834,-1.58650962013,0.409216079786,21.300000000000033
78,0.153749929725,-1.75117939453,-4.92690639922,-5.32946792,21.300000000000033
79,0.615915792877,-3.37443973212,0.122025826073,-2.92957773159,21.300000000000033
80,0.247745808462,1.31821772023,-3.59568628583,-4.03991547939,21.300000000000033
81,0.690332629032,6.66977329178,0.48835168572,-0.840622734385,21.300000000000033
82,0.12182870535,-0.360667515703,0.468784773286,-1.55756770057,21.300000000000033
83,0.249171303106,4.02309526503,-1.18612247072,-2.4447868937,21.300000000000033
84,0.125170692196,-10.076197972,-9.95505139189,4.41884691402,21.300000000000033
85,0.279801257853,3.87909190116,0.404978409769,-2.57100779307,21.300000000000033
86,0.234712802004,0.912603920612,2.39797146407,-4.13681289305,21.300000000000033
87,0.131487674601,2.96696817182,-0.445903460822,-0.562955823703,21.300000000000033
88,0.5280230216,2.29728814089,-0.64256477079,-2.34135703713,21.300000000000033
89,0.578387142018,3.57803705278,-1.25648547365,-1.24422090357,21.300000000000033
90,0.214786749186,5.55544507927,0.773395845965,-1.43939351739,21.300000000000033
91,0.394577680381,6.47550433486,1.09236891271,-2.57093473856,21.300000000000033
92,5.25527365433,0.426326213422,1.15315347652,-2.81960041202,21.300000000000033
93,0.145120250802,5.38735971208,-2.60442511028,-2.18635335783,21.300000000000033
94,0.111312434172,1.952515419,-0.662782844699,-2.71697339963,21.300000000000033
95,1.18358848761,-3.98916678946,-1.82451840268,0.0647906379694,21.300000000000033
96,0.363520712613,4.07254269355,-0.816211516249,-1.89624105581,21.300000000000033
97,0.188097249102,1.51659191302,-6.07041776219,-2.25444845586,21.300000000000033
98,0.479813717048,1.04856664995,-0.761904848,-4.40464620392,21.300000000000033
99,0.177787802563,1.09005656928,-0.0932529040011,-2.58533918179,21.300000000000033
100,0.140688559327,12.6883290151,10.5298391079,0.834151815803,21.300000000000033
101,0.331937942263,-4.99177720464,-10.3944578377,-13.9949196328,21.300000000000033
102,0.518350806581,-8.91887422163,8.85781795359,16.0796853357,21.300000000000033
103,0.165570856288,-13.7112936622,4.07370322141,2.598579291,21.300000000000033
104,7.77989771419,1.75922889225,-1.8819090042,-2.61402729192,21.300000000000033
105,1.91391675656,-13.3431654537,-12.1705179372,0.578331208611,21.300000000000033
106,0.133783400977,-0.322361366807,-4.32420874511,-7.61222970016,21.300000000000033
107,0.115208599446,0.706027899442,-1.33107881936,-3.749032378,21.300000000000033
108,0.311484259573,-16.8019395204,-5.27364299252,-11.8803708894,21.300000000000033
109,0.158488356939,2.57945915527,-2.57143378331,-3.75264515161,21.300000000000033
110,0.55968265073,2.20154905757,-0.748818495001,0.41116503356,21.300000000000033
111,0.146102849138,0.721247089552,-0.0801207466482,1.25162015853,21.300000000000033
112,0.147749078846,-5.04903138613,-2.03284877563,-1.16954238952,21.300000000000033
113,0.131219356627,0.847962424955,-1.58162988185,-4.72889756474,21.300000000000033
114,1.03057540138,-1.22396304454,-1.76710684352,-7.32679393714,21.300000000000033
115,5.14128423861,2.00974911302,-0.820878819878,-3.78769907485,21.300000000000033
116,0.384511916418,3.35174341722,-1.53460936664,-5.08999696117,21.300000000000033
117,0.187998693447,-4.6588908905,10.0161190896,6.67256432577,21.300000000000033
118,0.104156634883,7.06364362248,0.28739694701,-6.73955874745,21.300000000000033
119,1.49319882108,0.663702947039,-0.669998539722,-0.911057114742,21.300000000000033
120,1.32857981596,-0.304890601818,1.36485641544,0.414415261607,21.300000000000033
121,0.164828557553,3.3824357816,-3.28931920192,-5.99137143904,21.300000000000033
122,1.06356312065,7.81672685171,0.559159324113,-1.35726750764,21.300000000000033
123,0.656669402527,9.44028996684,4.12143942573,-0.879732201185,21.300000000000033
124,0.114617825347,1.03094249934,-1.40748204214,-2.58203686165,21.300000000000033
125,0.157724243947,3.17047958042,-2.74136830957,-2.73056351117,21.300000000000033
126,0.108598986123,3.41258965522,8.24374665501,2.23389583891,21.300000000000033
127,0.533583391635,2.10623654224,-2.12815700368,-0.73071019585,21.300000000000033
128,0.254177847666,-1.41874597684,-1.03365988898,-6.0380818642,21.300000000000033
129,0.113092966107,-0.915100458614,-0.0610530198307,-4.75415065953,21.300000000000033
130,0.372311028989,0.51485180476,-1.30535864418,-4.81391216049,21.300000000000033
131,0.275985988986,-2.97152757561,-10.1314566584,-26.2857780034,21.300000000000033
132,0.100677237255,-9.81493064719,5.93329119716,2.99698433101,21.300000000000033
133,0.525892220809,4.12335248834,-1.10677238037,-3.63052464296,21.300000000000033
134,0.824629559226,0.0564926066102,-1.24016751304,-3.09199527159,21.300000000000033
135,0.248167533332,-0.506416452206,0.510621268084,-2.84817093281,21.300000000000033
136,0.242755461796,30.7526371505,16.2519750156,2.20458061504,21.300000000000033
137,0.860150507801,0.13554920393,-1.85853468706,-2.93069503886,21.300000000000033
138,0.112557608987,-0.183439864028,0.304576404493,-2.35047407524,21.300000000000033
139,0.17066057387,3.27493377443,-12.8157794202,4.19200483255,21.300000000000033
140,0.478873139261,1.68098577694,-0.607837076606,-2.26135675461,21.300000000000033
141,0.284186417325,6.23840388647,1.04517409049,-14.9818511115,21.300000000000033
142,0.369751166448,1.14612391089,-0.182168214661,-0.746998625729,21.300000000000033
143,0.988883450058,0.713399973079,-3.73088223938,2.02109052525,21.300000000000033
144,1.43678551215,-1.9391465894,0.895382463834,-4.04089810297,21.300000000000033
145,0.122987708913,2.10744690251,-3.28606404981,-0.0633728048909,21.300000000000033
146,0.120991672925,4.53124884788,-1.49457294272,-3.72869627066,21.300000000000033
147,0.484279450023,2.65521543187,0.978273719754,-4.17545144315,21.300000000000033
148,0.502892251261,5.07923777704,-1.31407818504,-0.260532416392,21.300000000000033
149,0.33130415404,2.664613794,-3.17665499333,-4.89530909116,21.300000000000033
150,0.269156157614,0.307671200623,-0.885061374712,-0.260148570254,21.300000000000033
151,0.429183862927,10.1978821664,-6.01965048555,6.89824025528,21.300000000000033
152,0.112635277697,2.33684688502,-0.736891553605,-3.07287216085,21.300000000000033
153,0.335797044187,4.53689267972,-6.50943264526,-0.455880820689,21.300000000000033
154,0.365661587172,2.55766071786,-1.70199810263,-5.10721049966,21.300000000000033
155,1.23863006683,2.48454743711,-2.30635666641,-2.8079172999,21.300000000000033
156,0.101449260378,1.36735769428,0.412272271339,-4.98516778424,21.300000000000033
157,0.742411244513,2.74321958488,-0.932146123026,-4.35008807604,21.300000000000033
158,0.661370779552,0.404579213982,-0.20720806479,-3.83552867699,21.300000000000033
159,0.111311951998,-0.35873286678,-1.28856614164,-4.42497122732,21.300000000000033
160,0.3073756668,1.32984361779,0.579588827503,-5.328185788,21.300000000000033
161,0.203539288886,1.26636384773,2.24687815003,-3.73129391971,21.300000000000033
162,1.56631712072,3.97101791501,-6.61745603206,-0.774050607859,21.300000000000033
163,1.28223255564,0.557042388466,-0.391137148683,-1.96385327588,21.300000000000033
164,0.413427265435,-0.121212845909,-2.81090917266,-4.98600706947,21.300000000000033
165,0.290748830766,2.73433151792,-2.25412846157,-2.74279327811,21.300000000000033
166,0.337671750555,1.93215390785,-1.03822066738,-2.77589438867,21.300000000000033
167,0.245347446166,-0.923243004479,-2.48659399174,-3.65364641668,21.300000000000033
168,0.27932866279,0.523234398069,-0.744212505743,-0.341833865983,21.300000000000033
169,0.303255229798,0.9018515638,-0.606559955921,-1.5906323769,21.300000000000033
170,0.52856485159,0.541286541014,1.21107423407,-1.99761271001,21.300000000000033
171,0.13522262537,1.15762494395,-1.18037668951,-1.83373416824,21.300000000000033
172,0.188275261126,2.93823707114,-0.464796546348,-2.6270541322,21.300000000000033
173,0.167538469777,2.87304751808,1.21900928764,-4.50664852104,21.300000000000033
174,0.243312967274,-6.61506033299,1.35393287652,-7.39058414483,21.300000000000033
175,0.354993661204,6.68165574563,-0.163916557345,2.65719274473,21.300000000000033
176,0.486777639536,0.532339528037,0.060383464262,-3.79891631377,21.300000000000033
177,0.202607501201,3.86350396793,-2.02444489725,-3.36796721671,21.300000000000033
178,1.62192119805,-0.484599758795,-0.873193311078,-1.27543278455,21.300000000000033
179,0.319041793137,1.20952371264,-1.17984501172,0.0472261190286,21.300000000000033
180,0.1909149054,0.930560071021,0.0564841699525,-4.03896743859,21.300000000000033
181,0.191684575511,1.57614087326,2.04941331345,2.48607893229,21.300000000000033
182,0.392649354485,1.31303325262,1.18623292624,-3.68437759774,21.300000000000033
183,0.752843145151,1.69514583377,-0.221350481448,-4.04688949798,21.300000000000033
184,0.615095089827,0.194216503604,0.00551470046684,-2.88529751069,21.300000000000033
185,0.400275556373,0.473001808126,-0.287097449794,-1.98828229558,21.300000000000033
186,0.235560985305,0.115119013938,-6.14420416766,-3.15156745209,21.300000000000033
187,0.137660474222,1.36975451864,-1.93305566447,-4.08006064839,21.300000000000033
188,0.11260395408,6.53125327698,5.23240480794,-0.345937358968,21.300000000000033
189,0.420864175504,0.398900038498,0.862097309914,-2.85204095626,21.300000000000033
190,0.340802242125,-1.92688009754,-2.28367689486,-7.49923547325,21.300000000000033
191,0.217551921328,0.539198915796,2.51940781406,-0.159607109517,21.300000000000033
192,0.14789594897,1.17945947061,0.0033140857295,-3.8180694756,21.300000000000033
193,0.372459613997,-0.475166862293,-0.466450933045,-2.27286927865,21.300000000000033
194,0.280343125201,-4.26292558672,-2.88149241647,8.21838723895,21.300000000000033
195,0.16157851543,-4.71813393376,1.63034964974,1.37447606658,21.300000000000033
196,0.137291010142,2.1383347991,-1.86218331854,-2.76001394764,21.300000000000033
197,0.111656757455,0.0968857799191,-2.46322783781,-1.95074907036,21.300000000000033
198,0.266948760273,-0.518442251137,-0.928695538268,-5.6298008761,21.300000000000033
199,1.52772955752,4.22603210498,-1.69050839517,-0.837612579463,21.300000000000033
200,0.10337578995,-0.821323246488,0.403181428663,-3.83145389501,21.300000000000033
201,0.102266436559,3.72665037155,0.42484504982,-4.30436194624,21.300000000000033
202,0.38428243153,0.635884562202,-1.3059049914,-2.06585390262,21.300000000000033
203,1.18782541838,1.98781539862,-0.0657997092567,-2.05308647317,21.300000000000033
204,0.103443733189,1.31834399193,-0.335365583951,-3.01184260175,21.300000000000033
205,0.203428136138,2.48140943901,-0.126333753233,-2.9877363925,21.300000000000033
206,0.272803633176,2.97733616108,-2.37703508794,-3.93413453843,21.300000000000033
207,0.11900665443,0.939860463971,-2.69405810371,-3.19668395064,21.300000000000033
208,0.552840469157,13.136304131,-2.84322389979,-16.1273980412,21.300000000000033
209,0.745214270028,6.9503155679,-1.38244770082,-1.81376983408,21.300000000000033
210,0.270706673637,-1.30263678465,-0.327787834525,-2.96418789148,21.300000000000033
211,0.896460860886,0.700413233545,-0.0444383695545,-3.54987302377,21.300000000000033
212,1.76431742241,1.56504752073,-1.5855432789,-3.44120850495,21.300000000000033
213,0.244784294268,2.07967815621,-2.00150982688,-1.21603268956,21.300000000000033
214,0.803116974445,2.7032659064,-0.486851605877,-1.88674215211,21.300000000000033
215,0.13855126123,2.65490112954,-0.482966536769,1.45568012836,21.300000000000033
216,0.562782193465,2.36010587777,-3.70346283991,5.94794796819,21.300000000000033
217,0.407420916003,0.209452652301,-2.04298337497,-3.31183971958,21.300000000000033
218,0.226485393517,-30.4550265886,-0.245481739333,-27.8676011604,21.300000000000033
219,1.56068151478,4.12882446587,0.199440528498,-3.27640947884,21.300000000000033
220,0.103904306509,-7.86918449168,-5.31797829494,8.55493258046,21.300000000000033
221,0.310144419993,0.00975158409502,-0.927178766921,-1.08488006276,21.300000000000033
222,0.300298703201,1.1634768089,-1.2653069576,-1.40563159341,21.300000000000033
223,1.65838784502,2.28501572034,-0.245440090383,-1.39642680072,21.300000000000033
224,0.238213691516,-0.352167051311,-1.9288980842,-3.00431629064,21.300000000000033
225,0.149233006888,2.59777961616,1.05582571226,-3.06517632037,21.300000000000033
226,1.27130767578,0.178522728687,-1.81149696557,-2.15915166316,21.300000000000033
227,1.27238411869,1.5902712931,-2.85249371501,-5.66432348859,21.300000000000033
228,0.188511426812,-0.0117626055039,-1.49581945383,-2.46037708195,21.300000000000033
229,0.373357800345,4.62627891553,-3.82682857389,-1.16402159423,21.300000000000033
230,0.13339047146,-1.47480271783,-0.451386108964,-11.5902095829,21.300000000000033
231,0.481068557964,4.3798514397,-1.86864484443,-1.94722352152,21.300000000000033
232,0.279470827077,-0.423206559655,-3.28488376254,-4.26600582681,21.300000000000033
233,0.216973737427,2.39099831254,-2.07690448451,-5.36137844394,21.300000000000033
234,0.573462608454,2.91955139201,-0.236674994768,-0.128303457723,21.300000000000033
235,0.224161604379,0.0719685349507,-1.30287708593,-3.7127514026,21.300000000000033
236,0.643544200669,3.37152742396,-1.06277376551,-3.56186513861,21.300000000000033
237,0.146931271541,-3.59261157938,8.42154359959,19.1260053791,21.300000000000033
238,0.161950120591,-3.08074959115,1.53050593228,-3.47174559482,21.300000000000033
239,0.368094864029,1.8519316853,-0.175162431391,-2.11682908641,21.300000000000033
240,1.25954855361,1.52205218839,-0.00680115349828,-3.29649165972,21.300000000000033
241,0.388728909135,2.59561830166,-0.74365845251,2.86283589231,21.300000000000033
242,0.300751642614,0.710123580279,-0.601034304015,-3.31684649765,21.300000000000033
243,0.800867674912,2.10686208994,-0.648334189921,-8.00360462055,21.300000000000033
244,0.194242016196,0.864251215451,-2.76723853969,-3.72636625896,21.300000000000033
245,0.403774057036,-0.0727046048182,0.120168990224,-3.59605640871,21.300000000000033
246,0.140005823467,0.742709810249,0.0804888529339,0.0754395492912,21.300000000000033
247,0.212257692815,-6.62240497476,0.175683654645,-10.0330006776,21.300000000000033
248,0.108643039865,2.11876788073,-0.941138157791,-2.84769528929,21.300000000000033
249,0.175974317313,10.5177375363,-3.2770626155,1.87723777619,21.300000000000033
250,0.12418509292,5.4806141583,0.207742237053,-11.844013582,21.300000000000033
251,0.354115544725,-0.685056970403,-3.7384488346,-2.17642769229,21.300000000000033
252,0.482205069372,-0.942565368304,-1.24648174988,0.275883609742,21.300000000000033
253,0.140834023217,15.2617085519,-25.8944778568,-3.98824250581,21.300000000000033
254,0.806903199655,1.60150265835,-0.313875630011,-3.29992349645,21.300000000000033
255,0.1302097351,2.26802790399,0.586551731974,-3.76583056633,21.300000000000033
256,3.34715440665,24.4376137134,-3.68069128216,5.59484164388,21.300000000000033
257,0.500176452348,-0.514901306577,-4.86856603441,1.07256720562,21.300000000000033
258,0.267654130203,0.87101627054,-1.541554306,-3.42402916702,21.300000000000033
259,0.265927196124,0.920096860078,-1.95676701094,-2.36866580119,21.300000000000033
260,2.71225221649,0.986961482439,-0.264330318646,-0.796664812841,21.300000000000033
261,0.191529680278,-1.03703701465,-25.842616767,7.62726599133,21.300000000000033
262,0.419982245829,0.580154691759,1.17186360919,-4.58760150544,21.300000000000033
263,0.293636711785,-0.0990941908428,-0.387020944123,-4.29113208161,21.300000000000033
264,0.133739865865,-1.83543157139,0.854189808452,-3.71234084874,21.300000000000033
265,0.209831952112,-0.73254021184,-2.31925404903,-0.601709622927,21.300000000000033
266,2.24457379855,-0.569505292731,0.00858261657728,-0.929695930799,21.300000000000033
267,0.183955968512,-0.28408224093,1.97771210627,-4.67317008551,21.300000000000033
268,0.313727871421,2.05900532513,-0.730732777022,-1.95913688193,21.300000000000033
269,0.275405246139,2.28041850454,-0.690001405389,-3.56885862124,21.300000000000033
270,0.533392369152,2.09314658458,-1.72684461843,-2.57161990045,21.300000000000033
271,0.174514399255,1.84468411303,-0.32356008297,-3.24726343927,21.300000000000033
272,2.6033011177,2.28146665303,2.58050835203,-4.79335620895,21.300000000000033
273,0.839903063689,1.97591848108,-0.503830058569,-3.03792382719,21.300000000000033
274,0.144034310847,1.14819562842,1.36860746473,-3.29561246065,21.300000000000033
275,0.198454941605,1.61182262858,-0.656788150368,-3.04656912458,21.300000000000033
276,0.147786124557,-0.647848615212,-1.02239071492,-3.14572542835,21.300000000000033
277,0.129795378634,1.48785154049,-1.38673070398,-3.62878230901,21.300000000000033
278,0.277568032487,3.87145560404,2.75319621264,-5.19640411987,21.300000000000033
279,0.762764395163,2.65395069851,-0.62558972207,-2.30713803689,21.300000000000033
280,0.219191783866,-0.957740003614,-3.53152447877,1.33805906427,21.300000000000033
281,0.156841258957,3.05787993218,-1.95790874327,-2.79512645392,21.300000000000033
282,0.135059180301,1.17609114853,-4.37999644099,-1.6072898459,21.300000000000033
283,0.286484591375,1.34786011338,-1.78352270708,-3.79947904123,21.300000000000033
284,0.107005389259,-0.477233631084,-1.76825901573,0.253385503088,21.300000000000033
285,0.243206352378,-0.393496512428,-2.81768949468,-3.08558266807,21.300000000000033
286,0.207709885936,-0.0872163648653,-0.16274348311,-3.26073745063,21.300000000000033
287,1.53368351751,1.3309625532,-1.79136297757,-2.96705079061,21.300000000000033
288,3.79306060315,0.337556890614,0.870342994871,-3.86558749359,21.300000000000033
289,0.266660401562,4.07542464212,-0.77584711533,5.78495707934,21.300000000000033
290,0.233552556389,2.10345072969,2.77985362494,-3.90339898657,21.300000000000033
291,0.127198854616,-7.90699599262,-6.57528388777,-2.78512695295,21.300000000000033
292,0.340737973934,3.54052981779,-1.67725295949,-4.2707205252,21.300000000000033
293,1.24904837904,1.993314661,1.33057883404,-9.22777014653,21.300000000000033
294,1.29292859368,1.83882982315,-0.388624881106,-4.0289948128,21.300000000000033
295,0.197504681869,0.41179596945,0.660662987168,-5.63201463842,21.300000000000033
296,0.17540948366,1.97906326296,-0.673684002049,-6.49673203354,21.300000000000033
297,0.672223345588,1.92165702644,-0.647171839616,-2.92728126677,21.300000000000033
298,0.531644413902,2.65301474589,-1.81923965478,-4.40857491029,21.300000000000033
299,0.348547496754,3.06636622861,0.412479430926,-4.03836525481,21.300000000000033
300,0.104389200597,1.79365520283,-0.290173157115,-1.24996392198,21.300000000000033
301,0.165692797361,6.47343349024,0.58060706063,-3.50900961795,21.300000000000033
302,0.150740625388,2.66087410439,-1.65270344285,-1.44585771332,21.300000000000033
303,1.5217600117,0.55631018735,-3.22817086042,-1.15702813696,21.300000000000033
304,0.369381549902,2.20832840431,-1.68084972689,-4.34422761022,21.300000000000033
305,0.240067577978,3.02943110545,-1.33527584576,-2.89233456442,21.300000000000033
306,0.403471329022,5.7046857202,-0.966984535478,-0.0551703394485,21.300000000000033
307,0.130602800353,2.44467252549,0.711804921483,-1.52859564369,21.300000000000033
308,0.1843636825,1.03464000519,-0.483044457326,-1.39552171496,21.300000000000033
309,0.185142488597,1.46420873187,1.24134412932,-1.12046940355,21.300000000000033
310,0.158570347463,1.13814449135,-1.13903066712,-3.8861895085,21.300000000000033
311,0.126063056383,-0.812364365491,0.149968974444,-0.122783426322,21.300000000000033
312,0.511035529095,3.36989295403,-3.73340158164,-1.8357401896,21.300000000000033
313,1.59145346113,2.58973834801,-2.45034981315,-0.826581182065,21.300000000000033
314,0.112959553906,4.13678164749,-6.63448068661,-5.6710964544,21.300000000000033
315,0.102600687376,2.02996052595,-0.317056883118,-0.982280407442,21.300000000000033
316,0.910589198843,1.67161481859,-0.138844832463,-0.240425367244,21.300000000000033
317,0.11301550631,3.38504284548,0.648057541087,-4.00151402049,21.300000000000033
318,2.21540001344,1.53546461885,-0.757433557066,-4.93978339151,21.300000000000033
319,0.161374425762,2.91368024596,-0.449893297879,-2.91339657948,21.300000000000033
320,0.264995159342,3.01690152093,-1.23925114284,-1.69056146357,21.300000000000033
321,1.18371193456,0.281183855289,-2.25264760189,-2.76446356475,21.300000000000033
322,0.110935890331,3.31716805648,4.28601631846,-8.34380082828,21.300000000000033
323,0.145410896938,5.52828892922,-0.928270812996,-0.0429705900059,21.300000000000033
324,0.464386759387,0.275357289666,5.15008471073,0.624483814711,21.300000000000033
325,0.144279032797,-0.417644340609,1.84148825561,-3.04809272071,21.300000000000033
326,0.791816377466,2.85302807577,-3.01984502922,-2.85453174688,21.300000000000033
327,0.934568650497,0.853905000082,1.69017749995,-8.59223569343,21.300000000000033
328,0.319937101529,-10.967851363,3.92600683454,-0.935398597152,21.300000000000033
329,0.750315524465,0.113485049429,-1.8844311998,0.759322770629,21.300000000000033
330,1.13855797262,1.23975627118,-2.05202202574,-1.71492061359,21.300000000000033
331,0.217895283149,-7.39781940567,-19.5984423955,-0.59203437158,21.300000000000033
332,0.33109561712,0.502356928238,-1.27816400149,-1.06298572088,21.300000000000033
333,0.113414944474,3.80689792485,0.0968406633083,-6.98070111172,21.300000000000033
334,0.519042223638,1.49440636583,-2.65538015125,-5.24025268322,21.300000000000033
335,0.217074226277,1.58854006148,-1.89432512991,-4.04335827752,21.300000000000033
336,0.17507547562,1.20615389088,-0.256084672705,-1.44007036481,21.300000000000033
337,0.445740253016,1.97295554902,-0.394700412155,-2.52677342963,21.300000000000033
338,0.307619151364,7.03193590425,-3.62916347689,5.09010473653,21.300000000000033
339,0.124855697246,1.78572223837,-1.49086487942,-1.47151373037,21.300000000000033
340,0.111175813822,1.96864084214,0.852350474249,-0.792632565891,21.300000000000033
341,0.340260647384,0.967834254756,-1.17948025637,-2.10756143108,21.300000000000033
342,0.130063939468,1.2844447824,0.468055465182,-1.05590421357,21.300000000000033
343,0.146552154682,1.63623261808,-0.918905318989,-3.40995268888,21.300000000000033
344,0.558405635823,4.88252319392,9.56547337159,-12.8337934127,21.300000000000033
345,0.121242720424,2.22508162604,-1.72576798842,-2.23973492766,21.300000000000033
346,0.387748064985,13.2961481979,-5.88131355246,15.0469301635,21.300000000000033
347,0.543473891466,-4.79878263191,-1.33634116509,-2.89151717924,21.300000000000033
348,0.369841077222,-1.14278379259,-1.58025850334,-1.78264726104,21.300000000000033
349,0.385484261883,1.22533711166,0.0664895896783,-5.98254524289,21.300000000000033
350,0.234798898069,24.0052644956,13.0795663522,2.54141208792,21.300000000000033
351,1.07774712203,1.57693666898,0.484748216589,-4.33482936019,21.300000000000033
352,0.115562312087,4.9214466407,1.03684010295,-2.21867114462,21.300000000000033
353,1.37817102537,4.89472418666,-9.08395759598,2.12044843061,21.300000000000033
354,1.18040057512,0.673135356821,-4.75389657683,-3.32720564627,21.300000000000033
355,0.348693778893,1.02739108535,1.42335782279,-1.66490269357,21.300000000000033
356,0.237838717701,1.61282743669,-2.04780970158,-0.468201562502,21.300000000000033
357,0.242986806861,0.269549948593,-0.0989376949556,-2.06794914344,21.300000000000033
358,0.152559137111,3.20307402377,-0.288126726438,-1.60237986831,21.300000000000033
359,0.53655125203,2.53133504606,-1.90770799477,-4.40178436195,21.300000000000033
360,0.188868861881,-0.778251324564,0.341902384897,-4.42917930572,21.300000000000033
361,0.228395996393,1.85794810537,-1.71132347126,-3.4955438158,21.300000000000033
362,0.199610026052,3.56910125093,0.809975926603,-1.46253214275,21.300000000000033
363,0.418422584865,-32.0310716499,-6.4606042009,1.49586815634,21.300000000000033
364,0.619186669865,1.01787346973,-0.687593735656,-3.73473354447,21.300000000000033
365,0.158897569362,-2.32075160451,-5.94279096758,1.10955843386,21.300000000000033
366,0.105250390597,1.27207312854,-0.241960549314,-3.63098406319,21.300000000000033
367,0.965108354968,2.00761082275,1.52297133537,-4.85309036074,21.300000000000033
368,0.410195418233,3.17202246095,-0.0519188108937,-1.7989208503,21.300000000000033
369,0.142134886877,2.23845017079,-1.9569477309,-4.27217943239,21.300000000000033
370,0.247360062601,-0.230753647946,-2.83381972752,-1.48670712617,21.300000000000033
371,0.362772170254,1.73616709733,-1.5180571675,-2.68400362597,21.300000000000033
372,0.475352502273,-3.05342620084,4.60029548823,4.34713122128,21.300000000000033
373,0.84844836506,1.15917700544,-0.178972277117,-3.60436201297,21.300000000000033
374,0.217813556299,2.14497753311,-1.0242464101,-2.78106039374,21.300000000000033
375,0.270056171189,3.13501023305,-23.8216906617,-2.01252424817,21.300000000000033
376,1.44828334089,0.938171994028,0.964962778019,-2.26120202256,21.300000000000033
377,1.0447382131,-0.753698483196,-0.255945504521,-0.553975756427,21.300000000000033
378,0.521196189715,1.61103642981,0.527860711094,-2.26578995115,21.300000000000033
379,0.581232487106,2.25530281228,0.941162616441,-5.93001505823,21.300000000000033
380,1.26171429634,2.24886999398,-1.50812275615,-4.23547319015,21.300000000000033
381,0.10758299345,0.705539055048,-0.0512248302686,-4.00814750003,21.300000000000033
382,3.29199391812,11.9435633642,-4.92804153142,-1.64223654697,21.300000000000033
383,0.795512919048,0.765135750252,2.59491837753,-2.61322048832,21.300000000000033
384,0.186546957353,-5.20583374774,2.20814281779,6.61479338113,21.300000000000033
385,0.299699722983,-23.4389440505,-19.7360817087,-8.3906158351,21.300000000000033
386,0.186995259163,2.10002834808,3.51675156344,-4.84355631872,21.300000000000033
387,0.100073699354,7.57043247175,1.82770184207,-2.57529238336,21.300000000000033
388,0.120555622119,-1.63476733279,8.26131558197,-1.92380639802,21.300000000000033
389,0.40170115359,2.14285825652,-5.926836171,-1.56671223885,21.300000000000033
390,0.118164929935,2.3395347298,-1.02087548036,-5.10319784552,21.300000000000033
391,0.461208813488,8.17082913467,-1.11159053769,-4.37815379869,21.300000000000033
392,0.439648685362,1.44549036037,-1.24235969493,-3.87320435823,21.300000000000033
393,0.177764040612,2.12011905003,-1.16642414197,-0.669812619476,21.300000000000033
394,0.112901816377,-0.253505618275,1.71061991206,-4.81145709232,21.300000000000033
395,0.325293310688,2.16655678984,0.286148169989,-2.44718202448,21.300000000000033
396,0.310222466885,2.29277162926,-0.227497594402,-1.17326889632,21.300000000000033
397,0.305776118079,5.71191754705,3.51442207686,-3.79376930049,21.300000000000033
398,0.159639926577,1.5161550318,-9.40542397647,-3.01688950957,21.300000000000033
399,0.27107198965,2.26547259437,-1.38115894957,-2.79306544766,21.300000000000033
400,0.153554718109,17.2420688659,-10.7016554779,-5.11873430054,21.300000000000033
401,0.425273847478,13.8326775219,1.40089767498,25.3696076899,21.300000000000033
402,5.00429116311,1.35595369983,-1.88883143996,-1.65995083736,21.300000000000033
403,0.157782961346,1.23731552644,-1.66547194254,-3.34694575911,21.300000000000033
404,0.150493308046,5.01733502471,2.04492070439,-0.142893429036,21.300000000000033
405,0.613136093897,0.0231620509541,-2.00451650626,-1.61991199876,21.300000000000033
406,8.44835771988,1.59920675966,-0.67900679115,-2.73728645195,21.300000000000033
407,0.229269988499,-0.106762215182,-2.36004592184,-3.96284597789,21.300000000000033
408,1.41835757491,2.49766967264,-0.49736665181,-3.56299126798,21.300000000000033
409,3.51208802556,3.10269768201,0.890982773617,-3.37955052926,21.300000000000033
410,0.121785225409,4.25875553058,-5.07819210822,-0.100193300806,21.300000000000033
411,0.945279271893,3.53734327301,-0.238662384293,-6.57764371872,21.300000000000033
412,0.119090633839,-6.1415769184,-7.96697299387,1.54996805448,21.300000000000033
413,0.149546376845,2.37755276214,-1.03989178471,-3.0679821578,21.300000000000033
414,0.16716891028,10.3231512756,-1.33781883365,5.07728991786,21.300000000000033
415,0.509764870101,-8.29268422554,24.1285579231,8.35357390289,21.300000000000033
416,0.122243310845,-0.674138026409,0.159871863695,-4.98001854571,21.300000000000033
417,0.217220024763,4.40974392304,2.37312351301,-0.807200066387,21.300000000000033
418,0.102476772869,2.35813293636,0.822796555018,-0.847677852704,21.300000000000033
419,0.204581145743,0.288425906493,0.0804372875949,-3.90928167231,21.300000000000033
420,0.119718982703,9.28711361499,3.58029956623,-7.24947378466,21.300000000000033
421,0.366072753946,-0.421433369666,-1.99924909036,-3.45429322088,21.300000000000033
422,1.42296950899,2.49263561455,0.481127579094,-2.18532147576,21.300000000000033
423,0.778826281432,4.4868165865,-3.42167350272,-1.77794518242,21.300000000000033
424,0.145639542907,-0.213118953452,-1.81008574907,-4.46445118672,21.300000000000033
425,0.2171219778,2.06488942908,-1.65066202969,-1.59960250233,21.300000000000033
426,0.300733510463,-0.208961973449,-0.272253891188,-4.12321191863,21.300000000000033
427,0.297033034951,-0.312839524877,-1.06721010316,-2.13785284704,21.300000000000033
428,0.977495130324,-6.50257428114,-11.0782110082,-5.96525828592,21.300000000000033
429,0.773483139182,1.19355495935,-1.53599351188,-3.30909068434,21.300000000000033
430,0.388117003438,8.66595979045,4.09940581869,-7.02344585061,21.300000000000033
431,2.93022444801,3.16403579787,-0.909248640526,-1.26591095639,21.300000000000033
432,0.267570024947,5.16804840181,-21.2663853728,7.4725627895,21.300000000000033
433,0.320145073646,3.01412256385,0.97898430582,-0.281553933143,21.300000000000033
434,0.334467423801,-0.562966591017,-1.5641756541,-2.7445589337,21.300000000000033
435,0.238652756119,4.27031028776,-1.27820689381,-5.8124841581,21.300000000000033
436,0.214136261423,-2.61828235084,7.03361491645,1.40440118683,21.300000000000033
437,0.20902464212,4.15653786507,-3.88885149858,0.185882705279,21.300000000000033
438,0.169017960373,2.63321248793,-3.83457749275,-4.61855369918,21.300000000000033
439,0.174937799729,-13.2271021316,-20.1533047826,-6.02641684267,21.300000000000033
440,0.149764247707,-1.70458358545,-4.94834081601,-0.789744168309,21.300000000000033
441,0.980035513292,3.08058636506,-2.64146683447,-1.00602734609,21.300000000000033
442,0.354285276424,1.19629342569,-1.21463139744,-3.07480034765,21.300000000000033
443,0.415024667073,0.705628090871,-1.68183928447,-1.6018937267,21.300000000000033
444,0.113088869403,0.235168478768,0.276804944806,-3.45744965647,21.300000000000033
445,3.02780189784,0.621370066814,-2.39910348538,-2.69516582513,21.300000000000033
446,0.58454989612,0.657071718342,-0.622881274292,-4.40001005916,21.300000000000033
447,0.31220199539,7.42915316883,0.305638946586,2.85951680627,21.300000000000033
448,0.527633828823,6.15617151725,0.311397732959,19.2457652804,21.300000000000033
449,0.138702734087,1.14932744798,-1.49428256746,-2.49411515593,21.300000000000033
450,0.901238697125,1.91610828166,-0.358965721358,-4.97277561198,21.300000000000033
451,0.403428704476,2.70487650643,-0.517816663479,-2.35648368507,21.300000000000033
452,0.307224370862,2.97316308544,4.65703978228,-12.2170240144,21.300000000000033
453,0.419395583789,1.77734660211,-6.38185352408,-3.57789928827,21.300000000000033
454,0.439140477652,1.56323666001,-0.201053702053,-4.42574712292,21.300000000000033
455,0.110335291233,6.10567921312,-5.00179410639,-2.44123478462,21.300000000000033
456,0.323446583934,1.82522102764,-3.63448477565,-3.38456951296,21.300000000000033
457,3.34759501885,1.85415238913,0.220736696034,-3.68446110374,21.300000000000033
458,7.2837801317,2.51517061301,-0.447709255032,-3.73016414714,21.300000000000033
459,0.161803569217,3.80579557076,-0.523299434318,-0.900707218599,21.300000000000033
460,0.292335898836,-0.192173037963,0.328454565668,-1.95121681894,21.300000000000033
461,0.253526702412,3.07665260368,-1.60021339814,-0.369441225362,21.300000000000033
462,0.157512289874,3.37931694087,1.23277463024,0.218064726584,21.300000000000033
463,7.30922101676,1.68327310095,-0.387373543883,-2.12683641389,21.300000000000033
464,0.145472910074,0.891560134572,-1.92606904859,-4.01321557205,21.300000000000033
465,0.382029136068,1.43100960599,-0.949421735023,-2.63935441051,21.300000000000033
466,0.146802788996,1.22826003258,-5.42763541593,5.08456036166,21.300000000000033
467,0.188342396968,6.41444167226,1.44802853185,-5.210264692,21.300000000000033
468,0.118536981148,1.82330412214,0.119628414603,-2.4260142921,21.300000000000033
469,0.117869973639,-0.567174602514,-1.73920390363,-2.54458585988,21.300000000000033
470,0.964974425043,1.00826575984,0.41730216127,-2.49331806163,21.300000000000033
471,0.174806918799,-0.731894257003,-0.567376911515,-5.13237670955,21.300000000000033
472,0.282486771541,-0.0033624803872,0.34886985758,-0.320619373101,21.300000000000033
473,0.272112395201,1.45385422546,0.0534760281926,-2.18832637462,21.300000000000033
474,0.131458652831,2.25987421181,-0.793401524956,-3.74542380739,21.300000000000033
475,0.180305754496,2.70873417761,-1.28489821815,-3.57047355141,21.300000000000033
476,0.164362672081,-2.81677308206,-26.1728474071,0.480577234789,21.300000000000033
477,0.338618383483,2.39108658426,-11.0317827901,-9.99962053116,21.300000000000033
478,0.305185410854,-4.00368489803,-3.82785277023,-12.5271904019,21.300000000000033
479,7.01575834774,2.40677136206,-6.10834870927,7.72798400522,21.300000000000033
480,0.647773909162,3.02551207461,0.735708490814,-0.575637677265,21.300000000000033
481,0.329958579557,1.71638882997,-0.838208419766,-0.251890023539,21.300000000000033
482,0.632654150684,2.33582663025,-6.82790985242,0.501625080101,21.300000000000033
483,0.498956530508,4.10654232143,-4.05199401507,1.7403783499,21.300000000000033
484,0.126676170627,2.03663231175,-1.286235029,-0.212589141309,21.300000000000033
485,0.847380060339,1.84688188147,-1.16005698496,-0.518028722928,21.300000000000033
486,0.10985239981,5.15441081121,4.06834028014,-11.5847843894,21.300000000000033
487,0.1135885187,0.180421406992,-0.217801940503,-4.09476293353,21.300000000000033
488,0.14042596929,0.134853324216,0.349807224458,-6.74446253922,21.300000000000033
489,0.209046313061,-0.809822078956,-0.158228225596,-2.80059226563,21.300000000000033
490,0.623017981663,2.04572634757,-0.231305352322,0.173917942765,21.300000000000033
491,0.54024950927,9.0293938309,4.89513222287,0.204034372004,21.300000000000033
492,0.277344760794,5.50247668732,23.0455589961,11.9572526024,21.300000000000033
493,1.11042580924,1.96488055008,-0.965529058798,-3.65729288883,21.300000000000033
494,0.493503809737,-1.44782882126,-1.17496832044,-2.97895517068,21.300000000000033
495,0.122194249024,1.3401880061,-1.43451284455,-5.5016552524,21.300000000000033
496,1.71257863331,0.982989604118,0.316992961903,-2.78972314033,21.300000000000033
497,0.185281894852,0.108026750767,-0.152132701215,-3.56369311899,21.300000000000033
498,0.138795268258,1.56252772389,-1.01521843309,-2.17240438053,21.300000000000033
499,0.14987423648,0.785463284443,-3.24418335168,5.33805756299,21.300000000000033
500,0.265492529793,2.08633656613,-1.29565609794,-3.09561005013,21.300000000000033
501,0.181807599933,2.41057383777,1.0680852288,-4.21065043025,21.300000000000033
502,1.1057756034,-1.77831286076,-7.8916056107,-2.53573371115,21.300000000000033
503,0.345194553847,0.984512203578,0.12574504301,-0.449677477987,21.300000000000033
504,0.312343511995,0.827855353196,-2.14282833727,0.371745689626,21.300000000000033
505,0.102349253704,6.88663828465,-6.5016168706,-1.31458910209,21.300000000000033
506,0.141983547874,1.20019648581,-3.09363204034,-1.41054932971,21.300000000000033
507,0.163735969448,2.88220312175,-0.360956010314,-3.81315834571,21.300000000000033
508,0.101707096311,-1.16037689348,-5.75141453421,2.10943074575,21.300000000000033
509,2.72036213847,0.518867275728,5.22682536755,-7.47894757719,21.300000000000033
510,0.35754472437,1.2628787689,-1.28919213607,-3.23238659996,21.300000000000033
511,1.25870811423,1.00836203967,-1.55723984815,-4.3165415297,21.300000000000033
512,0.838044505232,0.603913047029,-5.80447318323,0.57513581807,21.300000000000033
513,0.139130958226,7.91838903472,-3.5024043337,10.762448552,21.300000000000033
514,0.333787692647,4.9126750585,-1.63218795813,0.188645153051,21.300000000000033
515,0.110842440145,-18.7616664433,-15.1871347555,-7.32270275625,21.300000000000033
516,0.74438157631,0.953182795539,-2.48460843072,-1.38477595852,21.300000000000033
517,1.48884440337,2.38172497716,-2.66555312767,-1.99132076215,21.300000000000033
518,0.211011111421,0.373210141524,-0.176708752772,-3.09311782316,21.300000000000033
519,0.48290559259,0.854714670241,-1.01695234247,-1.43168669101,21.300000000000033
520,0.415944746238,0.386278398032,-0.120734722184,-3.83743837332,21.300000000000033
521,0.925519043137,5.86720686111,-0.519828517665,-1.74873840513,21.300000000000033
522,0.184284659007,1.78858776153,-0.693762105047,-3.18997601728,21.300000000000033
523,0.127880336421,1.1063052132,-0.975670226715,-3.91015824601,21.300000000000033
524,0.235244913943,2.34100056461,-3.9533882521,-1.51080034008,21.300000000000033
525,0.170308534834,-6.68524386213,-3.37454232862,-3.50685697357,21.300000000000033
526,0.192162610882,-19.2517694895,-15.5350227582,2.69755835406,21.300000000000033
527,0.486729940298,-3.82212660833,-2.95580701194,-6.7395742239,21.300000000000033
528,0.113050812649,2.38622636617,0.345265338885,-6.19140048419,21.300000000000033
529,0.189584877182,0.193392046536,0.0819763314894,-1.86861908776,21.300000000000033
530,0.451042235183,0.957025830446,1.22625650305,-0.0703816970942,21.300000000000033
531,0.487853142635,2.63903924007,-4.68331301611,-15.0541301626,21.300000000000033
532,0.376034961883,1.50884652311,-0.238193238955,-1.36474194148,21.300000000000033
533,0.13074524292,4.1514727014,1.99668731774,-0.893834280296,21.300000000000033
534,1.70911279701,3.64452977586,-0.306678273844,-3.0275481204,21.300000000000033
535,0.113996074831,-0.0131878889718,-2.30603891508,-1.25721813111,21.300000000000033
536,0.556888632319,0.797661274082,-1.19297323881,-2.29798971837,21.300000000000033
537,0.317777603759,1.0257257028,-0.708896558683,-2.10143074512,21.300000000000033
538,0.46255937919,0.418639808793,12.358444296,-6.17195336148,21.300000000000033
539,0.436978494183,0.168319919085,-4.67378984835,-0.426644043232,21.300000000000033
540,0.107288893837,0.680430854893,-3.58807904423,-3.71577833733,21.300000000000033
541,0.106363798049,2.40103498723,-1.13026660601,-4.31164731931,21.300000000000033
542,0.460439914304,-4.05916018427,-4.13556773006,2.0966122603,21.300000000000033
543,0.19682662495,5.72363603557,1.03767246915,-1.87380977982,21.300000000000033
544,0.116041835276,2.83723282055,-0.888278526868,-3.15186529171,21.300000000000033
545,0.160565295156,0.236005430254,-1.10502770633,-1.11322966393,21.300000000000033
546,0.207827078141,1.29840847712,-0.375663193833,-2.93691302076,21.300000000000033
547,0.133370705239,1.39606226512,0.34314151767,-3.11932746104,21.300000000000033
548,0.401406146317,-2.43113622841,2.82557267558,1.59041556666,21.300000000000033
549,0.122932400456,1.61013133478,-0.384264093002,-2.18547549591,21.300000000000033
550,0.137894668002,9.90027522169,-18.023985151,-3.43994626117,21.300000000000033
551,0.18518310453,4.10816042883,-1.52342928241,-2.85376807926,21.300000000000033
552,0.145198913535,4.11274470093,-0.612407273981,-3.44264490993,21.300000000000033
553,0.748608570764,-6.02096245189,2.06455050383,19.8487737956,21.300000000000033
554,0.363040328432,1.25172570205,0.556569832346,-0.654439254162,21.300000000000033
555,0.363658206185,7.21842564608,1.13685598507,0.233890401064,21.300000000000033
556,0.350926124941,0.649875519634,-2.12063473996,-1.38414684057,21.300000000000033
557,0.854939045297,-0.237275070656,-1.89273111625,-0.725461698217,21.300000000000033
558,0.561441142961,1.15690617406,1.17243418284,0.642973414274,21.300000000000033
559,0.10395393277,0.562257228849,-4.73586929797,-1.50911831282,21.300000000000033
560,0.113899373385,1.6409036044,-0.482338595436,-2.37069797393,21.300000000000033
561,0.816918505505,2.1275002596,1.35070938632,-0.539682164648,21.300000000000033
562,0.122190222481,0.89527336217,-0.978565310433,-4.41006477956,21.300000000000033
563,0.344974179152,3.82848946916,-0.93475189239,0.151136119361,21.300000000000033
564,0.550967008219,1.91653902604,-3.93387305883,-0.230758277856,21.300000000000033
565,0.241654734526,-3.89242262252,-1.41788099874,-7.82653845484,21.300000000000033
566,1.41395399708,-2.58892938507,3.11519903257,1.60581529727,21.300000000000033
567,0.12596001743,-1.09617856647,0.152360592275,-2.08977199015,21.300000000000033
568,0.169172104164,2.85871077924,-2.15521815395,-2.07082041057,21.300000000000033
569,0.549414402296,3.20067916779,-3.13064614069,-4.84252016029,21.300000000000033
570,0.105425836158,2.52762072996,-2.91073449321,-3.82672678569,21.300000000000033
571,0.617388422936,5.689041025,-0.431397294905,-3.39730915086,21.300000000000033
572,0.101643067058,-13.9871484083,-5.75359372741,-4.84088581455,21.300000000000033
573,0.975186157482,0.995714246102,-0.231071153533,-3.85219913867,21.300000000000033
574,0.421767042434,1.82946027074,-1.63801762084,-5.3265347125,21.300000000000033
575,0.352139716571,-3.2692946362,-9.96499932617,-18.9476207725,21.300000000000033
576,0.419176670474,2.46095985806,-0.000688596843753,-2.32259959614,21.300000000000033
577,0.102753315077,-0.969604123276,-3.49712975841,-3.04051887871,21.300000000000033
578,0.242484145438,-0.694734870047,3.90178081869,0.67465049945,21.300000000000033
579,0.189065955842,4.78687558965,-5.1837943319,0.269386374916,21.300000000000033
580,0.185364602379,-16.3702518373,8.62283967855,20.1135447641,21.300000000000033
581,0.33606839886,1.29066238785,-0.78623229802,-5.83425541209,21.300000000000033
582,0.106135957767,5.85113064607,4.45258038393,-5.85389507103,21.300000000000033
583,1.21197445303,3.01459011911,-5.23039043611,-0.297621359476,21.300000000000033
584,0.156459103824,0.733555247215,-6.72464269766,-1.74741571478,21.300000000000033
585,4.49434701351,2.44280017137,-6.3739062741,4.74109806316,21.300000000000033
586,0.271541775834,2.07207023612,-0.668395653459,-0.550726818493,21.300000000000033
587,0.205663258131,2.97540144001,-2.91245753089,-1.88297913242,21.300000000000033
588,0.174259603475,5.73514231406,22.5754433987,15.9450858882,21.300000000000033
589,0.450892549343,2.35744078145,0.2207855162,-3.45068656865,21.300000000000033
590,0.247339242463,3.01487275389,-4.02810340276,-4.0382906325,21.300000000000033
591,0.127571946375,-4.59094553649,-0.0316466033394,-1.72546340804,21.300000000000033
592,0.202517899183,2.30358730648,-0.215204931235,-1.18754370252,21.300000000000033
593,0.196141441387,3.90569414295,1.9507119468,-2.0155636246,21.300000000000033
594,0.967024707202,4.11156355379,-0.851363390391,-1.96023619939,21.300000000000033
595,0.133586828278,1.15452019422,0.215901331713,-0.307645022072,21.300000000000033
596,0.631757056941,-0.339107910816,2.2515633727,-4.40771455191,21.300000000000033
597,0.900423296382,1.60435231493,-2.61744577649,-1.93759382747,21.300000000000033
598,0.770639816008,17.8191737245,-15.2938259761,-14.1338093905,21.300000000000033
599,0.203919222774,-0.279032743541,-2.82537971499,-3.98794416072,21.300000000000033
600,0.594005738444,2.13642210298,-1.27483953879,0.707864030007,21.300000000000033
601,0.55147349799,1.04526020304,-0.743856585275,-3.32693697881,21.300000000000033
602,0.106364113914,1.9894346832,-1.77411667395,-4.26117254052,21.300000000000033
603,0.154466449483,2.7190579698,-0.450646346304,-1.5511414219,21.300000000000033
604,0.127629642482,1.91621891392,-0.432197971946,-3.01866235321,21.300000000000033
605,0.33962418397,1.00331982163,-0.599401673181,-3.84613279298,21.300000000000033
606,0.178929553496,1.31778047112,-2.25857442222,-3.93138427805,21.300000000000033
607,0.112452936758,-2.01237788419,7.59776423836,-8.00561779917,21.300000000000033
608,0.38965224656,2.99570030871,-0.740107732541,30.8088346961,21.300000000000033
609,0.206584536447,9.75442131767,7.25025415877,-7.90126798295,21.300000000000033
610,0.301174380971,-0.231690503163,0.791612069396,-5.50253603149,21.300000000000033
611,0.107952936533,0.508716861505,-0.552369371161,0.0589036942678,21.300000000000033
612,0.131247482249,1.53303839434,0.989001877409,-5.87880088971,21.300000000000033
613,0.18074108811,-3.61502405199,-0.978957207402,-0.534040241223,21.300000000000033
614,1.28437542577,-1.24338886392,-29.5784007072,6.30911927225,21.300000000000033
615,0.218776427251,-2.25243887516,-1.40074358425,-0.423711276193,21.300000000000033
616,0.310509576035,2.81747435508,-0.727918099772,-1.3688443721,21.300000000000033
617,0.138175565652,-1.28751729734,-6.25741018109,4.58531134308,21.300000000000033
618,0.13598581021,2.51219839124,-4.70487424619,11.8556373075,21.300000000000033
619,0.231047066659,1.62918889678,0.178162459533,-3.03074049679,21.300000000000033
620,0.235854847844,5.38538025283,2.2000967756,-4.80815213569,21.300000000000033
621,0.32752189631,-2.29569965414,1.07945859199,-0.443932922143,21.300000000000033
622,0.16441405097,3.04621280835,-0.772455105527,-3.35570230326,21.300000000000033
623,0.103961234512,1.93336791781,1.16952554719,-4.90338094479,21.300000000000033
624,1.26691068369,2.43127650495,-2.51447720938,-2.60535686318,21.300000000000033
625,0.24254383462,11.617275643,0.0867833700115,-17.0333191578,21.300000000000033
626,0.13574838045,1.89934497408,-0.624689606244,-2.67677701761,21.300000000000033
627,0.368259789511,1.5622711814,-3.49668719495,-1.77516610828,21.300000000000033
628,0.492101447058,0.902256576765,0.812738062203,-1.60890513736,21.300000000000033
629,0.111583195923,3.59480216602,-0.585544711839,0.994358689149,21.300000000000033
630,0.646442344499,7.60373636542,10.4239935041,14.6251581973,21.300000000000033
631,0.175873858078,12.2286585686,7.26796550789,-0.520865316238,21.300000000000033
632,0.29104546551,3.78248295946,3.54666366791,-0.479328751923,21.300000000000033
633,0.243823587943,0.945323480639,2.6992649155,-1.46371236137,21.300000000000033
634,0.225293992954,-6.27220710756,-0.106231034187,5.60893145054,21.300000000000033
635,0.11888364792,1.97854976292,0.959838575593,-3.18606184553,21.300000000000033
636,0.194778203569,17.3520117942,-5.97657472795,1.8696041225,21.300000000000033
637,0.385767278304,0.608543857406,4.51756262734,5.86188028942,21.300000000000033
638,3.25904316426,-2.5862462622,-5.58565118722,-3.34746325227,21.300000000000033
639,0.177792095628,2.16395437576,1.14190349983,-4.33964304398,21.300000000000033
640,0.259604071124,1.55622043547,0.733173777782,-3.99738290135,21.300000000000033
641,0.188681926516,0.357478191837,-0.118875300372,-4.84343584015,21.300000000000033
642,0.262893723489,-3.70178851716,-4.05704381867,12.7766263657,21.300000000000033
643,0.145335323233,2.74136689698,-0.506598936749,-1.98417189909,21.300000000000033
644,0.702525692966,1.1267772684,-1.92382848584,-3.33688389986,21.300000000000033
645,0.109243793137,2.33936983511,-2.29820778736,-5.93666836989,21.300000000000033
646,0.890256647264,3.90445317667,-2.93623088698,-3.93976472578,21.300000000000033
647,0.121440217235,2.74079823587,4.83382125449,-7.66002141582,21.300000000000033
648,0.176618036517,1.18286391854,-1.04996784934,-1.98596278892,21.300000000000033
649,0.153346174328,1.02122222354,-1.59504092792,-1.06723435063,21.300000000000033
650,0.451395716148,-9.4509890027,-5.22339856632,-12.2110577565,21.300000000000033
651,0.122869807759,1.67376835687,-0.589200912471,-5.59953696715,21.300000000000033
652,0.142908090284,2.25396672193,0.197875183285,-1.34128730072,21.300000000000033
653,0.457584924841,2.59620314921,-5.29102543584,0.519716464751,21.300000000000033
654,0.115804510612,-2.01363342703,-4.36529008985,-0.12905358038,21.300000000000033
655,1.14490443152,2.05521085676,-1.720714818,-2.81005963277,21.300000000000033
656,0.323741558906,1.25753680457,0.988858620113,-3.2338595401,21.300000000000033
657,1.45493283569,1.97241570391,-0.67592043259,-3.66112748524,21.300000000000033
658,0.554083875671,1.73757278214,-1.42318741836,0.117024257269,21.300000000000033
659,0.369463580673,0.962414580627,-0.774596026101,-1.7953035244,21.300000000000033
660,0.185534125317,-0.788924677594,-1.15470077908,-3.43806250732,21.300000000000033
661,0.682378469089,0.606830692783,-4.34458974686,-3.36006353499,21.300000000000033
662,0.205709329911,2.52120021042,0.279931852015,-2.74459401286,21.300000000000033
663,0.352293569915,-2.93122321946,-4.04801396566,-7.24643757433,21.300000000000033
664,0.173766042875,-16.1223292723,13.0761581408,3.38607558165,21.300000000000033
665,0.143499273902,1.92837644908,-1.66544837323,-2.74055360842,21.300000000000033
666,0.486211722363,2.65267865177,-3.41537176934,-6.36041790809,21.300000000000033
667,0.11290912463,2.00973183642,0.774453299619,-2.64071151748,21.300000000000033
668,0.374311359178,1.69561405416,0.206479156739,0.656926427354,21.300000000000033
669,0.707114643977,1.73985286421,-1.04723256385,-1.53297271247,21.300000000000033
670,0.107640704404,3.22339971067,-1.40727912131,-6.43170395025,21.300000000000033
671,0.601861577723,0.0439405940002,0.223526358556,-4.76786182345,21.300000000000033
672,1.05156420634,1.46760015575,2.30008269858,-3.09664300206,21.300000000000033
673,0.148946000832,-29.8018983445,-8.03472461662,10.8975815806,21.300000000000033
674,0.54573019537,-1.59029159212,-5.24562800123,5.92670506176,21.300000000000033
675,0.550593453482,5.75584189336,-19.1933163218,7.1206299254,21.300000000000033
676,0.604432663206,2.16254773845,-1.53507283632,-0.15824241099,21.300000000000033
677,0.108073061688,-0.881089545733,-1.23355154706,-1.34256856591,21.300000000000033
678,4.45348584015,0.208537987853,-0.814198792821,0.297569461586,21.300000000000033
679,0.351783309978,2.54854864624,-0.69957364729,-3.92811244508,21.300000000000033
680,0.284420085133,1.58039521048,-0.687310453685,-2.2297318389,21.300000000000033
681,0.150260144352,0.866009105888,-2.45817260923,-1.90038572313,21.300000000000033
682,2.22775961365,-13.3978113348,2.24106430731,-3.62141375784,21.300000000000033
683,0.385600876778,2.78823564161,-0.530163312458,-1.92988288706,21.300000000000033
684,0.612902611227,0.708811792145,-0.278578389398,-3.07680852229,21.300000000000033
685,0.124749586278,1.73399859495,-0.960982214266,-3.57192581134,21.300000000000033
686,0.139109540854,1.40208976156,-0.830931581561,-1.46994514506,21.300000000000033
687,0.561961555951,20.9790633419,3.91793432518,6.50270220676,21.300000000000033
688,0.748887506312,0.992314321746,-0.8519684702,-1.70112529986,21.300000000000033
689,0.237424480629,2.34332355908,1.70083364866,-3.07179011865,21.300000000000033
690,0.361521347652,0.939855609452,-2.36633275136,-5.89057918238,21.300000000000033
691,0.403070435498,2.04429552051,-0.0803491421215,-2.89098647137,21.300000000000033
692,4.48856760294,4.51448474958,0.605062104128,-2.75407432703,21.300000000000033
693,0.399582997258,0.735595640977,-1.26544978819,2.76020733423,21.300000000000033
694,0.1802043547,5.85704293144,-3.87517740867,20.0425401512,21.300000000000033
695,0.128130294903,-7.31916401936,1.37296083779,-7.36984245888,21.300000000000033
696,0.152306303271,1.00820259977,-1.26188323106,-3.99428418915,21.300000000000033
697,0.16893721679,-1.39463488725,-3.78874363311,-2.91537133948,21.300000000000033
698,0.151003686372,2.57167415191,-2.16475399827,-1.4530428232,21.300000000000033
699,0.421639603327,-11.078333783,-23.7535583089,-0.808377388729,21.300000000000033
700,0.1030229976,0.801599126682,0.48506173196,-4.23355255909,21.300000000000033
701,0.105271296109,2.06833896873,-1.59297513344,-3.88503966579,21.300000000000033
702,0.453926891162,-9.94939800989,-7.31721370445,-12.3958338896,21.300000000000033
703,0.602836341297,4.00513792492,-8.62524610439,4.33214585084,21.300000000000033
704,1.13532000918,3.81036404348,-4.81997787463,0.986608403899,21.300000000000033
705,0.513472046439,2.71241131179,-0.264842062336,-2.50773467402,21.300000000000033
706,0.443541145816,-0.945057565411,1.29330250742,-3.3231087544,21.300000000000033
707,1.34428501341,0.219166883635,0.48615072854,-3.94305923196,21.300000000000033
708,0.198602566842,2.7935300054,0.178712850445,-2.92475246383,21.300000000000033
709,0.162186857347,2.70041760195,-0.551778573719,-2.26085844204,21.300000000000033
710,0.373072814475,2.4563865413,-0.869961066019,2.10812298819,21.300000000000033
711,0.339345883484,1.82538837198,-1.28880220671,-2.98944961893,21.300000000000033
712,0.147388911263,2.32005003047,0.796579291245,-4.07818322787,21.300000000000033
713,0.177518626982,0.32858604972,-1.28779902642,-1.7094140978,21.300000000000033
714,0.126041288047,1.63111603783,0.756456523801,-1.09281387309,21.300000000000033
715,0.46653493863,1.79652788853,-0.670191159231,-2.13270154993,21.300000000000033
716,0.342201584403,-0.110221799249,0.964017339046,-4.77187262781,21.300000000000033
717,0.164509863056,4.10240037514,-1.15426519243,-2.88684502263,21.300000000000033
718,0.537044296623,3.05210344297,-1.07009296115,1.13086676138,21.300000000000033
719,1.22645836595,2.28420326633,-1.19983240766,-2.04229147473,21.300000000000033
720,0.385881788266,-1.89177550169,0.513187818154,-5.76761200835,21.300000000000033
721,0.276624314011,1.62723628437,-2.04057081406,-3.99261261881,21.300000000000033
722,1.05946687953,0.466498806993,-3.3507421936,-0.462616307076,21.300000000000033
723,0.104411882444,1.77778118333,-0.913411348053,-4.76503971196,21.300000000000033
724,0.108131230753,2.68565615678,-1.38751795711,-3.23039615161,21.300000000000033
725,0.272821190323,10.8298236342,-2.02796704672,-2.55935525284,21.300000000000033
726,3.82807005412,0.597893276524,-0.0649224963711,-1.93538283877,21.300000000000033
727,0.122775888315,-1.38390785515,0.801837328553,-3.4714497304,21.300000000000033
728,0.136101696132,3.27488165714,1.32271784498,-1.01290144647,21.300000000000033
729,0.669094114112,7.58337432671,-21.5294984039,0.00447303145953,21.300000000000033
730,0.946554080095,3.7369604933,-0.445734263975,-2.39115034992,21.300000000000033
731,0.879182679133,2.67429589246,2.46020268605,-1.35683371541,21.300000000000033
732,0.161428320858,0.588382780605,2.35178117444,1.38807662621,21.300000000000033
733,0.204007185394,-0.663265926086,-0.686924463846,-2.04654609071,21.300000000000033
734,0.480051685212,1.1179660456,0.0891378805969,-3.69606032776,21.300000000000033
735,2.92517632172,0.708702538637,-2.14599144986,-2.48940671603,21.300000000000033
736,0.201155712913,6.43839672464,2.82672230409,-10.5551181842,21.300000000000033
737,0.264374549286,2.78062265079,0.149785911368,-7.06396372007,21.300000000000033
738,0.465485475889,2.02268669817,-1.35447099984,-2.16718090549,21.300000000000033
739,4.46605645047,1.85179343489,0.860413568321,-3.23270182739,21.300000000000033
740,0.413874878724,3.06470313289,-1.73815275569,-1.48916062729,21.300000000000033
741,0.324230025713,0.0659794696017,-1.91920273077,-5.47553699256,21.300000000000033
742,0.536318448594,4.71198525016,-10.8516751231,-6.3801111091,21.300000000000033
743,0.243363087932,1.6903816007,3.17637470443,1.18725860394,21.300000000000033
744,0.173520980876,3.14668679745,-0.452353499479,-4.44738601202,21.300000000000033
745,0.244806870783,0.657845233797,-2.24910518908,-2.6382948335,21.300000000000033
746,0.398311262376,-3.12971189616,-6.03246226929,1.58817509113,21.300000000000033
747,0.280407251559,-4.07246755365,-1.45963301094,-3.97620205105,21.300000000000033
748,0.209682182562,0.428796419889,0.460027951125,-3.22843802806,21.300000000000033
749,1.14749408479,1.12143565252,-2.1888966184,-2.75754911789,21.300000000000033
750,0.472410280078,-3.22089115275,0.393372870126,0.75889115668,21.300000000000033
751,1.88912707485,0.486048758366,0.0825763969822,-2.99382306808,21.300000000000033
752,0.303669969095,-0.256703474805,2.64415301559,-1.44187664751,21.300000000000033
753,0.417255086433,5.78800593992,1.31937737011,0.803871095031,21.300000000000033
754,0.371559276366,3.11143734828,-0.682067364887,-2.15752022518,21.300000000000033
755,0.248244479074,0.711562681531,-0.624540150678,-1.76826966035,21.300000000000033
756,0.187497857872,0.852984744014,-2.09882900356,1.31970864121,21.300000000000033
757,2.95124762972,0.7055312536,-0.025779894059,-2.67324415055,21.300000000000033
758,0.602000273773,2.95800660957,-0.339181847478,-3.42831269451,21.300000000000033
759,0.339296007712,1.31528143481,-1.85021101491,-2.63526664576,21.300000000000033
760,0.275960358293,-2.38113958699,-0.451994718962,-0.771582724167,21.300000000000033
761,0.118283437238,-1.09093291601,-1.18947445258,0.722568097518,21.300000000000033
762,0.123581429411,15.6156309855,-3.88052100776,-16.5878934082,21.300000000000033
763,0.177686991264,2.63924366394,8.42752100503,-13.3831353214,21.300000000000033
764,0.439049586077,1.66230993165,-0.110991526724,1.2737333057,21.300000000000033
765,0.346427278116,1.70087863046,-0.477820485841,-4.13710263454,21.300000000000033
766,0.235050635898,-1.52317986484,1.89378696782,-2.16339997044,21.300000000000033
767,0.44381193173,-0.88220449561,14.7156326414,9.47464378553,21.300000000000033
768,1.9551077365,12.2359438759,-11.3019486738,2.63247165772,21.300000000000033
769,0.279018292778,1.77596615888,18.9279504824,-6.05322238816,21.300000000000033
770,0.356048312995,0.984526608688,1.71674386268,-4.27295836024,21.300000000000033
771,0.105689138171,4.91505224907,0.707339480972,-1.56554283209,21.300000000000033
772,0.468058513266,2.89948785945,-2.20133212238,-4.88125052513,21.300000000000033
773,1.96290193025,3.2301919035,2.37562986176,-5.61167503446,21.300000000000033
774,0.604030146414,0.720133240087,-0.830995007672,-2.38354969221,21.300000000000033
775,0.257071499375,1.59639216301,-3.32447137249,-11.0166826435,21.300000000000033
776,0.464012799182,-9.74931552633,2.66137787466,0.0628086936382,21.300000000000033
777,0.460816939238,4.60274010424,9.53681389216,-4.97424215379,21.300000000000033
778,0.531107124089,12.1963676404,0.37798554366,-7.9593539476,21.300000000000033
779,0.210822387299,1.64138496837,-3.87884520132,-0.467534946552,21.300000000000033
780,0.945418923647,3.68292856463,-0.0834840111419,-2.49791838574,21.300000000000033
781,0.259684735015,2.86479912256,-8.08049051664,-10.4760818327,21.300000000000033
782,0.559260823368,22.483902842,9.43723956081,2.09849675556,21.300000000000033
783,0.990160469855,2.69123076971,0.102278415807,-0.326529233746,21.300000000000033
784,0.121389276814,0.562600435694,-2.39128102464,-2.17140202379,21.300000000000033
785,1.00823981661,2.53547222746,-1.08449187791,-4.07430476815,21.300000000000033
786,0.119774592022,-0.313866143046,-2.89677987845,-3.89016962835,21.300000000000033
787,0.446897808499,0.636273756307,1.27495046393,-2.08544749743,21.300000000000033
788,0.338182021778,0.646892557538,-0.180741484426,-1.80249705851,21.300000000000033
789,2.07126921867,-0.544763326203,-0.598959782045,-1.85774123758,21.300000000000033
790,1.11696992335,1.33961949936,-0.38616450078,-5.76051709117,21.300000000000033
791,0.305682645065,5.26873852086,-16.5974084574,7.69989196208,21.300000000000033
792,1.19230570176,-1.91233577401,-4.2477286518,-3.67080517382,21.300000000000033
793,0.124882740387,0.648663248035,-1.70965495038,-5.17328865478,21.300000000000033
794,0.215240159786,-11.1172621843,-4.93259008962,1.6593426112,21.300000000000033
795,0.217017821907,3.60512885069,-0.366893582033,-5.4560744038,21.300000000000033
796,0.116656025747,-1.40927310678,-1.0345299784,-4.26944507241,21.300000000000033
797,0.785955779997,2.76448019937,2.77144610529,0.297837099535,21.300000000000033
798,0.545282154306,0.661228886558,-1.72296164048,-2.60780222184,21.300000000000033
799,0.541399139253,0.295241603566,-1.67736130413,-3.34088432622,21.300000000000033
800,0.992723440623,-2.23578974261,-1.25808481742,-4.11069743047,21.300000000000033
801,0.104243976756,-0.369387221069,-4.1822350297,-2.43892866657,21.300000000000033
802,0.148999468713,-3.89763595317,-1.85778654825,-0.633963913561,21.300000000000033
803,0.165206526898,0.909792992935,-1.32446811744,-5.56923547015,21.300000000000033
804,0.60280546683,3.89193932612,3.59427330439,-3.1908431325,21.300000000000033
805,0.117109147764,0.987579313932,-2.48785509248,-7.37840257112,21.300000000000033
806,0.203708569283,0.0314451366064,-1.61677350141,-1.59191233278,21.300000000000033
807,0.248107072084,2.46730079542,-1.25542247671,-4.13007950552,21.300000000000033
808,1.67495842307,-8.40676332787,-8.74768748118,-18.1825680508,21.300000000000033
809,0.222709462284,2.09689811161,-0.256488555876,-4.21627444205,21.300000000000033
810,0.30476487706,-1.89668273671,6.45937953521,7.34395023327,21.300000000000033
811,0.665940811551,0.11675648069,-1.00316667202,0.593031877432,21.300000000000033
812,0.329099303908,0.108908014935,-7.3798540222,-1.55992991659,21.300000000000033
813,0.203089417101,2.0830740173,-0.511606151212,-2.14172329671,21.300000000000033
814,0.109642651103,-13.8414109721,-8.33747542499,13.578936789,21.300000000000033
815,1.28987958082,1.59724429725,-2.08495465516,12.8584595939,21.300000000000033
816,1.04966777001,2.28510669199,1.2470739182,-0.115379246119,21.300000000000033
817,0.394314253066,10.7739434896,-1.64099805231,-3.09990480645,21.300000000000033
818,0.671122370253,1.68911505445,0.276018033153,-1.12669158225,21.300000000000033
819,0.432576494302,2.05956648088,-2.60069169232,0.793177396913,21.300000000000033
820,0.300011239586,12.0915476867,2.73021875835,-7.58394795065,21.300000000000033
821,0.107823745872,2.79542375999,-1.85356949475,-3.0328654138,21.300000000000033
822,1.59153854982,-3.90958817304,3.09630000258,-8.34070683423,21.300000000000033
823,0.516226610771,1.97877853792,-0.89413823714,-4.3714144491,21.300000000000033
824,0.180163899774,-4.66383093168,18.0478747778,-2.62634737239,21.300000000000033
825,0.151780680202,-1.76450953684,1.4554208796,-1.53623799459,21.300000000000033
826,0.114687818226,1.82035232444,-0.945374419282,-4.00631610525,21.300000000000033
827,0.39706507116,0.975676623372,0.231900130344,-7.04158507891,21.300000000000033
828,0.24404998974,1.34134459204,-0.712042065079,-2.85069253225,21.300000000000033
829,0.322837945882,2.25113483887,-1.9460069937,-2.11736916673,21.300000000000033
830,0.633955432276,-0.815034274318,-0.138247780602,-0.770074194368,21.300000000000033
831,0.416457664698,0.763649775088,-0.186494423831,-7.82798526109,21.300000000000033
832,1.33417785022,0.219821705434,-4.13444605984,-19.3930645942,21.300000000000033
833,0.660619892936,-1.61987474975,-0.0152481258879,-5.78274772481,21.300000000000033
834,0.332036927592,0.849916167712,-3.92809756097,-3.40723299699,21.300000000000033
835,0.237744568186,2.9971136454,1.19273328406,-6.99674523073,21.300000000000033
836,0.150668849043,-4.46039311018,4.17658804631,-1.63545200461,21.300000000000033
837,0.487583484346,-8.379093963,-5.85885299019,2.94543193426,21.300000000000033
838,0.137077789259,3.44748897532,-0.607797033937,4.52195011234,21.300000000000033
839,0.414222146913,0.401150239366,1.04368266057,-1.44838327542,21.300000000000033
840,1.86449717688,0.492410706945,-2.41283190643,-2.32703371812,21.300000000000033
841,6.18452204961,1.71918802856,-1.49384700763,-2.69257455335,21.300000000000033
842,0.232871376107,1.04400945413,-0.140289162895,-6.3062021859,21.300000000000033
843,0.44310034121,1.31288141668,-5.53387325921,-2.28865675158,21.300000000000033
844,0.726333902689,1.38953246138,-4.31544805204,-0.78621184631,21.300000000000033
845,0.175833311074,1.42073339013,-0.431116558125,-4.88701309442,21.300000000000033
846,0.11771003155,0.225624666297,0.45592979051,-3.09076670781,21.300000000000033
847,0.366046425962,-2.64916879254,-2.04371039533,-10.7143405975,21.300000000000033
848,0.779085926005,-4.63237396291,-4.17134550378,-8.15156698433,21.300000000000033
849,0.142834357578,0.103209928679,-4.41152577622,-12.7270291175,21.300000000000033
850,0.109911530901,1.47141378495,1.01912855724,0.740366563654,21.300000000000033
851,0.225850932181,4.85761371701,0.576252641558,-0.820159279184,21.300000000000033
852,0.319964274185,1.47449378784,0.190413887733,0.700400270231,21.300000000000033
853,0.468478251747,3.98968444249,1.88349389693,-1.17880460322,21.300000000000033
854,1.06356654776,2.60347209547,-0.670247600248,-2.64406049336,21.300000000000033
855,0.561831456915,5.51211809444,9.09470133499,-13.865204435,21.300000000000033
856,0.911620442654,3.97394337686,4.88060751629,-7.9389228745,21.300000000000033
857,0.281602279464,2.12451225428,-2.33953203648,-1.88750964688,21.300000000000033
858,0.241326269785,2.26242390413,-3.15986013222,-0.884307011383,21.300000000000033
859,0.483023979582,2.36443131632,0.118768468823,-0.804889844972,21.300000000000033
860,0.45993286012,2.29698572944,0.543042217946,1.02256212149,21.300000000000033
861,1.37872645306,1.93883906431,-2.37126288309,-3.03289867821,21.300000000000033
862,0.179470317064,-0.875786424533,-1.26151997137,-3.77400950452,21.300000000000033
863,0.164776753503,0.656714780811,-0.0568696081892,-3.47051108929,21.300000000000033
864,0.167228753574,1.37409939681,2.5287115582,-2.29378348205,21.300000000000033
865,0.108296271267,5.33989314418,5.33237593022,5.04457405847,21.300000000000033
866,0.346619783331,6.00145646396,1.71515642375,-3.17715306493,21.300000000000033
867,0.32794025651,0.360812891307,-0.23853578607,-2.96901052575,21.300000000000033
868,1.41553679176,-1.63739066374,-2.04762960758,-6.6350179635,21.300000000000033
869,0.380371855343,5.38577477112,-1.4714210731,-1.8421387373,21.300000000000033
870,0.127536043621,3.19005351566,-1.49204325387,-2.28578575155,21.300000000000033
871,0.167090042055,0.54831424878,0.809485942681,-2.10738499167,21.300000000000033
872,0.331200745523,15.0657921349,11.159516731,-5.45293129749,21.300000000000033
873,0.103557424924,-6.83885320361,-0.553521355633,-5.36581793644,21.300000000000033
874,6.02565951848,1.8772636485,-0.928556658967,-2.30630066117,21.300000000000033
875,0.312996901007,1.80496868153,0.748656220586,-1.28687425034,21.300000000000033
876,0.162747589079,1.71008994007,-1.91275056873,-2.92430535695,21.300000000000033
877,0.568034771572,3.7975667601,-0.0393890505979,-6.94364938572,21.300000000000033
878,0.155462552617,0.853159787757,0.344524438746,-2.44456693151,21.300000000000033
879,0.429160041116,0.395598997911,0.109265703454,-1.1847131756,21.300000000000033
880,0.440095791817,-0.395424289357,0.482020838982,-2.13190431249,21.300000000000033
881,1.31439771138,2.70126932938,-0.56306644561,-3.54476381994,21.300000000000033
882,0.109214668441,1.5648553805,1.13010158143,-2.51634879152,21.300000000000033
883,0.212413095254,2.43171615331,-0.361578989414,-3.60717475818,21.300000000000033
884,2.95620075242,2.1832704388,0.941530031885,-4.9945875802,21.300000000000033
885,0.147339499841,-0.534326181669,-0.0149851681431,-7.35955254454,21.300000000000033
886,0.990469269566,-19.3719900234,2.05932770348,7.01726358462,21.300000000000033
887,0.822803383772,9.87954747606,-9.8262373481,10.2283595407,21.300000000000033
888,0.128712235992,1.40514275727,-2.13817352014,-4.33557152367,21.300000000000033
889,0.321695485514,0.848810270866,-13.7236736365,-8.48065589716,21.300000000000033
890,0.562424058764,3.53840827762,-3.88689659885,-0.840905202504,21.300000000000033
891,0.168171726538,-7.42652853392,20.2854468761,-0.667517760385,21.300000000000033
892,0.981439778888,1.68551712607,0.604848519085,-3.27553705045,21.300000000000033
893,0.898041476782,-5.15959682309,3.95738160194,-9.03079419067,21.300000000000033
894,0.675512182886,1.34220503989,-11.0293324808,-3.15123551042,21.300000000000033
895,0.305347080676,3.73704583086,4.44187901628,-2.57340674929,21.300000000000033
896,1.38163435522,2.55694935593,-1.84499049241,-2.39855333294,21.300000000000033
897,1.41524279542,0.604594704728,0.59488523283,-1.30536179844,21.300000000000033
898,0.520985514388,1.85273774901,-2.94747984265,1.00382779646,21.300000000000033
899,0.310704502759,3.2660033576,-1.73740631847,-3.07342463315,21.300000000000033
900,0.228515061288,0.121510806756,-0.72328175807,-0.114641802729,21.300000000000033
901,2.4274364332,2.63777964952,-0.934946434068,0.349482965261,21.300000000000033
902,0.165985748195,-3.48935379496,-3.15244943001,-4.33878778957,21.300000000000033
903,0.13632303937,1.80618481329,-0.2185723587,-4.66133255214,21.300000000000033
904,0.375802825486,4.7812255224,3.12186216552,-6.79346411004,21.300000000000033
905,0.542558963274,0.67423408459,-0.600902111902,-0.831844966361,21.300000000000033
906,0.118859588256,5.12684827601,1.00541029087,-3.0112179742,21.300000000000033
907,0.127199805111,4.1270988713,-4.16032979099,-1.9305388348,21.300000000000033
908,0.203554674986,0.356243935757,-3.38122676666,-2.91636918124,21.300000000000033
909,0.136361137854,2.38559506366,-0.802710089574,-4.50584679171,21.300000000000033
910,0.31305499905,-1.50002862209,-1.34264349125,-6.15759102201,21.300000000000033
911,1.08686938334,1.26643964512,-0.949754328476,-3.4257644375,21.300000000000033
912,0.21664443536,2.02299012248,-0.761769431802,-1.93847419586,21.300000000000033
913,0.108289166921,5.014317545,1.42797372031,0.399104803681,21.300000000000033
914,0.198860096019,0.13613673987,1.26759418719,-1.86474213854,21.300000000000033
915,0.433920720887,4.9001908085,1.40149542416,2.28371777104,21.300000000000033
916,1.00898120329,2.20163043579,-0.930301198238,-3.51961208979,21.300000000000033
917,0.246365351791,1.86288980905,-0.257362146771,-4.69661480809,21.300000000000033
918,0.495955933249,3.02768260601,1.59771849523,12.1973328933,21.300000000000033
919,0.160829382091,2.57834514112,-2.69308760283,-3.09460839182,21.300000000000033
920,0.292907316769,-4.85928631546,-2.39722351249,-10.0630182758,21.300000000000033
921,0.748700040757,10.0968646375,4.20550035885,-21.8040711063,21.300000000000033
922,0.551875863185,0.0915143668153,1.91476264,3.72530951564,21.300000000000033
923,0.624083313091,2.56769640017,-1.57150564858,-3.22760301385,21.300000000000033
924,0.782490944926,2.85154999882,1.85733514753,-4.59912169025,21.300000000000033
925,1.48291658882,0.0367683417354,-1.41067350806,-0.980594122209,21.300000000000033
926,0.21878081636,14.1197468017,-19.5700021193,-5.83628226232,21.300000000000033
927,3.06722121637,-4.57296125025,7.18687826412,-4.08761620885,21.300000000000033
928,0.86862157557,9.36133584311,5.9594074581,-6.85680717846,21.300000000000033
929,0.144967304252,-1.10115055158,3.56315170832,-1.9925342099,21.300000000000033
930,3.11026333844,-2.55390924503,-4.12223277553,-4.41271353875,21.300000000000033
931,0.292984208789,2.72185182392,-0.702585729824,-1.86775641012,21.300000000000033
932,0.381960457596,3.85983559904,-4.01359653738,-2.46280836199,21.300000000000033
933,0.300693204247,-0.854657904843,-0.0223903325972,-4.10256063452,21.300000000000033
934,0.789167174289,1.42950448785,-1.7183002485,-3.39649028335,21.300000000000033
935,0.842831268929,1.36349373823,-1.0406598364,-3.14180319019,21.300000000000033
936,0.282059712763,8.99842937176,-1.96629639344,10.668497946,21.300000000000033
937,0.562149765441,15.1388665479,2.36894820367,-6.10336956018,21.300000000000033
938,9.34786727541,1.07279731553,0.273153145235,-3.65003509873,21.300000000000033
939,0.143527630701,2.35530395576,-0.271690241728,-2.52866707967,21.300000000000033
940,0.126570769559,2.11279990021,0.278564394716,-3.8835322465,21.300000000000033
941,0.190005329551,2.51827539695,1.34543510229,0.545264274765,21.300000000000033
942,0.149410788568,0.465374304146,0.0393811750903,-6.09223083347,21.300000000000033
943,0.398979733071,0.327280100054,-0.714132960008,-2.83580118038,21.300000000000033
944,0.488050279751,1.43447932231,1.45766452385,-5.53450469193,21.300000000000033
945,0.391269407951,-2.62931813838,1.70135709804,-3.51766566709,21.300000000000033
946,0.184511233241,4.65034460894,6.6018054605,-1.72124078119,21.300000000000033
947,0.286638214492,3.64312972799,1.09360760119,-1.9371380682,21.300000000000033
948,2.2511891873,-0.77294613044,-5.14117962118,-8.32339821399,21.300000000000033
949,0.200309655854,1.71185205757,-1.81461887893,-2.69322615466,21.300000000000033
950,0.143974957301,0.0255758102401,-1.82683236181,-2.92626404608,21.300000000000033
951,0.173509147892,-0.216043616509,-0.680819008889,-2.8841820507,21.300000000000033
952,0.254600079677,-1.05843866376,-1.93191413818,-1.77228864496,21.300000000000033
953,0.232684731247,0.838674528723,2.31432500173,-3.88254378018,21.300000000000033
954,0.142985836527,3.38720926098,-2.59111477199,-2.99851528112,21.300000000000033
955,0.509223666639,-0.738350451111,-2.0227035638,-0.508071665714,21.300000000000033
956,0.106367975323,-0.0554629308423,-1.05389049632,-1.5846945853,21.300000000000033
957,0.185302231939,1.73320508018,0.484195791158,-4.04523781469,21.300000000000033
958,0.26735704997,1.53098136078,-1.04451944854,-2.33375233236,21.300000000000033
959,0.266797061943,1.99648391233,-1.33937892676,-4.23194916141,21.300000000000033
960,0.199379076707,0.7650735351,1.10524194808,-2.27088479807,21.300000000000033
961,0.28487404237,15.7828648726,-0.654882845172,6.38755780309,21.300000000000033
962,0.510311723077,-7.55003435338,-11.1212728762,1.58724301288,21.300000000000033
963,0.293155539835,-0.58288155726,-0.415824490848,-2.03037249146,21.300000000000033
964,0.238019316071,0.732061906319,-0.555743617409,-1.93235000858,21.300000000000033
965,0.326011603935,-18.0222702996,-0.749489892452,1.57669895384,21.300000000000033
966,0.657888071804,4.56826456885,-0.227578291372,-2.67677669793,21.300000000000033
967,0.745755683444,-0.483884499297,0.987049352954,-8.10832064924,21.300000000000033
968,0.251782467471,4.87033610586,-1.61361684871,-2.8323976173,21.300000000000033
969,0.136017805313,1.59705566034,1.62858387149,0.298124134756,21.300000000000033
970,0.305748497402,0.574850361224,-0.791274973992,1.6317663623,21.300000000000033
971,0.2460052099,-0.963663568009,0.432592932652,-3.33340937317,21.300000000000033
972,0.106995753973,2.10878202501,-1.58518292728,-3.72029450569,21.300000000000033
973,0.585849371286,2.17311409142,-1.24803012963,-3.85024749683,21.300000000000033
974,0.13470332655,4.22096797486,-0.103777668355,-8.22829312293,21.300000000000033
975,0.137760495468,1.09888979713,-15.3619539427,-4.46837873285,21.300000000000033
976,0.116498262778,0.125066718349,3.6869703006,-7.11087991638,21.300000000000033
977,0.567512837788,7.37709150923,2.25160502709,-2.13583642922,21.300000000000033
978,0.341415153196,2.85711711885,-1.72307421798,-1.33129150617,21.300000000000033
979,0.125042831169,3.73405532298,-0.644981311393,0.0423028672482,21.300000000000033
980,1.06597534341,4.02480591614,-1.02679526617,-0.322916579701,21.300000000000033
981,0.131595873014,9.86760599292,7.45665083214,-22.0587353748,21.300000000000033
982,0.476786385743,0.200169638739,-0.495412314101,-5.91440084645,21.300000000000033
983,0.106092063066,7.58621969408,-1.07386521652,-4.63487599138,21.300000000000033
984,0.28597412209,1.65876137267,-0.74354127658,-3.53511099965,21.300000000000033
985,0.145216167265,13.1663520452,-8.8449695901,9.07169904259,21.300000000000033
986,0.139263464721,-0.372783509069,1.71093809341,1.72507557937,21.300000000000033
987,0.216194914617,-2.35030898657,-1.05195643082,-5.5116342058,21.300000000000033
988,0.429245444704,6.55902572267,6.78498180154,0.805007939903,21.300000000000033
989,0.116060019595,1.47022937701,-1.234281819,-2.02935220538,21.300000000000033
990,0.448660526893,-4.23856657417,-0.398044879983,-3.49839386248,21.300000000000033
991,0.242653408795,7.66484019537,-0.559445608379,-1.29348233554,21.300000000000033
992,0.667999414934,2.1440688572,-3.13606793401,-0.196837832255,21.300000000000033
993,0.238991161825,18.6619872687,6.36088530439,6.9942804123,21.300000000000033
994,0.743626115425,-0.0421111171369,-1.70207949733,-1.16080022132,21.300000000000033
995,0.165121679935,4.24345476411,-0.99914888489,2.93832760287,21.300000000000033
996,7.87048195538,1.6188933743,-0.453094526272,-2.14095340634,21.300000000000033
997,0.10235870615,3.71062771966,0.816072511489,-2.64504784233,21.300000000000033
998,0.248885332339,24.510425698,-0.19476445493,9.81582968419,21.300000000000033
999,0.100941203476,2.56778202455,1.32720686516,-1.26557044994,21.300000000000033
