Star_ID,Mass (MSun),X (pc),Y (pc),Z (pc),Simulation Time (Myr)
0,0.170737369806,-0.619761292083,6.48091231087,0.769953610846,54.0000000000005
1,0.250263706067,0.91190173178,3.54381934626,-5.3256233299,54.0000000000005
2,1.98762936388,-1.97988029707,3.96933285555,-0.0157391986034,54.0000000000005
3,0.126014912782,0.92216622001,4.70703493399,0.861579867685,54.0000000000005
4,0.175125697809,4.10563079351,10.4276371308,3.87580326032,54.0000000000005
5,0.102080917911,0.231801625677,5.02655819585,2.09892609341,54.0000000000005
6,0.450001191911,-4.44892141056,13.3898751,-11.4264657215,54.0000000000005
7,0.310339523237,-3.02420235888,4.28455902947,-0.613056129343,54.0000000000005
8,0.304699352963,-6.86088967912,5.10989486112,-0.77621055613,54.0000000000005
9,0.102577829276,1.71805281648,5.27075599881,0.0236851368829,54.0000000000005
10,0.284651894368,-4.02169864517,19.38492758,5.95754472834,54.0000000000005
11,0.216043430628,4.04362937693,21.2494926735,-2.820726634,54.0000000000005
12,0.393826733255,1.47877800518,7.37197144456,1.30711422364,54.0000000000005
13,0.356106110839,-1.54032831731,5.74186434414,-4.23300766379,54.0000000000005
14,0.38036736125,1.1373207937,5.37556369081,3.07919496051,54.0000000000005
15,0.267984210567,6.88981731013,1.8719621327,-5.1497509257,54.0000000000005
16,0.343631686294,-2.40294630451,5.76781340691,-3.44980563147,54.0000000000005
17,0.393305173268,-0.350409018309,5.15339119551,0.159855034973,54.0000000000005
18,0.102598732244,-0.228621666748,4.60263610422,2.04652532523,54.0000000000005
19,1.18796071077,0.441182110521,6.49303200164,0.275646389252,54.0000000000005
20,1.21307735334,2.55976381995,0.800006980422,1.43339562784,54.0000000000005
21,0.384604488604,0.515947903352,7.12459022556,1.20306508397,54.0000000000005
22,0.137252968258,-1.73822033629,5.61874452527,-2.11085382418,54.0000000000005
23,0.294460939452,-4.24337782047,9.78330241259,1.13598232868,54.0000000000005
24,0.572698843093,-8.21663796166,7.08165006669,0.0723440547367,54.0000000000005
25,0.262936347877,4.37935805704,5.07047656815,0.707208007338,54.0000000000005
26,0.167167953847,-3.28722427717,-5.49395924759,-9.03953997356,54.0000000000005
27,0.10100984224,-0.648348230112,5.56336075489,-4.8043964399,54.0000000000005
28,0.377846037588,3.72570577625,4.37070548862,-0.565582788656,54.0000000000005
29,0.114467025961,-21.3724535479,-17.3330317598,15.0068969422,54.0000000000005
30,0.440911112366,2.24346092062,6.28324830676,1.00793284758,54.0000000000005
31,0.387298058148,-0.705705769076,5.71989864568,0.169869958121,54.0000000000005
32,0.123426021137,0.667223603351,-1.24699269974,-0.268378066844,54.0000000000005
33,0.137879590996,0.603037973529,7.41577216043,-1.49393821111,54.0000000000005
34,0.484992108942,1.64360842301,5.59567723424,3.5777327261,54.0000000000005
35,0.153921655348,-1.20802123242,7.57039872974,-3.77057102351,54.0000000000005
36,0.303580097093,0.170905380037,4.23246486088,-2.28102478352,54.0000000000005
37,0.119783987667,-0.925400807313,6.34853988432,0.4678003918,54.0000000000005
38,0.227623701909,25.7810154705,15.763160124,0.817287481587,54.0000000000005
39,0.120595862619,0.437707642579,5.73640563657,-0.788692251621,54.0000000000005
40,0.667194160256,-2.54720768218,5.87612274691,-2.27222195323,54.0000000000005
41,0.669618598372,-0.557449143463,6.66503338766,-1.31127020482,54.0000000000005
42,0.101578746152,-0.92054975986,4.09651577867,2.83518643657,54.0000000000005
43,1.23454670045,-1.17624735702,6.05050447675,0.217203096449,54.0000000000005
44,0.516193878825,-0.967605883071,5.92433015016,1.10095655846,54.0000000000005
45,0.626627703803,-1.92710534899,6.04409010741,0.558613593924,54.0000000000005
46,0.123050318863,3.06879952949,3.85678314782,-5.802630523,54.0000000000005
47,0.177615129546,0.218233702256,6.99515891031,0.591290484592,54.0000000000005
48,0.124610338087,1.41477014337,7.54232815144,-0.381569965002,54.0000000000005
49,0.114251696613,5.23709718223,14.3711537663,3.25709082665,54.0000000000005
50,0.511283884833,-16.8630515967,9.94798996481,5.14025869191,54.0000000000005
51,0.499581614798,-5.8306204362,7.88005069633,-4.90636317917,54.0000000000005
52,0.111080989018,-1.66175412842,4.52156960279,1.68288711705,54.0000000000005
53,0.298809862811,-4.09355940868,4.52043949583,-4.92763442093,54.0000000000005
54,0.368611441443,-0.0460864439085,4.39617728533,4.35285636534,54.0000000000005
55,0.996679837882,0.162020717116,4.03492393193,1.16870755852,54.0000000000005
56,0.229451255778,-1.28949642365,4.74150273779,0.797772921312,54.0000000000005
57,0.924297240225,-0.698077924196,5.36837053922,0.137955648561,54.0000000000005
58,0.122870889142,1.88420466435,5.34511059029,4.89011649828,54.0000000000005
59,0.114133201066,-1.59506115932,5.92840200769,1.11576722211,54.0000000000005
60,0.251304909054,-2.50833811907,11.5640342546,0.802793216917,54.0000000000005
61,0.218860165218,-17.8343722997,-7.5345671864,1.65268273111,54.0000000000005
62,0.144587639983,2.40513610131,6.08389326917,2.12967673115,54.0000000000005
63,0.69387635561,36.3460959134,-12.9216664818,-10.068266273,54.0000000000005
64,0.314952963188,1.34054738781,5.99901266231,-0.332066469566,54.0000000000005
65,0.136702023974,-0.570393237192,4.44564731611,-1.04124865924,54.0000000000005
66,0.128070403156,1.17927701624,11.1755170245,-1.54045375771,54.0000000000005
67,0.183252613318,1.16066113422,3.15291962382,3.33439310996,54.0000000000005
68,0.312392146249,3.24663348335,3.35501922747,0.95695346613,54.0000000000005
69,0.121772472135,-9.38403784799,-18.6829533953,18.4637140438,54.0000000000005
70,0.235161273876,5.37498484468,5.52558375834,2.71858574082,54.0000000000005
71,0.345469703367,-1.6509116061,5.5131100324,-1.4501312273,54.0000000000005
72,0.317939663302,-0.380468358268,2.80872190463,0.511205372153,54.0000000000005
73,0.264194320067,2.48003672749,10.7514595276,10.5569616104,54.0000000000005
74,6.47218202485,1.07526340356,4.8625272934,0.698133618697,54.0000000000005
75,0.164683748837,2.97632357519,11.5772385923,0.659951176872,54.0000000000005
76,0.101782490941,0.327061187251,4.63653731207,3.76005097271,54.0000000000005
77,0.158682549838,4.44601077183,8.16498321606,-0.635850053446,54.0000000000005
78,0.190936257945,-1.98118841165,9.19118551911,-2.03979693445,54.0000000000005
79,0.190433278097,-3.90542390084,15.8857833605,7.48672367805,54.0000000000005
80,0.176431176083,31.5099881951,-20.2056659543,-37.2207971159,54.0000000000005
81,0.14433313946,4.04880777235,6.8876090064,-0.992121542023,54.0000000000005
82,0.136201146065,1.72955622212,5.25341445849,1.13247306745,54.0000000000005
83,0.133413844993,7.03450289193,7.23556104213,7.39636266115,54.0000000000005
84,0.473283297612,-3.46085190513,6.11422617087,0.167488045159,54.0000000000005
85,0.211230986894,0.806018783866,4.04653880606,0.860640116219,54.0000000000005
86,0.12887321249,5.52009115045,6.31356741823,-1.09827897065,54.0000000000005
87,0.361458477418,-0.725208210269,5.37092105268,-0.33412784365,54.0000000000005
88,0.37382527772,-4.64882383676,10.7839905295,1.94586441893,54.0000000000005
89,3.25329866344,-0.747095478071,9.77661515181,1.00271138581,54.0000000000005
90,0.43365931352,-39.1087089557,-7.31289661572,-2.59879416244,54.0000000000005
91,0.189227150056,-8.67416782494,9.28343928431,30.335582423,54.0000000000005
92,0.36216670157,-2.53994102104,4.61209954607,2.9514757851,54.0000000000005
93,0.322036423045,-9.77865217433,-17.3934371566,2.4501440492,54.0000000000005
94,0.13775945114,4.70622357737,3.15693932385,-2.61259494118,54.0000000000005
95,1.36908300883,1.35117331371,5.76292998867,1.64781863108,54.0000000000005
96,0.229480308872,-4.00555341227,17.4340395221,6.43658236891,54.0000000000005
97,0.819732802382,-0.448126543951,3.91489145432,-4.83895006957,54.0000000000005
98,0.167833248633,3.15295445606,5.83219736682,-4.01758276792,54.0000000000005
99,1.00910902974,-1.99944013844,7.05222438392,-1.5416878283,54.0000000000005
100,0.105173671751,-3.03827907392,9.17173429124,-6.53177326894,54.0000000000005
101,0.218533264576,-1.63744868279,5.81917343997,1.26192020331,54.0000000000005
102,0.167205506584,1.88930420139,7.06610664262,2.01814665296,54.0000000000005
103,0.106486843718,-6.61619311131,3.85297974738,7.02715517944,54.0000000000005
104,0.408821665566,-0.426081543308,5.16041979926,1.08094606747,54.0000000000005
105,0.431298072883,-1.05734992673,1.63840454443,1.16399367799,54.0000000000005
106,0.290743082956,-8.22728016284,4.82260009986,-2.60332920798,54.0000000000005
107,0.295834590734,4.41463416835,4.63922675856,1.04218737169,54.0000000000005
108,0.331105348217,-0.0495916287966,2.08500266789,-4.03434807453,54.0000000000005
109,0.789468494323,-1.18551206887,4.86412943059,1.92078952862,54.0000000000005
110,0.287301826679,-1.6356492697,2.77778434757,-2.6647140057,54.0000000000005
111,0.31838624045,-0.0768421753238,5.99631456425,0.885803767232,54.0000000000005
112,0.350651751939,2.09696144989,5.94159473364,-0.173854227256,54.0000000000005
113,0.200870735053,-2.03326028645,5.74324904736,-4.53577461845,54.0000000000005
114,0.151735145452,-1.76235092403,7.24070797651,-2.67132795429,54.0000000000005
115,0.118338647818,0.405529690666,4.44343679604,-1.68933383404,54.0000000000005
116,0.533205167661,-0.0254409201336,5.69090301381,0.986824080236,54.0000000000005
117,0.205273374583,1.43399732005,1.26099875029,0.303861685491,54.0000000000005
118,0.105234842709,-0.635048066624,5.32110189625,-2.04839002136,54.0000000000005
119,0.117722088629,-3.50645927711,38.9394080662,3.17865420685,54.0000000000005
120,0.142451269866,9.01986630857,4.35352717522,3.72181316493,54.0000000000005
121,0.292433459098,-0.973673752131,5.31219290708,0.171900766871,54.0000000000005
122,0.138954607356,2.3874875551,4.68658893518,3.05897596918,54.0000000000005
123,0.619823315179,-0.320860474919,3.41833111104,-3.34320928316,54.0000000000005
124,0.455244650962,3.41204752288,4.77241856123,3.84097166015,54.0000000000005
125,0.343850518917,-0.0798526755401,7.20549827537,0.129956728303,54.0000000000005
126,0.153400748473,42.2695681759,-18.2191548873,40.5991756457,54.0000000000005
127,0.124202423287,-1.17279859243,7.1772460152,0.816366222551,54.0000000000005
128,0.571012195942,0.7615286582,5.86901191603,3.14769982642,54.0000000000005
129,0.129844160056,2.67582508264,5.65586406497,2.45848051302,54.0000000000005
130,0.815098216241,1.60217058099,9.92168324415,-7.88363512384,54.0000000000005
131,0.346579681574,-2.65443146345,5.65761322998,1.42518164006,54.0000000000005
132,0.220961731881,-1.65769515517,-1.78499853605,-3.84408662667,54.0000000000005
133,0.210032186867,7.51189696543,3.84964668002,-54.3151885222,54.0000000000005
134,0.528470117517,0.568880062504,4.49466063683,1.89670783964,54.0000000000005
135,0.966815170667,-13.1279125145,7.30529148632,2.39401691801,54.0000000000005
136,0.172622491504,-2.43057756686,1.34126960095,4.99218680168,54.0000000000005
137,0.30806640302,-2.47099930262,6.83474986314,2.42706350103,54.0000000000005
138,0.16832764874,1.24724570806,4.88933300166,-0.740278677887,54.0000000000005
139,0.128860615214,3.6558388703,7.97793680241,2.28154439673,54.0000000000005
140,0.164601315393,0.213701121319,6.87971425761,-0.992628986247,54.0000000000005
141,0.119110474409,2.35753924685,8.40187912612,1.58647307498,54.0000000000005
142,0.260210642893,0.612811201898,9.17869354375,3.21673860495,54.0000000000005
143,0.121069291261,-0.972960277023,1.70982560176,-2.40276187543,54.0000000000005
144,0.221064740088,-3.41237198826,4.50993562415,-1.44654348627,54.0000000000005
145,0.700840657176,0.16597474055,5.16757740405,-0.516994439812,54.0000000000005
146,0.359698578172,-3.7802116342,0.398733695891,-0.548818140344,54.0000000000005
147,0.462080882448,14.4437466829,9.85671638493,9.20654714604,54.0000000000005
148,1.59277724079,-1.78774541248,5.69882120051,-1.22171284162,54.0000000000005
149,0.239228102859,1.62527014377,7.82358639546,-7.81962867276,54.0000000000005
150,0.105103914539,-7.40624402945,10.8679957733,3.33189101065,54.0000000000005
151,0.764560750121,-0.240775281043,3.35548461448,-2.14660761295,54.0000000000005
152,0.111129908233,-2.07138457038,0.589447048521,0.193576556201,54.0000000000005
153,0.275582468255,-3.14078616157,3.60402909994,0.00258035454396,54.0000000000005
154,0.298673792688,0.380477131223,6.24632839565,0.851593943562,54.0000000000005
155,0.112733439075,0.143423486106,2.4725013402,-4.23524675197,54.0000000000005
156,0.266631193274,-8.86310301914,10.7302269959,0.153826006394,54.0000000000005
157,6.70303051802,-0.552261198236,5.0494923152,-0.069636928775,54.0000000000005
158,0.382831949795,-5.78512653897,4.79152276435,-0.805226474896,54.0000000000005
159,0.665040142061,2.32058873191,1.1194340216,-2.81173255906,54.0000000000005
160,0.475988168951,-2.64079700328,5.86731307085,-2.56406469428,54.0000000000005
161,0.166523603813,-0.397197585595,3.16223553703,6.94904838175,54.0000000000005
162,0.162364122524,51.31969037,-4.40540803427,-16.1074091705,54.0000000000005
163,0.109228940101,3.53762771179,-0.230464367595,3.53097920423,54.0000000000005
164,0.117118025256,-0.437989591165,3.7927968747,-0.473889120122,54.0000000000005
165,1.4368676114,-0.525415832525,5.41502252609,-0.0768603012293,54.0000000000005
166,1.40304966913,-0.915410193104,6.75756765878,2.88267056625,54.0000000000005
167,0.109730305413,-2.16436594416,12.5392318623,1.60098157882,54.0000000000005
168,0.264935973101,-3.29146093307,4.88747188099,-1.05954131274,54.0000000000005
169,0.312014869634,4.41608287038,9.76742069653,-1.48366003371,54.0000000000005
170,0.357968076181,-1.3021895077,2.92318042755,5.04004882663,54.0000000000005
171,0.450945800648,2.0612408763,5.07138981779,-1.98904163728,54.0000000000005
172,0.373406956664,-30.7507555787,5.12050395565,-0.991398810755,54.0000000000005
173,0.102467336378,-15.5954658552,-37.9217735952,11.4780967491,54.0000000000005
174,0.227076016233,-1.33452585902,3.39483069481,7.4590004784,54.0000000000005
175,0.995836946214,0.236391686012,4.87572265273,-0.273954737251,54.0000000000005
176,0.884881144411,-10.6038889459,-0.31776602646,5.56106842473,54.0000000000005
177,0.30846786695,1.65582388667,-45.5347180039,31.9965477673,54.0000000000005
178,0.278309978374,7.92932471457,9.86530796016,7.45663767324,54.0000000000005
179,0.202134496046,0.724691459957,5.48694821444,2.31866575881,54.0000000000005
180,1.13788744178,-9.47870224618,6.82550530845,-3.03952182545,54.0000000000005
181,0.495019125373,-0.556306698626,6.89783631456,-2.98647717948,54.0000000000005
182,1.0507823251,-23.4013063081,6.88739547901,-16.2876355315,54.0000000000005
183,3.12094774599,-0.154073637936,5.17862676719,-0.72149434972,54.0000000000005
184,1.41647468912,-0.171934150725,5.38622914559,-1.79415324609,54.0000000000005
185,0.162419112395,1.05399133427,7.23742466607,-2.9131904997,54.0000000000005
186,0.638809624242,2.03337105346,4.77209705082,-2.74544537526,54.0000000000005
187,0.103111743605,8.60766078561,-0.719154871909,8.22125214787,54.0000000000005
188,0.811595316887,-1.77264272392,6.37187909555,1.88390939349,54.0000000000005
189,0.447446740455,-2.95892378033,3.94757478683,1.06889896022,54.0000000000005
190,0.908266571393,-4.578403512,2.02884683326,0.905081658573,54.0000000000005
191,0.131597611126,1.69836780884,8.03932135307,0.940178259182,54.0000000000005
192,0.254424668004,17.1353325942,23.2068716623,15.0748031655,54.0000000000005
193,0.510620402728,-0.13719281678,5.07778018023,0.283906798172,54.0000000000005
194,0.148023423128,-1.6820854445,9.8958197899,1.73413373396,54.0000000000005
195,0.184658885133,4.9720446708,3.68748000527,-6.50672936775,54.0000000000005
196,0.607340864125,11.0285232496,8.61723000113,0.356414697661,54.0000000000005
197,0.343690936404,1.345370569,5.16361315115,-0.449851083532,54.0000000000005
198,0.144937502792,-4.4498635504,3.67138553053,2.92873070964,54.0000000000005
199,1.29511305014,3.04845983797,2.36624419053,-6.16692309106,54.0000000000005
200,0.204499118365,-2.47791924723,5.71936984629,3.42012949042,54.0000000000005
201,0.243124000532,46.8931552569,-23.3177111408,36.7265876714,54.0000000000005
202,1.63622958729,-0.432527349491,5.18643532139,-0.348004101692,54.0000000000005
203,0.114612707435,-0.330192349974,-5.3181564312,1.85499427744,54.0000000000005
204,0.330115023522,-0.673512827676,7.64498881582,0.638823255377,54.0000000000005
205,0.849545428396,-0.223198758581,6.41901724505,1.61032226811,54.0000000000005
206,0.626585580006,0.867357894027,6.55355749236,-0.441256957462,54.0000000000005
207,0.945445579394,13.6076301358,7.71076722792,-9.95902060089,54.0000000000005
208,0.231960999328,-3.2677879817,5.9075639288,0.231426846764,54.0000000000005
209,0.196201457614,-1.35307750394,3.57922084499,2.41151210255,54.0000000000005
210,0.209882918914,-0.491688700298,6.94370553648,1.09123199702,54.0000000000005
211,0.277702080454,54.5922678126,30.691755019,-8.8483735216,54.0000000000005
212,0.504794544843,-0.815293533783,8.11093150924,-2.82771634092,54.0000000000005
213,0.616270658524,-0.115185151189,6.12845278996,-0.930931477534,54.0000000000005
214,0.247186323945,-8.92632745466,-5.90724749369,5.01247851171,54.0000000000005
215,0.134682831485,47.3833243177,22.4610088477,-22.5902219496,54.0000000000005
216,0.202327856749,1.00517851791,4.3573656547,-3.73763920622,54.0000000000005
217,0.641739864993,-0.463593193538,10.9403052905,-2.38014754278,54.0000000000005
218,0.275168679619,-1.21348853252,1.95763594266,0.969682913486,54.0000000000005
219,0.224901459598,0.0454105279686,8.71826547446,0.273406383672,54.0000000000005
220,2.32835358065,-0.00999040860095,6.44791201554,2.40944953389,54.0000000000005
221,0.284160178987,-6.64235715824,6.62061436729,-1.66530920296,54.0000000000005
222,0.17028155005,35.8062131705,35.1780322929,-11.7733373626,54.0000000000005
223,0.340092833762,-0.701587805443,6.83211973303,0.682776359434,54.0000000000005
224,0.307939458907,9.12404972515,10.6870431967,-1.03188996937,54.0000000000005
225,1.10815757798,0.699618350527,6.40866648326,0.872561271453,54.0000000000005
226,0.949718067287,-2.42402808623,6.45716593113,1.21116761382,54.0000000000005
227,0.129250657589,0.3103753226,-5.61528720767,1.620604543,54.0000000000005
228,0.157380179657,-0.537830075923,3.39252670962,-0.296420358413,54.0000000000005
229,0.457774422126,1.87447212209,8.88775550284,-2.01265206778,54.0000000000005
230,0.146483384103,24.8627839751,-4.54485216088,0.663407794102,54.0000000000005
231,0.19888117445,0.602163984264,4.60667328747,-0.0558521865536,54.0000000000005
232,0.631934853101,1.41747014439,5.58601892806,1.38270060182,54.0000000000005
233,0.280804104427,-29.4650244085,29.6811186452,-30.9895562754,54.0000000000005
234,1.43221266452,-1.80783791946,4.27497003481,-0.549855711573,54.0000000000005
235,0.161006989641,0.251696183889,5.47088951499,1.26578690225,54.0000000000005
236,0.52946150031,50.2995460157,-3.70128006365,-6.17181033343,54.0000000000005
237,0.172599968096,-0.109781877481,10.4936574773,-0.304403072192,54.0000000000005
238,0.117154914339,-0.316681253989,2.93143821081,1.17195050255,54.0000000000005
239,0.221989653801,10.2226920837,15.0746719321,-24.928005185,54.0000000000005
240,0.156970015369,0.185497067106,6.67810576194,-0.314558197883,54.0000000000005
241,0.400637643824,0.117677151588,6.12520377063,1.75137819559,54.0000000000005
242,1.74220797713,-2.88888228641,5.43473043183,1.64107378256,54.0000000000005
243,0.551877656373,16.2887061448,-26.2089423381,-8.54574309889,54.0000000000005
244,0.216691590169,0.386776937933,4.86224557671,-0.346307657951,54.0000000000005
245,0.108395864509,-1.47332326247,17.3163046977,-7.13959659991,54.0000000000005
246,0.748314568864,1.42079666576,4.2459394575,1.8992624014,54.0000000000005
247,0.598702705296,-0.463494915879,6.15040545944,0.12055593706,54.0000000000005
248,0.488690150966,-5.99151379304,6.51713119937,-1.95481138264,54.0000000000005
249,1.30821111679,5.54572601725,-1.55213983226,0.230128327957,54.0000000000005
250,0.105946396815,-3.33800528271,3.72699382347,0.87128671286,54.0000000000005
251,0.629977691252,0.633551981686,19.5402993452,-11.7351965895,54.0000000000005
252,0.130440997759,0.653155834327,2.3886673834,3.0600415978,54.0000000000005
253,0.541888239434,0.76410569056,3.27835252867,0.00833462242177,54.0000000000005
254,2.27558285683,0.860412692842,3.55036255888,-1.10696617657,54.0000000000005
255,0.237570475744,37.262836999,51.6988769242,2.45827486699,54.0000000000005
256,2.8204859034,-6.31339903338,5.09553543995,5.04904132841,54.0000000000005
257,0.360946711075,-5.70881259822,7.34347772142,-2.72409638654,54.0000000000005
258,0.156424633995,0.185901164059,4.65180193146,0.391649586698,54.0000000000005
259,0.420223635296,-0.755410451354,6.36286847738,3.36614261389,54.0000000000005
260,0.624262478646,-0.939251588043,4.62905700055,2.34429456112,54.0000000000005
261,0.209327832214,-3.42494920523,5.27638447833,3.61280767265,54.0000000000005
262,0.159533262198,0.00954359098637,7.46375674732,-1.01960071401,54.0000000000005
263,0.487280776491,-0.793378832287,5.90474780463,2.41115155511,54.0000000000005
264,2.26590949927,-46.2783774829,16.4236652478,-19.2562268808,54.0000000000005
265,0.129372060521,-4.74783184906,1.48029098574,-1.69773153669,54.0000000000005
266,1.42346284333,-1.54793507488,3.84378627627,0.533965101393,54.0000000000005
267,0.450063400501,0.556998110285,4.40663986271,2.68942111104,54.0000000000005
268,0.111019610285,-1.5848296111,5.23842713118,1.46955089416,54.0000000000005
269,0.100009366546,-1.62769894702,2.70623081285,1.8673176505,54.0000000000005
270,0.451463739188,-1.38326693186,6.71519574565,2.23677980042,54.0000000000005
271,0.112408095544,-3.46108683207,6.25216695807,0.190218958595,54.0000000000005
272,0.168603287499,19.3581562104,-52.4358680113,-3.60076282123,54.0000000000005
273,0.126211281176,-1.54535176649,1.37471953482,-2.88412906685,54.0000000000005
274,0.255794459951,-1.80164780309,5.2212709355,2.63599469925,54.0000000000005
275,0.542663568304,4.95680662939,8.39122141184,1.87250467316,54.0000000000005
276,0.637803550738,-2.84158968525,6.87545994965,-0.768389113898,54.0000000000005
277,0.163757731961,-0.200726886481,6.52543387513,0.698092715014,54.0000000000005
278,0.935465202627,-3.02316072208,3.79529769587,-0.712303391787,54.0000000000005
279,0.201271497583,1.35007363676,3.14375248816,2.86668902496,54.0000000000005
280,0.290289067338,-3.08771714473,8.29027319131,-3.34800519573,54.0000000000005
281,0.247358528188,1.39117452139,2.98916869618,-1.91359481642,54.0000000000005
282,0.555887730458,-1.3541467499,2.9513627973,-1.21038194665,54.0000000000005
283,0.234322464725,-1.78054283933,6.33383055003,0.0097660742246,54.0000000000005
284,0.121412580061,-0.215131396199,8.48962190173,0.264781300509,54.0000000000005
285,0.181763019843,-15.3631605157,7.04493014928,3.74606513649,54.0000000000005
286,0.618094267274,11.2084784362,9.92008924173,25.5026498496,54.0000000000005
287,0.219110519827,-0.110199632752,4.25606367964,-0.969647172043,54.0000000000005
288,0.85106643058,-0.534024093454,6.60694032847,0.764050941821,54.0000000000005
289,0.180617172776,4.12457567382,9.41911068153,-4.96239535004,54.0000000000005
290,0.4687882462,-20.3783717133,-0.251898146148,-24.206492481,54.0000000000005
291,0.653350643375,-6.77981405303,15.8164708654,-38.6101900047,54.0000000000005
292,0.407769844891,4.49615640477,2.628375308,-0.06135325246,54.0000000000005
293,0.323896504083,-4.53517103515,8.07085391185,0.438364903079,54.0000000000005
294,1.05573527952,0.295990452068,4.73956601663,1.93642383349,54.0000000000005
295,1.27730028491,0.258217331035,5.5360204219,1.05877060496,54.0000000000005
296,0.218806222235,-0.208284315403,-0.41576844226,-5.10289947366,54.0000000000005
297,0.333003274606,-1.40492228494,3.25333810917,-1.44597642692,54.0000000000005
298,0.48095640388,-1.5937605313,3.85932194648,-1.66811691527,54.0000000000005
299,0.233643357154,-4.07278784968,1.97512312309,-10.9676015955,54.0000000000005
300,0.122279745383,-46.9744160516,11.3156170397,50.3358268378,54.0000000000005
301,0.623723941157,-3.50898495993,3.21238191194,-1.10844985703,54.0000000000005
302,0.135144402696,1.88790769459,6.81840785539,-0.317286644922,54.0000000000005
303,0.167341386261,-2.56775948403,6.62646083682,-3.8605652839,54.0000000000005
304,0.276565966313,-2.11017934754,5.3365656899,0.721271752422,54.0000000000005
305,0.162176255491,-1.60854351421,7.59201007961,-0.504950918541,54.0000000000005
306,0.230720721531,-2.06683428002,2.88504357702,1.93454912649,54.0000000000005
307,0.418108102871,0.746270590806,5.04510187592,-0.267420747556,54.0000000000005
308,0.218487176178,-1.89823671083,2.58717261507,1.02785972307,54.0000000000005
309,2.1608458652,6.9677267441,7.91754627515,7.74924046034,54.0000000000005
310,0.63413337875,-3.12371852782,4.71265319552,1.11265405276,54.0000000000005
311,0.110133119264,-0.617925097862,5.88532889396,-2.05552149523,54.0000000000005
312,0.753954805437,-10.633263665,-0.198496265577,28.7256421767,54.0000000000005
313,0.212941348029,-7.24331085854,6.76621220381,4.59229023645,54.0000000000005
314,0.113042505,-1.59499832275,7.12291165019,3.50915934947,54.0000000000005
315,0.14409136951,-0.80759183968,1.48556129581,5.23619459344,54.0000000000005
316,0.323075279957,-6.46758147618,5.03067999942,-0.976661751487,54.0000000000005
317,0.107900838876,0.0312777978384,18.1644516765,-9.16067502937,54.0000000000005
318,0.123818531421,-0.429184275942,7.50105297582,1.21905738625,54.0000000000005
319,0.140173933829,-3.78290238929,-1.06467413341,17.5260531147,54.0000000000005
320,0.145355107763,8.54989602775,2.48330021793,2.25471295062,54.0000000000005
321,0.103910599071,11.8829392997,10.2966611891,27.1369938579,54.0000000000005
322,0.272158102088,-0.164154216551,12.4293210252,3.07134371246,54.0000000000005
323,0.516674071351,1.0080597005,8.40959152222,1.2874206258,54.0000000000005
324,0.149966711935,-3.82216781374,2.03855408661,-1.25426594597,54.0000000000005
325,0.267762618308,1.76557839956,8.05596213008,0.905863972992,54.0000000000005
326,0.219788552837,-0.0238155422945,5.28723313911,-0.80539707334,54.0000000000005
327,0.220039149753,-2.59233297254,5.33827447102,-1.24043127148,54.0000000000005
328,0.481547638061,-1.52191405186,8.41944980694,1.1255412481,54.0000000000005
329,0.141373153455,-7.56724718414,-3.48582194204,-0.0728363954185,54.0000000000005
330,0.355510690413,-3.86725091193,-19.2406644451,-14.7687219643,54.0000000000005
331,0.751378841211,4.34496165366,-29.7111747771,0.977789595214,54.0000000000005
332,0.149418159239,-10.6070824628,11.4151142853,-11.044427532,54.0000000000005
333,0.996166167058,2.02252318254,5.41578944783,-0.607853817315,54.0000000000005
334,0.55658489844,0.96608764501,8.0987091091,1.52930989151,54.0000000000005
335,0.158945645391,0.0380237776163,6.48440860329,4.80759094885,54.0000000000005
336,1.03472451959,-2.23158867425,3.61928715612,-0.816287774141,54.0000000000005
337,0.359724703962,-1.64028474686,2.41586089432,-3.57310731847,54.0000000000005
338,0.594583525777,-1.30549952819,4.71419186673,-0.617843053522,54.0000000000005
339,0.375944590891,-1.85039469872,8.20922589615,0.685053373783,54.0000000000005
340,0.287587670079,0.13130832956,4.99404580969,1.09124859384,54.0000000000005
341,0.15623608238,2.3214051004,10.9581800055,1.11920289028,54.0000000000005
342,0.665808271831,26.6800975845,12.0020097506,-13.0421910891,54.0000000000005
343,0.544319958594,-16.5938154835,0.911358095504,-19.4624032032,54.0000000000005
344,0.289455412047,1.56649371698,2.91952669041,-0.61692912527,54.0000000000005
345,0.117426158483,5.89845390902,3.40356588746,4.98743284544,54.0000000000005
346,0.326330102899,10.9470663424,8.56217840337,5.15685329255,54.0000000000005
347,0.183786607354,-65.3127449836,23.5087606963,17.6151669578,54.0000000000005
348,0.810507055197,-0.329008628298,4.82322382294,0.337653468801,54.0000000000005
349,1.53246363406,-0.305218415869,5.10275437305,0.165174773735,54.0000000000005
350,0.151934529548,-1.29591484035,4.37809629697,-3.71328965585,54.0000000000005
351,0.217784815611,-1.66148929266,4.37102409838,-1.30289648193,54.0000000000005
352,8.5433828842,-0.743766489963,3.03301810975,-0.968219741881,54.0000000000005
353,1.46147695122,0.218344509991,6.40640875861,2.65247248409,54.0000000000005
354,2.28476431393,-2.32434238016,3.22466901452,-3.38065731141,54.0000000000005
355,0.14359334849,0.454798417928,0.608699221086,1.69283189483,54.0000000000005
356,0.24799770507,-1.43762396495,2.54389907018,2.88415978113,54.0000000000005
357,0.261522122296,1.05011794941,6.37484235996,2.24844335552,54.0000000000005
358,0.505552229207,0.43671418126,5.88078137503,-0.272820175317,54.0000000000005
359,0.129380841928,-0.47095443757,8.06560885012,-2.84183486137,54.0000000000005
360,0.521073937482,1.26156272807,-0.0819314909449,-2.92815231056,54.0000000000005
361,0.10134565309,-34.7481895125,-43.6279972404,3.36982669142,54.0000000000005
362,0.154924048661,-0.428011884853,-0.0336761849699,-3.56203678861,54.0000000000005
363,0.136750945865,-1.67841368356,5.27169562102,-1.30798515296,54.0000000000005
364,0.145162126036,13.1281892341,24.2471614923,-20.3043676206,54.0000000000005
365,1.0973502623,4.97736398014,11.1294053026,8.23841313791,54.0000000000005
366,0.103069799492,0.500834250539,10.155925064,-0.177914372671,54.0000000000005
367,0.264074270924,-1.89556505892,4.24015772833,-2.38339157378,54.0000000000005
368,0.114620637098,-2.87127205665,7.92870448299,-3.35402859668,54.0000000000005
369,0.407918019875,-0.467949309208,2.62098044477,0.715534799518,54.0000000000005
370,1.29354557493,-2.20837637062,3.98170555501,-3.26546382132,54.0000000000005
371,0.763986979696,-1.71011345929,7.9437407161,-1.81285149648,54.0000000000005
372,0.195771692619,3.76137292213,4.43764068586,1.38539094395,54.0000000000005
373,0.129838189816,-2.92229099618,3.90239963856,0.653759337895,54.0000000000005
374,1.1051052976,0.635567224165,3.98048534028,1.76912554922,54.0000000000005
375,0.361969080074,-3.07353194083,5.18477566046,-0.544861015507,54.0000000000005
376,0.164341269019,-2.75079538866,7.1560951074,5.83899954132,54.0000000000005
377,0.952029864427,-1.89367030934,5.92723557864,-3.51543827803,54.0000000000005
378,4.45810697402,-2.0456853041,7.172277491,-0.91995837939,54.0000000000005
379,0.148239188585,-27.6780804841,-5.85234600509,1.1151475687,54.0000000000005
380,0.297017678871,-1.42695566349,5.38461571412,1.64941596782,54.0000000000005
381,0.263102563831,0.965838506963,4.89118584619,3.29867627956,54.0000000000005
382,0.209443765619,0.209321020615,9.79113328689,1.47748933902,54.0000000000005
383,1.68409592568,-1.76854988089,4.00900419354,-4.60588108067,54.0000000000005
384,0.54629664604,0.877237719214,7.60194663453,-6.62652414135,54.0000000000005
385,1.09910184067,-1.59342872334,8.48726700034,1.04623977935,54.0000000000005
386,1.07464748253,0.636712261054,10.9469153042,-0.557859771574,54.0000000000005
387,0.251985248626,-2.20873347246,8.56487290461,-1.87372123058,54.0000000000005
388,0.123625981751,-0.47214204334,3.49671641238,-2.3133679658,54.0000000000005
389,0.149024291751,3.37429551846,2.45366657325,0.367959959407,54.0000000000005
390,0.956342377106,-2.25889452594,7.80951479889,0.830843847783,54.0000000000005
391,0.132398433048,4.7252274529,15.1967060464,8.38490628529,54.0000000000005
392,1.29856448944,-3.34143854986,4.51897055553,-3.34828522201,54.0000000000005
393,0.216785807062,-0.814547708025,-5.37735416921,-0.32467959646,54.0000000000005
394,0.113875018199,1.7975861216,1.81941954512,5.2041063566,54.0000000000005
395,0.437461496665,-4.71353956269,-4.87406236091,0.0872511851855,54.0000000000005
396,0.1650046481,-0.892433062652,1.78035458716,-0.605360338847,54.0000000000005
397,0.842336381846,0.0540576620516,-3.03308056937,3.72968219923,54.0000000000005
398,0.318966480461,-0.440691647711,7.6139259528,-1.41711762604,54.0000000000005
399,0.119931138794,3.40576952909,4.84732942798,1.83214189597,54.0000000000005
400,0.264794754249,0.116951455791,7.36883638699,2.25031348302,54.0000000000005
401,0.125821418061,-0.604825796705,7.81390185241,3.05521640802,54.0000000000005
402,0.155694532625,10.4447228801,-3.29452220364,-12.4370497424,54.0000000000005
403,0.59561028293,-4.05890626113,-1.94321271871,5.81179872912,54.0000000000005
404,6.62976873262,-0.20962755442,5.24147778916,0.00309843604986,54.0000000000005
405,1.25799353661,-0.37522306637,-0.165211001035,-4.08056644907,54.0000000000005
406,1.52950797984,-2.17619174634,3.07206929339,5.0770895847,54.0000000000005
407,0.29239839623,1.70147178699,5.53598084246,-2.64885958181,54.0000000000005
408,0.248858112269,0.205620187505,6.76209228369,0.779716999771,54.0000000000005
409,0.345398637646,-0.811571939659,4.27786085925,-1.10330630979,54.0000000000005
410,0.10495877028,-2.00593836831,6.94464326914,0.441324559712,54.0000000000005
411,0.189109746269,4.53729297177,8.62621690378,1.64207332019,54.0000000000005
412,0.200109527532,-12.742846801,19.9900556276,-25.176045362,54.0000000000005
413,1.49800217855,4.07364495753,-25.6133405202,-62.603880461,54.0000000000005
414,0.149439095249,-4.25798334145,1.93601843767,1.34602954311,54.0000000000005
415,0.110768700789,0.174293447705,6.84762964284,1.53516183145,54.0000000000005
416,1.05066275381,-0.300046406722,5.48963884065,1.74073123593,54.0000000000005
417,1.48049327991,0.129869206152,5.45588553133,0.906768980639,54.0000000000005
418,0.565966502445,-1.40496883967,5.88154602381,0.336354833305,54.0000000000005
419,0.1136548871,-21.3985821234,11.5793898704,21.3797464145,54.0000000000005
420,0.210382628266,0.0294455051674,4.27928009097,-2.52180767611,54.0000000000005
421,2.39343525672,-1.00737860186,6.6882759573,0.911961513073,54.0000000000005
422,0.182462747449,-0.33678215574,1.49019619179,2.26472618769,54.0000000000005
423,0.1281584367,-1.00574103567,5.77005031051,2.2666462993,54.0000000000005
424,0.132318846336,-1.29998609697,5.53605531358,1.53705153503,54.0000000000005
425,0.171177059803,-5.5421497197,-3.46012603804,1.92399841177,54.0000000000005
426,0.17061240527,-2.24310726239,7.8519832589,0.848885172176,54.0000000000005
427,0.236772097053,26.2113710813,6.58109317864,19.0238903015,54.0000000000005
428,6.33338988776,-0.61968600499,5.1099360073,0.125444613635,54.0000000000005
429,0.104959799543,-5.18511565613,5.18330136719,-5.51830693778,54.0000000000005
430,0.371874065794,-0.638204279111,5.59560348661,-1.04417104182,54.0000000000005
431,0.535603934987,-3.67152270187,4.87682878192,0.0110854472093,54.0000000000005
432,0.136407453459,0.961310790251,5.19255741423,10.0431847939,54.0000000000005
433,0.144012612077,0.723902994322,7.22463297687,0.969832280191,54.0000000000005
434,0.176410227174,-0.0739175079655,4.64789336141,-0.429451487926,54.0000000000005
435,0.131981785916,-0.157201434868,4.50978323675,-0.0406343283216,54.0000000000005
436,1.28583142152,-45.1473504692,-11.0832738211,45.4776100164,54.0000000000005
437,2.10672418855,2.58669139363,2.63257375482,2.36093403737,54.0000000000005
438,0.545728069413,3.92062413932,12.3825547688,-3.05650534857,54.0000000000005
439,1.57770935962,3.98408325436,4.68240371855,1.0618780327,54.0000000000005
440,0.339801721137,-3.74112205306,-16.6086942838,26.7571301407,54.0000000000005
441,0.459488277947,14.4389116177,5.78053765719,3.12800411261,54.0000000000005
442,0.308893986915,-0.0392751366492,6.06670541442,-1.97323440371,54.0000000000005
443,0.137385520283,1.94423383121,11.1987648075,0.286273503027,54.0000000000005
444,1.45900208063,-0.82363525655,4.80389792069,-5.12065451337,54.0000000000005
445,2.44774018068,-0.253981809566,3.28375012339,2.46122120763,54.0000000000005
446,0.271399443183,7.0747163014,9.05799854467,2.60231385904,54.0000000000005
447,0.143670849584,0.897202796984,8.62106574692,-0.831992502751,54.0000000000005
448,0.846489019762,-0.0878137230244,4.44583178382,1.21559411009,54.0000000000005
449,0.307602769428,-19.1593567271,-8.52600154445,-3.44868831328,54.0000000000005
450,0.103448267708,2.77723607387,8.11149226715,-2.95485008467,54.0000000000005
451,0.138972622267,-7.20153638068,5.46996344109,-3.57819952385,54.0000000000005
452,0.553892775228,-2.96260505605,20.279745922,-4.01551320062,54.0000000000005
453,0.310394981136,-0.0431439962855,2.8517541576,0.0326762504974,54.0000000000005
454,0.109242350054,-1.93803572243,3.83528620177,-0.26817112406,54.0000000000005
455,1.56101091873,0.335197904992,9.33933715135,3.74305512412,54.0000000000005
456,0.778010081646,0.366869121624,2.47498779735,-0.286358660686,54.0000000000005
457,0.958861079625,0.800145475921,7.02920210308,-1.49709908384,54.0000000000005
458,0.980113798793,-8.05001860481,4.80786073193,-19.1432585261,54.0000000000005
459,0.17108520497,-1.28620483026,3.99522492674,-1.12908521417,54.0000000000005
460,0.275840696742,-5.28638735552,3.72271096185,-1.29520792475,54.0000000000005
461,0.102321213182,-1.36430810569,5.84856840069,-1.65101638336,54.0000000000005
462,0.656726105528,6.46854172719,7.55703276181,-1.00845646385,54.0000000000005
463,0.284464714282,1.1009108521,7.25024368781,0.971604629989,54.0000000000005
464,0.210600379883,3.68533450627,-0.542881479071,-2.11233913741,54.0000000000005
465,0.174648840473,0.547924494547,4.58359973955,-2.49319928303,54.0000000000005
466,0.56143614255,-0.0930155600631,19.1826298469,-8.17843243812,54.0000000000005
467,0.330220118505,0.415189657537,5.15783479221,3.03329822472,54.0000000000005
468,1.02839165367,-0.629987234811,5.90876440837,-0.521658657113,54.0000000000005
469,0.2613589457,-2.9804011972,4.54808406814,-3.88811654012,54.0000000000005
470,0.177203065944,15.6139684341,-48.4518576105,35.4769574479,54.0000000000005
471,1.55060844826,-19.7555000205,6.55639749556,-12.4160637687,54.0000000000005
472,4.03826850724,-0.425683357989,5.39733362743,0.21550696098,54.0000000000005
473,0.4346057843,-2.75815956873,3.28408962172,0.029246139597,54.0000000000005
474,0.273593801303,2.61388957764,6.74088687495,1.36465571118,54.0000000000005
475,0.110194633517,15.7534075619,-6.0519041679,5.99029181168,54.0000000000005
476,0.125520987146,-2.37377475148,5.17378222232,1.03103755826,54.0000000000005
477,0.921431812741,-0.229304170525,4.96440721132,0.64522867004,54.0000000000005
478,1.28569943085,-0.620250395981,5.81506575767,-2.28841207101,54.0000000000005
479,0.284047643173,-5.32833274679,7.43135966202,2.09848077122,54.0000000000005
480,3.05187476016,0.527724103113,5.2167773852,1.26074355288,54.0000000000005
481,0.559464584623,-10.1495866298,-0.240520189479,0.971935976849,54.0000000000005
482,0.714345452912,-1.78007906297,6.77387439022,-7.35714111756,54.0000000000005
483,0.134609366691,-2.62012672871,2.43398089795,-0.284263562205,54.0000000000005
484,0.226625805376,-7.73836562153,9.91392038048,1.77971444686,54.0000000000005
485,0.250076628193,-0.777464911819,5.80840226311,-0.0583534559331,54.0000000000005
486,0.169620967732,-35.7421485168,-2.30117158601,16.9787539078,54.0000000000005
487,0.158563720376,1.31053494119,5.01362883487,1.73030739675,54.0000000000005
488,0.184124181958,6.96626115305,7.13598767348,7.44090272765,54.0000000000005
489,0.279293236348,-11.163033715,0.638200278765,-3.8249738032,54.0000000000005
490,0.135366930789,-1.5792328559,4.08356940099,-3.37403320422,54.0000000000005
491,3.39125875535,-1.95925858781,6.53671813234,0.930418811254,54.0000000000005
492,0.603107870298,4.93815123123,30.6358876945,-17.1529867102,54.0000000000005
493,0.812360735229,-8.56256646627,6.3644831253,4.01956917454,54.0000000000005
494,0.476012804706,-2.93804549592,4.72030762383,-5.79510284393,54.0000000000005
495,0.130107360639,-47.462901622,7.13402922393,1.60901988754,54.0000000000005
496,0.82711475142,-0.689400864121,4.91459181077,-0.748553695598,54.0000000000005
497,0.608438821422,2.11829410114,-1.26123539644,-7.43389608106,54.0000000000005
498,0.278641853458,-1.78442685344,0.486671539509,1.60542037496,54.0000000000005
499,1.79813948184,-19.1439873605,11.3615777399,-0.781162566241,54.0000000000005
500,0.116118325093,0.347243402209,4.88376355165,1.24479859241,54.0000000000005
501,0.266861077493,-16.4117981629,20.4382947307,-5.94122404716,54.0000000000005
502,0.126718214849,8.36654674816,-59.1483827535,16.7972759459,54.0000000000005
503,0.100368861837,3.40079533518,3.38399964133,-2.49814546356,54.0000000000005
504,1.13188778505,-0.320927150408,5.17097408762,0.027396290045,54.0000000000005
505,1.03843773556,-2.23484244992,3.88740921061,-1.09111918186,54.0000000000005
506,3.83743509746,-0.607581005145,5.37787419288,-0.0314749505637,54.0000000000005
507,0.748903689719,12.502982147,4.56762772329,21.8390031137,54.0000000000005
508,0.144724267836,5.1549507454,-22.2742184524,8.32954125293,54.0000000000005
509,0.106970943232,0.741842988631,3.81036128029,1.77528973025,54.0000000000005
510,0.257383201671,-0.214456579782,3.8914981792,-1.42798361418,54.0000000000005
511,0.586198112297,0.941757334847,4.86253526852,0.672939617477,54.0000000000005
512,0.199061322829,0.364718822081,5.58294016145,-0.337824436948,54.0000000000005
513,0.502461799782,0.344546120854,5.63739715519,0.922983159298,54.0000000000005
514,0.122224178626,0.704969165929,13.9346639305,1.36038851089,54.0000000000005
515,0.152539852982,-4.17631515272,5.5114846236,2.78920954056,54.0000000000005
516,0.176950116023,-0.968769248955,11.5033849735,-6.32567507061,54.0000000000005
517,0.589233168613,2.14570110329,8.41118749427,-4.71991527761,54.0000000000005
518,0.358945480919,-3.09254723499,5.45051610308,3.57797884334,54.0000000000005
519,0.736943466518,-0.367646066673,3.95221992469,0.392176644483,54.0000000000005
520,0.572540200523,-2.32259432599,-5.12355972456,-2.28881739354,54.0000000000005
521,0.591993481331,1.43202449862,0.426820414265,-1.46629078891,54.0000000000005
522,0.221167898891,-2.00337967043,-10.2350001851,7.55918161175,54.0000000000005
523,0.308250051305,2.47718454627,4.54804831988,-2.43205155762,54.0000000000005
524,0.476570450652,2.39236648671,2.15815407653,2.53381729486,54.0000000000005
525,0.450272518921,-2.9362269515,5.69229454758,-4.69536268185,54.0000000000005
526,0.124258697826,1.95756923765,3.83557502844,-0.419569858698,54.0000000000005
527,0.315051036728,-0.174312225878,4.55735728955,1.29992261789,54.0000000000005
528,0.143320202193,0.164415260315,6.63419668709,-0.0778199425762,54.0000000000005
529,0.262435945937,-4.20649830929,-0.0890302991361,1.10814164882,54.0000000000005
530,0.400289366567,3.22943542904,5.06274112154,-0.247931748353,54.0000000000005
531,0.131841113366,1.14963636681,4.30021912095,3.57115229672,54.0000000000005
532,1.1671507967,-1.53813978977,4.47976267685,1.70201995912,54.0000000000005
533,0.295539495386,-1.03386679604,6.57484633419,-1.04250104744,54.0000000000005
534,0.142839392548,-10.8067605273,11.3860411775,32.0802197328,54.0000000000005
535,0.227506665293,-0.43998597987,4.25926901458,-2.93848407143,54.0000000000005
536,0.19955519446,2.88355883595,5.69144127828,-0.259956570111,54.0000000000005
537,0.567408972432,1.84932250969,7.08238302559,0.957524124684,54.0000000000005
538,0.6185232432,-0.728488732593,6.02459545221,0.525561355494,54.0000000000005
539,0.296892420529,-1.1005184898,2.20353205393,-2.3279749915,54.0000000000005
540,0.20804574742,-17.1589354658,7.43465180921,-4.94079633414,54.0000000000005
541,0.109741220464,7.62037663455,-9.38930611936,24.5584240269,54.0000000000005
542,0.121278220092,-7.00178991922,8.17266249953,7.47102359148,54.0000000000005
543,0.274114509356,0.363613197092,3.07843582994,-0.137774989279,54.0000000000005
544,0.374544394742,-10.850884581,9.61434971748,-8.55405620473,54.0000000000005
545,0.134222989245,-2.83274881978,7.00347704135,-1.31571590742,54.0000000000005
546,0.150496198681,-3.29401642605,9.17900614424,-4.31434487748,54.0000000000005
547,0.133634900724,9.82097123212,-2.25137263327,9.71718628619,54.0000000000005
548,0.630096124187,-1.7161936804,1.23784047395,-2.22008100148,54.0000000000005
549,0.363666601885,1.74031023136,8.32754461442,-2.58523300227,54.0000000000005
550,0.309578196197,2.05596831731,8.75274004494,0.2277924654,54.0000000000005
551,0.381297327537,-5.00354618346,2.54342439591,-3.7253672781,54.0000000000005
552,0.195150368602,-8.44007880251,-35.2327530707,-11.4725489754,54.0000000000005
553,0.720406675927,1.018615539,5.98617886116,-0.333503566504,54.0000000000005
554,0.100679024559,-1.63642602301,2.34687589399,0.0735324144231,54.0000000000005
555,0.619544165121,1.40786053212,7.87228372119,-1.60959668959,54.0000000000005
556,0.340628046529,-1.14158685298,5.60907302613,0.586090672308,54.0000000000005
557,0.142044269921,-9.58584728856,2.94253586501,-15.5269814743,54.0000000000005
558,0.158259320188,-2.21705740464,8.63998762128,3.16569459897,54.0000000000005
559,0.104398977224,-1.24204113682,6.63165683999,0.448938154839,54.0000000000005
560,0.204464157889,-0.924283378617,7.10783743613,3.27138353583,54.0000000000005
561,0.119857562061,-0.976665655726,7.54737585462,1.857309409,54.0000000000005
562,1.39235270442,1.8365021225,0.645019932054,-1.56483030766,54.0000000000005
563,0.161825481097,-2.34597484194,2.9792956875,-0.265436636014,54.0000000000005
564,0.111993313982,-2.30284833182,0.589711663418,0.811405485689,54.0000000000005
565,0.333857556367,0.38465440141,1.34131576795,4.31315213458,54.0000000000005
566,0.168020124448,-1.59500690966,3.31509110671,-2.4631968362,54.0000000000005
567,0.112104648821,-0.987928404856,6.42807461193,-4.6116437505,54.0000000000005
568,0.188624947909,2.06538920645,0.974903116656,-4.17407791024,54.0000000000005
569,0.221785159729,-5.87469371086,-0.906845351276,-2.69838423814,54.0000000000005
570,0.395385734462,-0.837406133133,4.79493280692,1.62608580265,54.0000000000005
571,0.191161743459,-4.31242346603,6.17903368175,1.21880992329,54.0000000000005
572,0.139167792969,-0.29336126826,7.48760252752,-1.2499666843,54.0000000000005
573,0.960151193463,-2.10971310075,3.25081917132,-1.30050746601,54.0000000000005
574,0.260088625461,-18.1689237966,2.1369088151,15.1343841396,54.0000000000005
575,1.06947483938,-0.0928160578356,6.28438122939,-1.95678305461,54.0000000000005
576,0.415786791326,2.80685901172,3.97138679656,1.52138847304,54.0000000000005
577,0.225000089985,-0.754704059704,5.56439241713,-0.211996740129,54.0000000000005
578,0.688749504689,-0.393363161248,4.92526886397,-0.0275368287859,54.0000000000005
579,0.88027155549,-33.1684972199,6.53718482319,-30.0922910874,54.0000000000005
580,0.121006041682,8.37174029726,-2.5688134017,-1.24847498811,54.0000000000005
581,0.405416733228,1.1149630981,4.53025317852,2.24009945949,54.0000000000005
582,0.126772889755,4.84053771523,14.2997840908,-2.67594811429,54.0000000000005
583,0.16209046965,-15.2913265686,-4.89323062928,11.3864232717,54.0000000000005
584,0.620061944576,-5.52304363104,7.70580133726,-1.74051830617,54.0000000000005
585,1.74812064638,-0.734881108624,6.91976867824,-2.49245741281,54.0000000000005
586,0.351183854218,17.7598871,5.53023800805,-12.815459018,54.0000000000005
587,0.303983426502,3.72308338826,3.67404839729,-4.67818211135,54.0000000000005
588,0.156154162574,1.24705016676,5.96590759894,-0.417877553097,54.0000000000005
589,0.14064574425,3.57350666785,4.0600358179,-9.48258982078,54.0000000000005
590,0.104945284973,-2.97694402826,6.19341353835,5.87961170767,54.0000000000005
591,1.12471151144,1.26131188269,5.27536943422,2.76351902904,54.0000000000005
592,1.59917107973,0.0118085709282,2.29788226765,2.5014491907,54.0000000000005
593,4.76590002732,1.98050831254,3.08334600094,-4.06271023869,54.0000000000005
594,0.316852336147,-41.2943191988,-13.1038986283,16.1086319596,54.0000000000005
595,0.310939092072,1.90574224697,1.10755671004,0.393325932791,54.0000000000005
596,0.681992567638,-2.11144066478,4.53307725529,-0.366259566767,54.0000000000005
597,0.250974358746,-35.2748786617,-12.7811803938,9.53246841755,54.0000000000005
598,0.130039439386,-2.27966614072,4.18713938307,-0.784977624826,54.0000000000005
599,0.544879603258,43.167059682,23.5169887598,15.09537149,54.0000000000005
600,0.478628454773,-0.476794919194,6.23985843092,-0.0749703809822,54.0000000000005
601,0.157856418709,-11.6808136486,10.2257832351,-34.4946949751,54.0000000000005
602,0.881856853514,-1.09688542588,3.58772286062,0.773760695222,54.0000000000005
603,0.497305946251,0.455391421814,4.3249109262,-1.62280157595,54.0000000000005
604,0.345137425464,1.49446147392,-1.72155764515,-0.902489442654,54.0000000000005
605,0.230304397179,29.3188372652,-2.54878143029,3.16311983956,54.0000000000005
606,0.870595955139,-2.4789824414,7.45841742648,-3.16590768486,54.0000000000005
607,0.159780851595,1.6951742849,5.65089358293,0.45709807516,54.0000000000005
608,0.205707986505,1.28989959666,8.93260063583,-6.60458312304,54.0000000000005
609,0.248208680631,-7.41330281785,10.6603212806,2.19096092811,54.0000000000005
610,0.687506230677,-5.8683572031,4.48716815907,6.66835509064,54.0000000000005
611,0.127700080334,-1.16859091787,6.02899065173,-2.05268693923,54.0000000000005
612,0.509898756466,-1.50495420744,4.45075423262,-0.172152769359,54.0000000000005
613,0.326451512549,-2.16678298527,4.54707385123,-0.836249683219,54.0000000000005
614,0.856832608768,-0.976209696323,4.90728222769,0.801470008448,54.0000000000005
615,0.793688413209,1.62742332497,11.7304552402,3.8261693129,54.0000000000005
616,0.140754277524,-3.01435198344,7.29546314154,-2.12844554839,54.0000000000005
617,1.66276484665,0.448729436344,7.65168517779,0.349774881361,54.0000000000005
618,0.254267700487,3.61713903788,4.92634000594,1.16904471138,54.0000000000005
619,0.240758084681,8.69577341626,-6.38311147114,-17.720271054,54.0000000000005
620,0.405967753754,-0.512832873725,6.26452615291,1.15452110509,54.0000000000005
621,3.72001169661,0.00488478439348,3.75563861749,-2.95724372381,54.0000000000005
622,0.229485288076,3.99370023086,4.22252686082,-3.45065001643,54.0000000000005
623,0.569661344295,-0.240797844679,7.97918087184,1.77359356537,54.0000000000005
624,4.09234441346,0.142217786561,7.18489477084,-1.52898954715,54.0000000000005
625,0.249296081115,-14.3495578882,0.343494218113,-16.0654199667,54.0000000000005
626,0.234687379513,-0.100965599279,3.3850944258,-4.36887599336,54.0000000000005
627,0.123643566993,1.62017913936,7.45207866554,0.363555206231,54.0000000000005
628,0.300795741446,-11.1950533067,8.3033211077,-0.798087783694,54.0000000000005
629,0.396410876148,7.82929147406,5.81917428415,-3.96894742264,54.0000000000005
630,0.230729103266,13.7871367173,8.50407552873,15.6886141949,54.0000000000005
631,0.579907918521,-1.57359327405,8.30523431039,-2.33167140763,54.0000000000005
632,0.419024702128,-1.23520764565,3.32742968333,1.7103315166,54.0000000000005
633,0.10340857338,-3.82637922478,2.97833670358,-19.533380882,54.0000000000005
634,1.77407072469,-1.61380651343,11.4894635574,6.61781931487,54.0000000000005
635,0.170357330346,2.22553527834,8.30632449794,2.7881083276,54.0000000000005
636,0.309676857624,-4.56668989083,12.0377788221,-6.36044093673,54.0000000000005
637,0.106967543913,-2.89914020668,3.32127392224,0.995401692408,54.0000000000005
638,0.119294265133,0.305713400429,8.33835697129,-6.72780046772,54.0000000000005
639,0.21974133258,-3.48920491821,3.66138275098,-5.29230293165,54.0000000000005
640,0.168847530121,2.34935769152,7.79150822878,-4.57493411411,54.0000000000005
641,0.102570949356,4.61919666198,4.96048486077,1.48182167442,54.0000000000005
642,0.117452662936,-5.87197398857,7.85614030853,6.78306914299,54.0000000000005
643,0.176572092661,0.722298149294,39.0511777201,-22.7766439029,54.0000000000005
644,0.438574586828,0.224345195981,9.04682216295,-0.899457310435,54.0000000000005
645,0.127650797725,-0.216386924306,5.46132608721,3.78262973967,54.0000000000005
646,0.528836823485,0.0482706626274,4.23497748678,3.82608519537,54.0000000000005
647,0.183367432064,-0.608513397709,3.19526042587,8.24824864564,54.0000000000005
648,0.575400732771,0.424457788706,10.5769899512,0.162644361382,54.0000000000005
649,1.57462478246,-0.674508969037,4.95280382643,-1.89155795446,54.0000000000005
650,0.287747291876,7.70667991328,7.67841323947,9.97071636894,54.0000000000005
651,1.17299733251,0.32001744065,5.30753061942,-0.973893799238,54.0000000000005
652,0.797347077765,-1.1971705407,5.20938086027,0.0555466637582,54.0000000000005
653,0.424331649805,10.4453953082,-2.97526674801,4.32101407313,54.0000000000005
654,0.600459522877,-2.71659273346,3.87888392558,3.96476441109,54.0000000000005
655,0.35257149373,-0.0428434853145,5.97058636925,-1.74319298876,54.0000000000005
656,0.198351538521,-3.71447197092,17.6198392981,19.3441068683,54.0000000000005
657,0.236660803327,-2.2987698356,2.8576279812,-2.14275772506,54.0000000000005
658,0.215927799571,-2.73764957584,5.03111905995,-2.78866849473,54.0000000000005
659,0.146635008513,-0.321515056585,5.56671977047,-0.975054051371,54.0000000000005
660,0.342185625741,-3.01424896761,7.78088573826,0.517601651346,54.0000000000005
661,0.755488102677,-3.22617059753,4.73147436866,1.53106766724,54.0000000000005
662,0.185195529381,19.626246399,-0.619077819649,0.108294202062,54.0000000000005
663,0.114393631932,0.180498659507,7.02258627364,2.7594211699,54.0000000000005
664,0.291591604811,3.04083423722,4.95488543638,3.01571676736,54.0000000000005
665,4.41324930774,4.60306695992,9.49470143332,1.03692283837,54.0000000000005
666,0.100453758873,3.06008499134,22.7769040724,9.2388394918,54.0000000000005
667,0.242546475285,-1.83039528071,8.78150258573,-1.78953949217,54.0000000000005
668,1.42566575665,-1.63707286702,3.78423186682,-1.46181855189,54.0000000000005
669,0.170436715035,-2.85113607891,1.02875339492,-2.85968684091,54.0000000000005
670,0.187788297546,0.694088417346,8.71937367776,3.11656646687,54.0000000000005
671,0.154131508511,-0.975375247789,6.67000313334,-0.571463043432,54.0000000000005
672,0.355878326466,-1.69431218156,7.0087576775,0.0420937615744,54.0000000000005
673,0.627070836077,-3.12781675312,5.45567923673,3.57304231405,54.0000000000005
674,0.226209554488,16.0564297393,8.9051205388,-5.53973645983,54.0000000000005
675,0.151947503612,-2.87431010584,-4.79699008082,12.8129012212,54.0000000000005
676,0.155188130863,7.49061659751,13.8841358602,-13.7763574815,54.0000000000005
677,0.395245674346,0.375950821557,6.67219109148,-2.52419989089,54.0000000000005
678,0.100251204052,-1.38930862325,2.0163398473,-2.55211814943,54.0000000000005
679,2.85180819082,-0.0354049067419,5.04718113603,-0.660203777291,54.0000000000005
680,0.398163446895,0.752688654902,4.51927455063,-2.50007546591,54.0000000000005
681,0.426809497032,2.38121545889,7.67713512384,1.28893530384,54.0000000000005
682,0.467450783227,-1.83795794552,5.32392906252,-1.79584889645,54.0000000000005
683,0.160729807808,0.539075816151,8.09654813645,2.76830168297,54.0000000000005
684,0.292514351946,2.90256498714,15.0592652529,-12.6272533672,54.0000000000005
685,0.198977479178,0.645699712764,5.30473901242,1.74733344311,54.0000000000005
686,0.118798861343,-2.7752823696,5.46555604178,0.628944015293,54.0000000000005
687,3.07437299179,-0.766898484935,8.888612856,2.15200632686,54.0000000000005
688,0.169869332406,-2.70517327814,4.49568543548,-2.09382024939,54.0000000000005
689,0.494671903854,-1.53590744978,25.3617582395,-15.2436165171,54.0000000000005
690,0.557697239145,-0.92556124027,5.00514490056,-1.11815875218,54.0000000000005
691,0.141063884047,-0.882147179858,1.37160169129,-2.13249346571,54.0000000000005
692,0.236798211604,-1.60505270695,7.71408473932,0.958197899944,54.0000000000005
693,0.114301742802,-8.26849863029,8.4202944014,-5.82183123069,54.0000000000005
694,0.174155238285,1.22800062476,6.09652843298,1.97486105953,54.0000000000005
695,0.1270542255,0.112986204783,2.4289421196,-4.30181261425,54.0000000000005
696,0.322528222209,-2.51919672953,5.26057952836,-3.71076340918,54.0000000000005
697,1.25737618168,-1.84734928498,-0.63095724837,9.26046028073,54.0000000000005
698,0.168234181132,-8.1929447878,-2.46529454794,-8.1285802633,54.0000000000005
699,0.358057988051,-2.47922273984,8.80948249779,-3.10415213062,54.0000000000005
700,0.583827411096,4.95031498482,-9.97803169891,1.80123871177,54.0000000000005
701,0.481914331417,-0.344598314661,8.91895847765,-1.60992680482,54.0000000000005
702,0.208923552103,3.65585651524,3.13758704567,-0.0477074694139,54.0000000000005
703,0.424935539148,0.658087820882,1.27984270231,4.95593348615,54.0000000000005
704,0.173944731081,1.91240356261,7.34600548765,6.83137236568,54.0000000000005
705,0.884689091638,-0.16987238935,5.43164776576,1.37961225946,54.0000000000005
706,0.154150000447,-0.729288365541,7.24211823266,-0.694246559599,54.0000000000005
707,0.441272086777,15.4500151003,-0.802558630007,13.8564451195,54.0000000000005
708,0.11666821209,0.269730031703,-5.72737200498,-5.18595537605,54.0000000000005
709,0.136329002365,-0.840770296715,4.6679340776,0.320438735233,54.0000000000005
710,0.577680589404,-4.35588469897,4.69742689664,-3.92141083466,54.0000000000005
711,0.247240545507,-1.24673421821,5.24726507647,-2.8511847268,54.0000000000005
712,0.174419425439,-6.00335325859,3.8401264411,1.08371275272,54.0000000000005
713,0.157150048876,-1.09063748494,7.02135374207,-4.14410040911,54.0000000000005
714,0.262305428347,-3.17825046587,12.036129265,3.27600943623,54.0000000000005
715,0.43244150284,-2.18965213356,5.17835992309,1.95948354016,54.0000000000005
716,0.930949605853,0.459904720208,7.44691372811,1.72964399579,54.0000000000005
717,1.23458894333,-3.61932132118,5.61094292924,-1.84801804317,54.0000000000005
718,0.169056267184,-13.9344120125,-3.17490819969,-18.0156747909,54.0000000000005
719,0.384629053178,3.53998902115,1.52594605349,1.26608844392,54.0000000000005
720,0.350238026763,-4.19990321747,10.6822952472,-4.60033167563,54.0000000000005
721,0.279907798429,-2.51328811599,5.6167004983,2.46687414472,54.0000000000005
722,0.638206303552,-3.65769167355,2.39106013467,-1.80989201239,54.0000000000005
723,0.532871465993,-4.23391414628,2.85451921311,13.5316109661,54.0000000000005
724,0.159822436766,-3.13290017054,0.889891771017,0.167448925107,54.0000000000005
725,0.199115462708,-0.665925069364,5.88486401195,0.739287773798,54.0000000000005
726,0.486685720191,1.03866663532,5.49465329641,2.42850263686,54.0000000000005
727,0.297319537054,-10.2688623624,13.3450582707,16.7671408934,54.0000000000005
728,0.126313205777,-2.3377650925,4.42858646258,-1.47007243185,54.0000000000005
729,0.479176380307,-1.10272706736,2.85173134093,-2.42289568727,54.0000000000005
730,1.68761893514,0.29977899596,6.09513554815,1.04547693677,54.0000000000005
731,0.123643861405,0.0283323692081,5.9455142939,0.110003361026,54.0000000000005
732,0.866775037706,-0.706644404414,5.05122572142,0.076479305964,54.0000000000005
733,0.486490349953,-0.816124807046,6.3646481983,0.494237435488,54.0000000000005
734,1.30366399001,-0.783393871509,5.67278664856,-2.47815967934,54.0000000000005
735,0.28872452144,-2.50391093972,7.16560219765,0.576024315612,54.0000000000005
736,0.175998057774,1.52186802803,5.19105143244,0.987553656044,54.0000000000005
737,0.208079143413,5.38306744499,1.2650412587,-1.71987153459,54.0000000000005
738,0.522865096932,-19.8969468947,-11.2789860804,-18.212045885,54.0000000000005
739,0.310478287111,-3.74796106306,16.6749871115,-3.19008029068,54.0000000000005
740,0.27714048799,1.75116347314,4.69362662175,1.41419345997,54.0000000000005
741,0.166565685067,12.153941864,-1.70334617568,-11.5939564105,54.0000000000005
742,0.513983191958,-0.082640761217,4.611711368,-0.733207726588,54.0000000000005
743,0.507024824882,-0.860043502755,7.97874704818,-1.31624479691,54.0000000000005
744,0.13571635179,9.98813585129,3.67889480372,9.27698949701,54.0000000000005
745,0.712075839116,7.37522372563,4.58395839147,1.92519420559,54.0000000000005
746,0.559823609478,-8.6143956617,2.72755472601,6.7883232606,54.0000000000005
747,0.301034822291,-1.00783399186,5.50405499152,0.107425204396,54.0000000000005
748,0.487420465378,-8.61622619106,6.1508742716,1.26857264679,54.0000000000005
749,0.481359593901,-0.69846409185,6.78885122355,0.85728207799,54.0000000000005
750,0.10122040096,-0.807282606872,5.71861828269,-0.206852666123,54.0000000000005
751,0.266955288511,3.43063401458,-2.74485003477,2.7754779147,54.0000000000005
752,0.342986676013,4.17037701574,7.62786187744,-2.13431710956,54.0000000000005
753,0.104403694195,4.97607771529,2.36959775917,-1.41653302146,54.0000000000005
754,2.53035717494,-1.65252939617,7.1756105964,0.626335875167,54.0000000000005
755,0.117467058784,8.01375562001,-16.6050243707,20.1473078471,54.0000000000005
756,0.199510392031,0.270884312104,5.26494910857,0.217974065141,54.0000000000005
757,0.154796119173,-3.47900004691,1.73681255344,5.14515783616,54.0000000000005
758,0.681011272562,5.59442228455,-8.29201559729,-0.854684861486,54.0000000000005
759,0.51117139401,-0.523231250029,2.63639345683,2.23529155913,54.0000000000005
760,0.430895866795,-0.29611205399,2.53507506098,2.72787063301,54.0000000000005
761,0.35369665721,12.8734961115,10.0734310653,0.970966389693,54.0000000000005
762,0.372368859813,-6.43719995301,1.61700185764,-8.69473703393,54.0000000000005
763,0.345587116889,-14.6049457484,-6.09115610985,12.1401596216,54.0000000000005
764,0.444249686857,-1.10931552244,4.80203711699,1.42812876289,54.0000000000005
765,0.116755219116,-0.856246574933,7.23984199616,-6.34905770023,54.0000000000005
766,0.168707319015,0.215879774883,4.86366493628,2.39546221761,54.0000000000005
767,0.221064949336,-3.81779651994,5.52003733586,0.165776253727,54.0000000000005
768,0.480682365568,0.0257904074681,3.61492832437,-0.443883935895,54.0000000000005
769,0.667970798057,-2.80847512073,-4.53540040124,-2.84504822234,54.0000000000005
770,0.349001158865,-46.4591983031,9.52817873703,-21.0327432409,54.0000000000005
771,0.851283353759,-1.50169535072,7.36948013177,0.95546465568,54.0000000000005
772,0.129111918363,-1.28236453777,6.3113701705,1.25840444229,54.0000000000005
773,0.259492656604,3.66007334595,7.46852759423,-1.18208529369,54.0000000000005
774,0.268675844418,-0.416192452076,2.32528400375,-2.12003239401,54.0000000000005
775,0.180742558045,-1.80246803155,5.49328484263,-0.783915714465,54.0000000000005
776,0.172021789354,2.30383661724,8.5577798985,-0.947398043289,54.0000000000005
777,0.498409986758,-0.442450128652,0.494696517143,-3.68695410985,54.0000000000005
778,0.763315138868,11.1179538122,3.16000076591,12.4597757906,54.0000000000005
779,0.781958400357,-1.24743789017,5.68590648052,1.34536891246,54.0000000000005
780,0.226267306278,-3.38803114665,4.65245178584,-0.816944797231,54.0000000000005
781,0.145980377622,-4.10799217146,2.99278932089,1.5936304111,54.0000000000005
782,0.492465331556,-1.32068470232,4.60681052879,1.63559688446,54.0000000000005
783,0.265409638271,-1.08870201657,10.0799712722,0.588382251444,54.0000000000005
784,0.112315621791,-7.91921670124,11.3392295122,-9.92928912329,54.0000000000005
785,0.168510849435,-26.7060163391,-16.9128344535,5.50306462847,54.0000000000005
786,0.208685189062,-2.23827420886,11.9945766491,-16.7904713441,54.0000000000005
787,1.12718046062,0.38138704802,3.21912110797,-4.63669240249,54.0000000000005
788,0.276120118278,-2.45570635575,6.00492591476,2.2993078965,54.0000000000005
789,0.183528619086,19.2418387999,8.42726094594,8.77649689042,54.0000000000005
790,0.108735801884,0.102036929315,6.18804429603,-1.57614478852,54.0000000000005
791,0.989065768434,-2.05471023113,3.19980536703,-1.79800249603,54.0000000000005
792,0.559113726778,-1.64115331846,6.21226399091,0.666863097522,54.0000000000005
793,0.631303938934,4.6362342781,7.51420879752,5.27785917081,54.0000000000005
794,0.517347268516,-13.4653607912,16.2151045999,-22.7097133734,54.0000000000005
795,0.157282588937,0.00808074768993,1.52015629868,-2.62151723186,54.0000000000005
796,0.606983868013,0.0145091133153,4.48177704425,14.7411143138,54.0000000000005
797,0.141747745521,36.8602993329,-28.0569282073,5.65042081385,54.0000000000005
798,0.139417088827,-0.705798814051,3.04946492615,-0.974661810849,54.0000000000005
799,0.158812921812,-1.44325432844,9.88075866291,-1.81967330762,54.0000000000005
800,0.353287680309,-5.63202551867,-0.218322688036,15.3166017629,54.0000000000005
801,0.266189590212,-1.99730219145,10.4164626486,-4.71302308667,54.0000000000005
802,0.218859893681,0.888075483875,3.97844844015,-4.41709099167,54.0000000000005
803,0.428826323478,-1.78692282323,5.86547816599,-1.0219456504,54.0000000000005
804,0.132583667676,-1.43021488352,3.9685889694,-0.347384597693,54.0000000000005
805,0.145589916007,-0.60915207384,9.64684774091,-0.0145497422704,54.0000000000005
806,0.314983007149,-0.759453394685,4.25066992348,1.0872516562,54.0000000000005
807,0.19157126795,2.64443398602,5.21279474637,1.49782253449,54.0000000000005
808,0.224898110144,-0.26390006475,-4.3185979111,-1.38896106477,54.0000000000005
809,0.797895632055,-2.51712342475,6.97832681014,-0.0856025704809,54.0000000000005
810,0.415189791797,-0.220132500226,3.65228358263,-0.445715611451,54.0000000000005
811,0.11804598232,2.3752677324,4.75748982498,-0.877177367647,54.0000000000005
812,0.374970966965,1.95216678491,1.78118529936,-5.43474509801,54.0000000000005
813,0.148223869372,1.02913348456,4.88280098105,-0.435553410357,54.0000000000005
814,0.201129278932,1.1338098416,3.3270928213,1.58422610307,54.0000000000005
815,0.165726840995,34.7490697543,-50.860603374,4.44642892328,54.0000000000005
816,0.327816573566,-20.3505927234,-11.7342718571,0.684790213607,54.0000000000005
817,0.187058766549,-3.45089011355,2.75184698248,0.227636543918,54.0000000000005
818,0.372403645252,-2.00663121144,6.52642414584,-2.78474812242,54.0000000000005
819,1.19941266043,-1.03737294128,6.1247834999,-0.926167438811,54.0000000000005
820,0.127418581765,1.4424679695,6.67568954048,0.164320858035,54.0000000000005
821,1.09482946874,-3.18582305863,8.53089144334,-2.69147526839,54.0000000000005
822,0.222863567044,41.7010290162,4.20874725718,44.556371467,54.0000000000005
823,0.109733929654,0.234723312845,8.24520275687,-3.34340796672,54.0000000000005
824,0.253493694748,-3.2532508586,5.83304246022,-2.25131291365,54.0000000000005
825,0.769280106731,1.28529378141,3.37962990932,1.52476153657,54.0000000000005
826,0.663315545105,-3.3378685422,5.04627319568,0.552798531684,54.0000000000005
827,0.444130012389,-1.56314580171,3.72325124007,7.6918079974,54.0000000000005
828,0.690696713375,-6.36520390949,5.5409407479,-0.427862255329,54.0000000000005
829,1.23158675313,0.283274272297,5.63649389982,0.64948439392,54.0000000000005
830,0.336632020732,-1.05420045197,4.63058765067,-1.29313276749,54.0000000000005
831,0.102153422795,2.42840724554,5.96878116804,1.33015498559,54.0000000000005
832,0.260438300044,-0.120265796323,5.45193081143,-0.00322870777237,54.0000000000005
833,0.259792886467,-2.32648611852,5.32816437726,0.547099599459,54.0000000000005
834,0.163153210678,-5.13835583181,-0.455004955425,4.99426179921,54.0000000000005
835,0.385297321979,-0.377192336594,10.0691691677,-1.06365165823,54.0000000000005
836,0.907935791699,0.192004767631,3.6764607552,0.950433242039,54.0000000000005
837,0.218754325614,-1.13229079666,11.0218547364,-11.2441620397,54.0000000000005
838,0.312767550496,1.23683184704,1.66879962385,0.959639152627,54.0000000000005
839,0.283755154046,2.30534588958,3.35191178876,-4.74547845886,54.0000000000005
840,0.189071922804,-1.62302306371,-1.64421612856,8.12199907436,54.0000000000005
841,0.126626556964,0.686765408878,6.97089917594,-0.53506097221,54.0000000000005
842,0.369071508264,-1.14314404788,5.53637828382,-3.32609888317,54.0000000000005
843,1.21052191811,0.0507738924409,6.4192816758,0.187718608009,54.0000000000005
844,0.276366384603,-4.76401103797,5.16707316302,-0.721537653602,54.0000000000005
845,0.406020665423,-0.493515109275,5.39900919843,-0.553149495756,54.0000000000005
846,0.148877053768,-2.2939772349,2.40338324451,-1.26155023606,54.0000000000005
847,0.469337836161,-4.15993847235,4.30993603395,-2.41375060918,54.0000000000005
848,0.102567146079,0.331474205194,5.31537885836,1.78355110824,54.0000000000005
849,0.125995292749,-1.86749567928,6.37362848705,1.14872216721,54.0000000000005
850,0.414870663324,1.01805469709,6.5417025078,1.95264395531,54.0000000000005
851,0.961151173964,0.877681757406,5.30435959647,11.5429141092,54.0000000000005
852,0.139674816626,-0.744249123594,3.50805942042,-2.01814767415,54.0000000000005
853,0.639942124183,-0.137126350676,4.27404773267,-2.55828586164,54.0000000000005
854,0.268197686173,0.462297723299,4.31226171973,2.04178044333,54.0000000000005
855,0.132478069294,-9.49099871633,-1.39447382916,1.94974515504,54.0000000000005
856,0.139856105583,-0.780466976811,5.68218499969,1.41281275132,54.0000000000005
857,0.220406948369,1.02339325421,5.0630434428,-0.951698812507,54.0000000000005
858,0.296478707833,-2.01266922511,5.31040994177,-1.22306640982,54.0000000000005
859,0.17984682151,-2.07697287746,3.2422936171,1.30149611897,54.0000000000005
860,1.17538626447,37.2806345787,5.89737731213,-59.3386714308,54.0000000000005
861,0.245756302991,0.300644636995,4.29169641246,-2.99167114245,54.0000000000005
862,0.436702460796,-3.4962286803,6.0764510531,-1.58405997584,54.0000000000005
863,0.293034126998,2.96008844483,8.2395059098,0.998379877986,54.0000000000005
864,1.30394899969,1.02441265319,4.11021516167,-1.94952112604,54.0000000000005
865,0.231199056773,-1.16743719713,7.57364748932,-3.17105941093,54.0000000000005
866,0.278409071717,-2.49337417999,5.584760934,-1.73862255098,54.0000000000005
867,0.284743432966,-6.30902798235,11.7357679663,6.41042626438,54.0000000000005
868,0.171595054494,-0.794905970263,4.4835938306,-9.40144154615,54.0000000000005
869,0.165461300964,9.95639200228,-8.52828774491,-11.3031434205,54.0000000000005
870,0.131294836388,-0.366303620209,5.40829152325,0.0804837006389,54.0000000000005
871,0.171607063294,-3.16502793677,5.03319333335,-2.41199056959,54.0000000000005
872,0.119989972549,-1.42803822057,11.235004962,4.5008492394,54.0000000000005
873,0.557684195825,1.32137875648,8.4213557033,2.89250149382,54.0000000000005
874,0.495070407968,2.23741916131,6.11499341302,-2.76514854758,54.0000000000005
875,1.95921083219,-22.7301943572,17.3241444075,1.87510966676,54.0000000000005
876,0.125510514711,0.760844025173,13.4377074273,-1.67909745025,54.0000000000005
877,0.118407901403,26.3358196611,0.729980402439,9.18236201919,54.0000000000005
878,0.108093647814,-0.68470414477,10.3470146939,-4.24065608339,54.0000000000005
879,0.349745883294,0.548723743684,5.86734275222,0.0574026976927,54.0000000000005
880,0.41606019974,-3.12001635678,1.11200462143,1.84627938099,54.0000000000005
881,0.518719569962,-2.58952124311,3.22774191914,-2.45378348815,54.0000000000005
882,0.221199772763,0.139028997083,4.35303032417,-0.564937701693,54.0000000000005
883,0.315230152156,0.0081153496486,6.58743899823,2.19756695585,54.0000000000005
884,0.15357394409,-1.18722119136,5.72010301326,0.0288672111986,54.0000000000005
885,0.504158128099,-3.91997424346,5.66586535272,-0.909175727256,54.0000000000005
886,0.112119533465,-2.53622688111,4.00706876275,-1.26317796686,54.0000000000005
887,0.864839487276,0.830138570116,4.44733397897,0.13814501571,54.0000000000005
888,0.121879126745,0.95970265642,1.75393896751,-2.69193627145,54.0000000000005
889,0.812610368196,-1.42809665636,6.06187655892,9.20619070384,54.0000000000005
890,1.94546963205,-0.519071183895,7.98140943315,0.479044578566,54.0000000000005
891,0.499295177701,68.3526940789,-114.537851776,0.87773517111,54.0000000000005
892,0.312062064909,-4.29916819579,0.663592702933,-3.6918881697,54.0000000000005
893,0.301623636505,3.80930835404,8.37842072409,-0.963053693866,54.0000000000005
894,0.759955522338,3.63690924917,-11.8454175181,-10.7077077492,54.0000000000005
895,0.600782292292,3.26741109323,0.15863294978,9.92533454216,54.0000000000005
896,0.464965350105,-0.787936341205,5.23887578865,1.86379882105,54.0000000000005
897,1.53684185398,0.450356822301,5.52781203186,0.825553743458,54.0000000000005
898,0.171875903885,-8.44459883592,10.7785057571,-3.10469739306,54.0000000000005
899,0.111806930846,46.0764947478,-28.019463933,-5.32685324984,54.0000000000005
900,0.297230468356,1.31886031481,5.86090962874,0.393692725261,54.0000000000005
901,0.200040636278,-8.19190706352,7.75975497338,-4.57831545166,54.0000000000005
902,0.604541400199,-1.49809990707,4.83203385598,-0.936693402847,54.0000000000005
903,0.280285459093,-15.7168622526,27.1759165475,5.18167252823,54.0000000000005
904,0.652006679151,-0.535165273005,6.53224618991,0.535387560221,54.0000000000005
905,0.292305358975,1.83049295271,5.71601709788,-3.19747288387,54.0000000000005
906,0.160930088415,-1.98884939122,6.44377485111,-1.32692650704,54.0000000000005
907,0.157309898078,-0.987370253793,6.85822574074,-3.27244069076,54.0000000000005
908,0.114342062136,0.708148669551,5.65360760613,-0.337020479429,54.0000000000005
909,0.128340452652,1.13395545012,9.21210323753,1.28466519825,54.0000000000005
910,3.47277911013,-0.288399137678,4.90257431959,0.153558752097,54.0000000000005
911,0.464091837198,-2.40814293869,4.69981595724,1.87674423427,54.0000000000005
912,0.406379527389,2.07760790468,5.19327478871,1.15529366136,54.0000000000005
913,0.10575084919,0.261106548417,5.06575422577,1.33515195963,54.0000000000005
914,0.650435579134,7.07809910078,-25.3556304576,23.570768779,54.0000000000005
915,0.377103401126,-2.31241246017,7.25406137215,-1.7781306495,54.0000000000005
916,0.126214560259,22.9792897898,22.5762674651,30.6422684357,54.0000000000005
917,0.628153869258,1.2068588345,6.24110431753,1.02267361547,54.0000000000005
918,0.119928677692,-0.795080310911,8.33141472797,-0.0228481958429,54.0000000000005
919,1.46553022209,-0.837858950766,6.3751467491,0.897801232416,54.0000000000005
920,0.481621635387,0.125633674939,6.33050824878,0.693114168143,54.0000000000005
921,0.616906409666,-1.3407971102,10.150162453,-1.14582390511,54.0000000000005
922,1.27453577918,-0.279771348094,0.472381428603,-0.164759787161,54.0000000000005
923,0.922313738647,-24.762052942,-14.6157544471,0.451674186098,54.0000000000005
924,0.565003372443,21.5935323627,-5.51371347323,-6.61963918082,54.0000000000005
925,0.16949533683,0.742108480323,1.5322744939,2.85221056537,54.0000000000005
926,0.285899989341,4.04196827595,4.78585626609,-7.73669254787,54.0000000000005
927,1.50745632468,2.45660000894,4.75377548364,1.2502973195,54.0000000000005
928,0.111414726108,8.19857734683,11.0905465222,4.01783834948,54.0000000000005
929,0.131652196838,-0.499577697023,4.41057511262,0.531764698373,54.0000000000005
930,0.20583975244,9.81624558195,3.64377743783,15.0992098074,54.0000000000005
931,0.443544646673,-15.9927093664,9.39583297718,-3.9394721634,54.0000000000005
932,0.155332175866,0.846569161988,16.021931178,-8.18676204145,54.0000000000005
933,0.248947961166,5.39034705131,9.56816445076,-2.66753822922,54.0000000000005
934,0.19115636506,0.711774872431,5.87775449675,-1.75051968335,54.0000000000005
935,0.12492834635,-5.2681745496,5.73327573624,-0.374177511706,54.0000000000005
936,2.3014916533,-1.4001586727,4.45748113948,-3.4941693964,54.0000000000005
937,0.145254864777,-2.56117156671,3.5587626135,-2.75614926934,54.0000000000005
938,0.165100448975,5.43292107158,5.92370289691,0.532151923437,54.0000000000005
939,0.411900333478,-2.33180768934,5.44414585553,-0.467127788851,54.0000000000005
940,0.604368837684,-0.200346672048,5.72510257561,-0.320625145529,54.0000000000005
941,0.117290771544,-2.90869945463,9.41909959074,-4.90753884892,54.0000000000005
942,0.131616150764,-26.7309787011,6.83779344222,-1.75378696003,54.0000000000005
943,0.359047943377,-0.154334581756,5.5539964137,0.744642002783,54.0000000000005
944,0.139980574157,-2.25554151354,13.9529583121,2.17579452477,54.0000000000005
945,0.788340561291,-0.470584618411,4.86383491378,-0.106349813686,54.0000000000005
946,0.110533445211,9.0717765488,-12.5040080419,10.1376023855,54.0000000000005
947,0.384625808646,-43.491384318,-11.0048502811,-11.1733044192,54.0000000000005
948,1.03593999535,0.315637934388,4.12939650104,0.577400832771,54.0000000000005
949,0.155178099483,-0.339575195661,3.6601805928,-0.112137430542,54.0000000000005
950,0.14803222989,3.79994048727,45.2287004667,57.8321645205,54.0000000000005
951,0.141058743077,-2.38870655922,5.67829263294,-8.19662504522,54.0000000000005
952,0.413602885313,-4.96740761356,3.83423137003,-6.67184524419,54.0000000000005
953,0.121749945407,-11.2742009998,-9.77126560212,-1.65726686881,54.0000000000005
954,0.415874124498,0.86871119141,6.30719162413,-2.81210479843,54.0000000000005
955,0.112176949516,2.62576183581,4.86542235177,-3.0707456111,54.0000000000005
956,0.375748903195,4.58704667126,2.12759843941,-5.19147967653,54.0000000000005
957,0.61640778229,-3.56473814284,1.09885549425,1.80381167918,54.0000000000005
958,0.52633757245,-3.38927161469,7.50841155909,-0.494061462534,54.0000000000005
959,0.102880496111,-5.53854325403,3.13254842869,-6.35419831468,54.0000000000005
960,0.718079221122,-1.41170859386,6.01040907741,0.42456315478,54.0000000000005
961,0.74053038731,-10.4242073723,-0.162341155319,13.667279187,54.0000000000005
962,0.103789830611,32.1174582942,-30.4539462551,-43.7245383049,54.0000000000005
963,0.988647783305,-0.252969713474,4.83728617734,-1.24314633549,54.0000000000005
964,0.158762487409,-3.66612208595,10.4512577947,-4.77266688185,54.0000000000005
965,0.136755055793,7.21442755835,-11.8877229542,10.144477431,54.0000000000005
966,0.883672500397,1.80936192633,2.78856509927,-3.6888526434,54.0000000000005
967,1.03319610073,-0.612846971699,6.32245642858,-0.16965751959,54.0000000000005
968,0.359906940474,-2.34362675263,5.58460427963,-0.0539440686315,54.0000000000005
969,0.148626272642,-0.340343708776,0.381092192073,2.86885698885,54.0000000000005
970,0.276326610315,-2.27708462054,1.92276328491,-3.65429549858,54.0000000000005
971,0.132850757808,1.32059928344,8.04547581155,-2.72834303978,54.0000000000005
972,1.37015741315,0.916166520367,7.19048897646,0.0783954792953,54.0000000000005
973,0.649404262224,-1.38861582406,3.14958479146,-1.97499324862,54.0000000000005
974,0.468447929595,-2.18160430562,9.99339311094,4.89925025552,54.0000000000005
975,0.525594293733,-0.748373367766,5.47959282568,-3.39643935365,54.0000000000005
976,0.112793986896,1.54040436723,6.00665053948,-2.54349672267,54.0000000000005
977,0.356833394392,-4.98630717145,5.27500957826,1.90898947039,54.0000000000005
978,0.405769004475,-3.77108957962,4.01835899732,0.715921754417,54.0000000000005
979,3.40321946726,-0.438946303347,4.89430667113,0.948480290229,54.0000000000005
980,0.158680269397,-3.06608539261,6.34104914108,2.04565381854,54.0000000000005
981,0.121495283919,-0.173760989987,-4.43400733213,2.61728445731,54.0000000000005
982,0.295156982676,-24.6594264585,-11.5269394836,-0.377414881842,54.0000000000005
983,0.468260311815,0.852232235058,6.21005905556,0.800363205439,54.0000000000005
984,0.299438450525,-2.42357773118,3.32885216191,3.72884117584,54.0000000000005
985,1.34170103353,-0.578521820535,7.48821809869,1.04970855973,54.0000000000005
986,0.169359981366,-2.64327991888,4.23790580054,-4.38518328371,54.0000000000005
987,0.482594007952,-0.277524775267,5.73457790269,-0.341938018111,54.0000000000005
988,1.1209069748,4.11320987292,0.699224953424,2.96004435927,54.0000000000005
989,0.456086908212,3.15947844021,6.40119689631,5.3117655369,54.0000000000005
990,0.133683328664,-8.27329628974,-6.87664064146,-7.43722315529,54.0000000000005
991,0.103039236905,-18.1047361635,34.3563948391,-23.3945502198,54.0000000000005
992,0.410318390577,-0.265016869709,5.02446617372,-0.932050236826,54.0000000000005
993,1.26501157931,-2.0442855203,6.66577905333,-2.17573125406,54.0000000000005
994,0.155253848602,1.46986881911,5.46955307628,0.442276781177,54.0000000000005
995,0.633450860301,-0.554295861473,7.07131384257,1.5707786674,54.0000000000005
996,0.153686246381,19.2330036633,7.25968307145,14.4186027739,54.0000000000005
997,0.556298103247,-0.0843998014473,5.60399006894,-0.0574468149652,54.0000000000005
998,0.22965447903,2.57026607017,7.38203377392,4.84706280663,54.0000000000005
999,0.205214673173,-7.91317838803,47.4709275899,-42.1021525717,54.0000000000005
