Star_ID,Mass (MSun),X (pc),Y (pc),Z (pc),Simulation Time (Myr)
0,2.5972287233,-1.44849944612,-1.5715484965,-3.28195188314,22.40000000000005
1,0.360644811425,-1.51582058237,-2.30267862238,-3.66122291812,22.40000000000005
2,0.11011656646,9.2013324096,-15.9899396276,1.22123233055,22.40000000000005
3,0.472042219008,-0.437699930858,-1.18742280969,-3.25042690372,22.40000000000005
4,0.359767902658,0.150891924841,-1.13759623496,-3.02315434736,22.40000000000005
5,0.377589638929,1.45713752294,-0.935656278121,-2.55588134726,22.40000000000005
6,0.351092181528,4.04088524008,-2.7997451701,-7.52335561542,22.40000000000005
7,1.48538959666,-5.19450440615,7.27688472138,0.801982632664,22.40000000000005
8,0.167676376989,-5.45059714774,-5.81102724167,-4.9866702059,22.40000000000005
9,10.0948926522,-0.570439556849,-1.50376014682,-3.27322759805,22.40000000000005
10,0.185919213382,-1.02685649224,-1.49874346147,-3.68963147483,22.40000000000005
11,0.149307271161,1.16631155839,-3.15314371033,-0.634059721862,22.40000000000005
12,0.257661294286,-0.739989114944,-1.61305127126,-4.74130208516,22.40000000000005
13,0.441636172108,-9.44256224104,26.3114395401,11.9562108875,22.40000000000005
14,1.45894320321,21.9917536636,-23.7825570165,16.0707889759,22.40000000000005
15,0.112203035563,0.17231306213,-0.808926645725,-0.91724226899,22.40000000000005
16,0.100038081021,0.0158040376273,-2.13065445229,-3.49423103231,22.40000000000005
17,0.777950372606,-11.6484176751,-12.5644809925,-3.23353244216,22.40000000000005
18,0.142242784866,-0.0956426167637,-3.0703866581,-5.06995343852,22.40000000000005
19,6.89956368682,-1.07390865467,-1.49196045332,-3.49041669453,22.40000000000005
20,0.116690596071,-9.70508566121,4.21771865861,-3.18882614544,22.40000000000005
21,0.202314192493,3.92541632336,-16.1338702276,-6.06118036288,22.40000000000005
22,0.412037286986,-3.48289370013,-2.83125310558,-2.26725279646,22.40000000000005
23,0.606730998126,-1.97408905034,6.23298498878,9.75713450877,22.40000000000005
24,0.996379101798,-2.6470718175,0.739177377128,-6.50457425685,22.40000000000005
25,0.570765540011,-1.32180967045,-2.33182852504,-3.11644938045,22.40000000000005
26,0.862273314132,-0.154700314423,-1.71522644304,-5.95426022925,22.40000000000005
27,0.123525449959,-9.30584044848,-4.41073531769,-8.89373973466,22.40000000000005
28,0.252298022744,1.30385264285,0.0781473387446,-3.12439970674,22.40000000000005
29,3.73628296637,-12.8125344948,-23.9446987673,5.02155892688,22.40000000000005
30,0.699803009049,-0.364519609066,-2.07008087593,-3.95757937322,22.40000000000005
31,0.264051345224,29.9554066036,3.35932474119,16.1929360052,22.40000000000005
32,1.31317847697,6.22696045456,-7.44729610696,0.819717281967,22.40000000000005
33,0.514617454538,1.27159350242,-0.0396932501598,4.26467959104,22.40000000000005
34,0.318808982313,-1.43170491275,-1.19315057227,-3.1726989064,22.40000000000005
35,0.265439096551,0.32605188574,-2.79810196537,-7.07826131423,22.40000000000005
36,0.119113042931,-1.64520072871,-3.6207070619,-5.53240160365,22.40000000000005
37,0.115675596182,-1.20580278662,-1.08837055764,-3.32025077737,22.40000000000005
38,1.10887894384,4.51771203228,-0.00789616718549,-15.3455287865,22.40000000000005
39,0.224502786774,-2.40562392796,0.105030581818,8.45806152009,22.40000000000005
40,0.228734032246,-3.94447179212,-1.24118988499,-5.13035136827,22.40000000000005
41,0.287295792634,-2.91125615691,-2.41614523708,-1.41273662034,22.40000000000005
42,0.412300894539,-0.24390414315,-2.15564574258,-3.63402728688,22.40000000000005
43,0.108046782184,-7.8578320769,-5.69953965787,1.54792574077,22.40000000000005
44,0.970100710189,0.416974904091,-2.59330275186,-3.7709363937,22.40000000000005
45,0.108690531431,-2.23122396658,-2.28255996075,-2.09889798535,22.40000000000005
46,0.108428317212,-28.1922638778,-9.45896082904,-0.958976459852,22.40000000000005
47,0.505914567061,13.6748045448,9.65045343189,-8.20105449762,22.40000000000005
48,0.10496327128,-2.19292835661,-1.42476022202,-2.58264850706,22.40000000000005
49,0.188028906364,23.3037064381,1.92883851364,-3.36186413389,22.40000000000005
50,0.156652920605,-7.9425591676,2.86086738702,-1.84920962309,22.40000000000005
51,0.101646394539,5.54401951579,20.6109206,-13.0744099789,22.40000000000005
52,2.39696032827,0.570271846921,-3.73657741827,-2.30907405486,22.40000000000005
53,1.26687971893,-0.915971799481,-4.21724799519,-3.82892444173,22.40000000000005
54,0.135169357589,0.674904305569,0.124774788927,-2.82442594224,22.40000000000005
55,0.110288961857,-17.4384426493,-25.7878155199,16.7352261169,22.40000000000005
56,0.200410652523,13.8046270852,-9.05498248647,3.93428723539,22.40000000000005
57,0.420691116636,-11.3213731042,-22.4497606342,5.81598289379,22.40000000000005
58,2.03122783249,0.132699616104,-2.30676359128,-2.42455108424,22.40000000000005
59,0.118486825532,0.0894762191693,-1.71719630446,-3.02454896237,22.40000000000005
60,0.141322886284,0.525350370504,-18.4282060052,-8.80415392607,22.40000000000005
61,0.150773496869,1.51004436502,-3.28952412462,12.3620881157,22.40000000000005
62,0.581975448703,-5.84909290305,6.33698005224,-2.49543991506,22.40000000000005
63,0.999808272806,0.473610625498,16.1033348844,2.94392697028,22.40000000000005
64,1.99349499741,-2.21625694458,-1.52158262339,-8.33967327024,22.40000000000005
65,0.107865069992,-6.16651879287,-4.14351864342,-1.09790715864,22.40000000000005
66,0.464951183791,-0.57882081699,-1.35445241681,-3.18683053851,22.40000000000005
67,0.203571141149,0.651231911278,-2.25554398004,-3.38976627725,22.40000000000005
68,0.109385568012,-2.45148058726,-2.65117718466,-3.26467168264,22.40000000000005
69,0.173679781236,11.6263178138,6.64171650638,7.05936366457,22.40000000000005
70,2.71463361933,5.02996401642,-12.3197593617,18.7931702862,22.40000000000005
71,0.124568243891,-0.754432242878,-5.25593171642,-9.80742596578,22.40000000000005
72,0.600314035622,9.45620164214,1.48301334285,-2.77976232986,22.40000000000005
73,0.150705205021,-4.02155137171,-3.71691982425,-2.41984658836,22.40000000000005
74,0.241573437207,-0.646391929811,-2.07744089227,-1.98345097118,22.40000000000005
75,0.176077457783,-4.95590901767,-0.894096105837,1.40992648384,22.40000000000005
76,0.103834053557,0.689216036256,-0.957148161811,-3.33088153925,22.40000000000005
77,0.366365964681,-1.1530632104,-3.31670171806,-2.47629326014,22.40000000000005
78,0.202155734725,-2.19253169679,-1.2672656965,-3.43590149797,22.40000000000005
79,1.12114886965,-6.35194446697,-2.6622968796,2.39611218529,22.40000000000005
80,0.801246452425,-2.60281125636,-2.93440054662,-3.72234168764,22.40000000000005
81,0.1424350113,-0.858079779811,7.47231566326,-10.3782986162,22.40000000000005
82,0.479549898337,4.87751835173,-9.91857643871,10.91373346,22.40000000000005
83,5.79747833022,-0.469506729431,-1.45800397709,-3.54230688647,22.40000000000005
84,5.02370725426,-0.34517763961,-1.40116614828,-5.3510485898,22.40000000000005
85,0.507223162945,-5.24701913067,16.339542482,0.45008893763,22.40000000000005
86,0.656902614172,2.05562405715,10.7086365991,-15.0277484491,22.40000000000005
87,1.23647975565,-4.07473367332,-18.0136362332,9.92343501105,22.40000000000005
88,0.144943880306,-2.55598944265,-3.85698298597,-6.62144596764,22.40000000000005
89,0.26944471666,10.8494995522,3.11496505046,-9.09173825053,22.40000000000005
90,0.273612516455,6.6390208959,2.46831016853,-1.64108130025,22.40000000000005
91,0.158034696278,-2.39456332445,-3.87318695647,-4.00053080281,22.40000000000005
92,0.294121224367,5.57980045195,1.68431325085,0.576347004834,22.40000000000005
93,4.08791553494,-1.39394821091,-4.3363952342,-3.25637764125,22.40000000000005
94,0.745508649396,-2.77008564925,-0.812130854837,-2.54991439263,22.40000000000005
95,0.249905787384,-0.462263159734,-3.74771254313,-2.60000727494,22.40000000000005
96,0.27411785663,-2.52309911438,-0.531284033622,-5.53217658289,22.40000000000005
97,2.82732339104,0.429277213531,1.41925724187,-3.41601076152,22.40000000000005
98,2.19463866593,0.494786059312,-0.351137232496,-5.81141680899,22.40000000000005
99,0.190452086888,-7.53785710548,21.5370235813,-6.5420717189,22.40000000000005
100,0.355156190967,1.13355494359,-2.69770514211,-5.8759579238,22.40000000000005
101,0.110550112087,-1.39435703773,-1.01813460764,-3.90745933067,22.40000000000005
102,1.25383091724,0.0971215190147,-6.55469155301,-19.5790937952,22.40000000000005
103,0.144077350782,-0.664721983084,-1.61122151383,-3.03538020489,22.40000000000005
104,0.155136732589,-3.26036713872,2.9741719147,-14.3157739501,22.40000000000005
105,0.283829936494,-19.8840810612,-17.9479637822,-1.00206074963,22.40000000000005
106,0.110988741897,0.638324408631,-1.05489097777,-3.03790313501,22.40000000000005
107,0.901448681102,2.95093324557,-0.959879954231,-15.7112907145,22.40000000000005
108,0.42389615593,-3.49442577419,-3.01860007178,-1.23488117373,22.40000000000005
109,0.541172587519,-0.822129364827,-1.70664095456,-3.67818128771,22.40000000000005
110,0.2593250168,-0.294869248785,-0.977383333084,-3.60196604349,22.40000000000005
111,0.210026688781,7.88615993871,2.22401344004,-0.275033724465,22.40000000000005
112,0.634972810391,0.636543654595,-3.44973963482,-2.63163434475,22.40000000000005
113,0.169522560415,-10.5159611176,8.90473123573,-17.9355879859,22.40000000000005
114,0.506455532986,1.13074157591,2.32609406318,-4.33749950826,22.40000000000005
115,0.179161090095,0.547592382642,-2.34458014546,-3.9728487976,22.40000000000005
116,3.75223631943,1.29634600156,-0.67038317238,-3.52749619561,22.40000000000005
117,0.361104544811,1.19179404094,-2.24617679042,-4.00038003564,22.40000000000005
118,0.747754829147,-0.502929418606,-2.12907961695,-4.08116777335,22.40000000000005
119,1.0660988231,-1.86693175968,-2.20094306146,-2.39152820123,22.40000000000005
120,0.181092055794,7.96875499462,-9.92520952436,-8.58363765984,22.40000000000005
121,0.362926730404,-0.752360154506,-2.84798455786,-5.05178715365,22.40000000000005
122,0.15377356338,-5.13841279991,-15.3841287583,-13.0887456494,22.40000000000005
123,0.453934781273,4.75436947724,15.8671899058,5.89212810773,22.40000000000005
124,0.412109719728,-0.931494265548,-1.67864376039,-4.32303433892,22.40000000000005
125,0.10899757605,23.4120810188,-16.1481113381,13.6135170643,22.40000000000005
126,0.410210625761,-1.37130551869,0.397618321945,-3.61051852639,22.40000000000005
127,1.72079504293,21.825315735,-5.69938970359,-28.2570612019,22.40000000000005
128,0.191470266491,-0.776356934966,2.386690385,-1.7234564796,22.40000000000005
129,0.194597984252,-0.807474583535,-4.11628272396,-3.60182697896,22.40000000000005
130,0.175248193469,-3.00080036916,-0.790044170217,-4.52635287277,22.40000000000005
131,0.19411798403,0.324728143714,-0.651800644478,-2.44885956607,22.40000000000005
132,0.247244345596,-1.5010926907,-3.15093778018,0.0689428165803,22.40000000000005
133,0.715731046733,-1.67231656103,-1.4908178904,-3.44319931293,22.40000000000005
134,0.554578768417,11.3167559682,-4.86412258248,10.7113663017,22.40000000000005
135,0.318916347938,-0.520670557753,-0.709149804896,-4.81942764167,22.40000000000005
136,0.328870134032,-2.32964557267,0.747924759891,-2.88342277667,22.40000000000005
137,0.536540432826,-2.26101769847,-1.18874417972,-1.5385429879,22.40000000000005
138,0.299379380853,0.868000940231,4.62399113618,-1.70508598932,22.40000000000005
139,0.683975752421,3.18299520382,-3.9885047236,-0.254426694849,22.40000000000005
140,0.392939552564,1.21994463332,-1.83866159364,-2.82250588031,22.40000000000005
141,0.315606615847,-0.734819363532,1.24158628682,-8.09333134103,22.40000000000005
142,0.138938737643,-1.05315813091,-0.767315637929,-6.75754248743,22.40000000000005
143,0.873076599083,-3.63858038577,-4.59209068213,-4.14130757652,22.40000000000005
144,0.625094859886,19.6439905768,-8.72155565981,10.4536448601,22.40000000000005
145,0.17485142255,18.5621138814,13.3283536505,5.33533899772,22.40000000000005
146,0.189853932221,-3.07242843723,-2.53317585441,-1.92944386635,22.40000000000005
147,1.51385384432,-2.69867634704,8.66038016549,-15.1734409721,22.40000000000005
148,0.369620637897,-16.8240518576,-10.9567139403,-3.14446270936,22.40000000000005
149,0.717653919263,-2.1006028258,-1.61482177866,-2.53135415673,22.40000000000005
150,0.155043476801,-4.02046596415,1.82141256796,6.08137222601,22.40000000000005
151,0.884616447747,-1.64685269996,-0.770940462213,-4.70681241796,22.40000000000005
152,0.63657052027,-10.4260487553,9.13966085495,-0.750324373185,22.40000000000005
153,0.13328839327,1.31294977187,5.74773842694,6.4467982789,22.40000000000005
154,0.12858534739,-0.284883953044,-1.68631209756,-5.57209249466,22.40000000000005
155,0.270561299109,-2.69989061444,-0.434236948654,-3.33990917973,22.40000000000005
156,0.124076817309,8.34499926812,22.0440676558,11.4451104192,22.40000000000005
157,0.420147828192,-0.72873138063,-1.381502911,-3.38254513496,22.40000000000005
158,0.15543407119,3.76891648924,3.22087281,1.04023041707,22.40000000000005
159,0.16139046918,0.269390558706,0.0916341191835,-3.76009736967,22.40000000000005
160,0.101592065532,0.821165445459,-8.13784675249,-0.857751618992,22.40000000000005
161,0.724947492739,-2.08672492804,-2.40018522845,-3.76975582604,22.40000000000005
162,0.169803446209,0.888099887405,-1.75506683903,-3.8702999118,22.40000000000005
163,0.11130714074,-2.06650862314,9.69343748376,-1.9318911793,22.40000000000005
164,0.491916321314,-0.732463331162,1.12244064586,-4.41894213508,22.40000000000005
165,0.216082546372,-2.69743064379,-1.74409532011,-3.89857200683,22.40000000000005
166,0.118871540963,-0.720037523663,-8.05204751041,0.10250064843,22.40000000000005
167,0.336949513687,-0.0341229904835,0.392969735494,-5.45160776535,22.40000000000005
168,0.110993708503,0.471577896863,-0.352154281581,-3.34535324011,22.40000000000005
169,0.812782943578,-1.82694316828,-2.46422728659,-4.80657076487,22.40000000000005
170,0.332693403828,-6.24621951162,11.7065753618,-3.96837523632,22.40000000000005
171,0.438356448896,0.0914908288144,-3.30766730005,-3.90097635869,22.40000000000005
172,0.542079576737,-11.0647230165,0.445792134824,3.98270536955,22.40000000000005
173,0.140882162707,-0.318676833251,-1.47959812341,-2.7835124876,22.40000000000005
174,0.754151115483,-0.724753648688,-3.55457341447,-3.8107001593,22.40000000000005
175,0.804366091623,7.2837516146,-13.9429281342,5.30269660688,22.40000000000005
176,0.327684628851,-1.09632528961,-5.53004572519,-4.24070245094,22.40000000000005
177,0.296379918987,2.48326100403,-8.48282933285,-10.1986160709,22.40000000000005
178,0.152202863587,-15.3147762253,-14.6498438137,14.9936714463,22.40000000000005
179,0.396149520047,6.23168763125,-14.0459361059,4.12839121348,22.40000000000005
180,0.763375464561,-8.38467060958,9.13248428632,2.5644011263,22.40000000000005
181,0.101456846265,-0.567269699876,-3.82488555867,-3.88937770296,22.40000000000005
182,0.552832680891,-2.71804417065,-2.64527378749,-5.13223493934,22.40000000000005
183,0.215705439812,-15.3875193525,-10.7137160262,1.60785887139,22.40000000000005
184,1.59087733927,-0.502011689749,15.6479120632,4.95254683022,22.40000000000005
185,0.518779669883,8.67530119594,-7.28636538903,-7.50152931972,22.40000000000005
186,0.221168375408,-1.19871870325,-3.18722907468,-4.66634787323,22.40000000000005
187,0.107856273395,-4.41045779098,-8.00174502329,-5.50029685066,22.40000000000005
188,0.207801396098,0.054851169955,-1.72473524152,-4.16966875795,22.40000000000005
189,0.471854720439,20.2993183587,8.93547788095,10.2928137716,22.40000000000005
190,0.160101211122,-0.598630545539,-2.05687782879,-4.48806911993,22.40000000000005
191,0.441883614782,2.66010980687,24.7311842865,-8.34625234427,22.40000000000005
192,0.9063977184,-15.8752633108,-0.897719296756,-1.38240399711,22.40000000000005
193,0.372533146524,9.14781659098,-11.2242103622,-1.76258709223,22.40000000000005
194,0.194878663609,-0.441066485692,-1.83513280163,-12.1045985156,22.40000000000005
195,0.168085547613,19.0640894585,3.67284933531,10.4914200786,22.40000000000005
196,0.151723663414,-2.1574873261,-1.94513856512,-3.05098689242,22.40000000000005
197,0.126927625046,31.1617380887,-0.190217874068,4.85207733893,22.40000000000005
198,0.108271839355,0.798023817981,-1.9934679337,-3.66406173403,22.40000000000005
199,0.418614704944,1.64309696168,14.251122126,2.32116853452,22.40000000000005
200,0.136833631647,2.0511136354,-0.736293339082,-2.7122700289,22.40000000000005
201,0.476218563738,-5.14713178903,-0.232419547978,-1.74502129963,22.40000000000005
202,0.253599427007,-6.39560573229,-3.65337238834,0.157793533745,22.40000000000005
203,0.159395548363,3.96876440273,-0.834441869014,5.21196535043,22.40000000000005
204,0.156840416116,0.388642037768,-2.53444394832,-1.27053583571,22.40000000000005
205,0.110146546338,-0.0782614787762,-2.10890512271,-2.511784985,22.40000000000005
206,0.476872362334,12.985474096,-16.1968948378,15.0670315501,22.40000000000005
207,0.126347149841,-1.11590204429,-3.55232627612,-2.08005769821,22.40000000000005
208,0.380430232423,-2.18196297611,-3.50858397004,-7.77148152529,22.40000000000005
209,0.354098572577,3.15025661374,-11.2486335178,9.12436304566,22.40000000000005
210,0.65607140518,25.0137494355,23.9306388731,9.4222395774,22.40000000000005
211,0.520620059415,-2.47520998707,0.206084915696,-4.26833606512,22.40000000000005
212,0.155567163338,3.55850278085,-3.49206702104,-0.795825671972,22.40000000000005
213,0.372200232864,-0.759372924809,-13.2974353704,-3.53491031355,22.40000000000005
214,0.100010257974,-0.253865058714,-3.18801742925,-5.33037941765,22.40000000000005
215,0.3101411268,15.2441212743,3.417812813,4.78680103697,22.40000000000005
216,0.803609136267,0.49853498981,-0.64646120382,-3.45309316377,22.40000000000005
217,0.722360845456,-5.65636785756,-3.1064079582,-1.04853040527,22.40000000000005
218,0.263891736937,-5.30633541293,3.14284867487,-1.142844026,22.40000000000005
219,0.210855137305,1.43336603105,-0.698246103176,-2.3548896744,22.40000000000005
220,0.209549372505,0.341819909243,-0.947085358498,-4.08768642538,22.40000000000005
221,1.15987068716,-10.8672003253,5.26632595111,16.8422728824,22.40000000000005
222,0.163591169711,-1.94930564145,0.539856510085,2.75064082925,22.40000000000005
223,0.292444487848,0.0746283075276,3.75240868515,-2.62573799359,22.40000000000005
224,0.108891847857,-1.16693786042,-1.39197056885,-1.93935858643,22.40000000000005
225,0.651310661921,-5.30517072408,-0.256488669873,2.55342328508,22.40000000000005
226,0.328519834083,-6.16906065111,-5.83337278869,4.01152902345,22.40000000000005
227,0.690774260687,-5.47092871331,-0.888050979947,10.179166299,22.40000000000005
228,0.543159273041,-1.22985299601,-7.19027607155,-2.78129839089,22.40000000000005
229,0.109690666973,-1.75909151064,-3.45918515147,-4.46635098088,22.40000000000005
230,0.102781571063,-15.4408814953,-11.0297723904,4.09344168896,22.40000000000005
231,0.100925562803,11.0448229527,8.17020336117,5.58219752282,22.40000000000005
232,1.90210769277,-0.286850895985,-2.13110587892,-2.69543451354,22.40000000000005
233,0.16541026403,-1.20040705982,-1.39876867892,-4.75206155534,22.40000000000005
234,0.13911886636,15.0719982881,8.73676785132,-24.5691702545,22.40000000000005
235,2.84170635458,1.01350389685,-15.7560511632,7.3977637243,22.40000000000005
236,0.103232050653,-1.54517844288,-2.27727920685,-3.05599922119,22.40000000000005
237,0.201328062171,-1.18889185424,-2.35285070923,-4.86101262593,22.40000000000005
238,0.869184417203,-2.91809092926,-3.21770916058,-8.33695496468,22.40000000000005
239,0.378827440557,-11.6575041058,-9.52820545923,1.14499059588,22.40000000000005
240,0.34357236381,-2.17706409982,-2.76079192867,-2.21829695667,22.40000000000005
241,7.37885093336,-2.11659042837,-1.35977474318,-3.57548688384,22.40000000000005
242,0.392017949105,-8.44127535588,-8.13542791437,-6.77289205771,22.40000000000005
243,0.661581529152,-6.18973771583,-8.10055912195,0.453568077513,22.40000000000005
244,0.239431676361,-1.85265560253,0.0481987536396,-4.63871361156,22.40000000000005
245,0.233432751678,5.8252354765,-11.8828962298,4.99528566769,22.40000000000005
246,0.258359838482,-4.96992288946,5.88827408557,-3.52487592753,22.40000000000005
247,0.121057358231,-2.36746992115,-5.42278130006,-3.17450219453,22.40000000000005
248,0.258684941058,-2.10065252784,-1.31920995976,4.16320521802,22.40000000000005
249,0.618812067265,11.7934632307,2.53521247946,-6.79211984199,22.40000000000005
250,0.260828300833,-2.45361213903,2.01177756912,-7.03473442037,22.40000000000005
251,0.1700699101,-3.26735210969,-12.1027862429,-1.53572455191,22.40000000000005
252,0.535115793037,-3.81516372626,-8.42943389266,7.27531892029,22.40000000000005
253,0.145943729598,2.52961405319,-4.7021349293,0.671694302513,22.40000000000005
254,0.111655127623,-4.42638472233,-5.56370563168,-3.89303549233,22.40000000000005
255,0.131256997631,1.8994686089,-6.97357181164,-2.22606723615,22.40000000000005
256,0.826975465339,12.1876471727,7.9893145789,5.97039847115,22.40000000000005
257,0.115966949166,-5.10651647242,-16.6521780083,2.77827123392,22.40000000000005
258,0.103816613436,-1.04698446519,-0.733858393311,-0.636795258292,22.40000000000005
259,0.190832062553,15.258808625,-13.9036355699,7.0696138398,22.40000000000005
260,0.759756882837,-2.05373366809,19.8889179403,9.8384408023,22.40000000000005
261,0.144668954793,7.2772246409,-6.88369626505,0.138492238108,22.40000000000005
262,1.21887094569,-7.75913719947,10.8725295291,-2.52747613918,22.40000000000005
263,0.524642619004,-4.6481935559,8.68793747824,-0.627544938098,22.40000000000005
264,0.304325165132,-0.757593006522,-1.47927746301,-3.43441548097,22.40000000000005
265,0.106697640032,-11.4871405261,27.7864759257,24.7999118895,22.40000000000005
266,0.116340195502,-3.40003929976,0.0449954332085,1.75800132217,22.40000000000005
267,0.423797345948,4.69358271703,5.84778788913,-3.43290901446,22.40000000000005
268,0.113249822728,-8.92664654964,-6.62477100737,-3.39618185949,22.40000000000005
269,0.144226856058,0.25172440372,-2.50447525551,-5.02955878913,22.40000000000005
270,0.216750557745,-0.573096590682,-0.394994232628,-3.35873005545,22.40000000000005
271,1.35772048842,21.4087095651,8.44628748304,4.40205455617,22.40000000000005
272,0.320110668865,-4.62135517784,2.86086124392,-3.52613428021,22.40000000000005
273,0.137515978824,-1.00739124425,-2.96137230097,-1.50282942826,22.40000000000005
274,0.698617682499,-10.4631645637,5.04737795499,1.04817594165,22.40000000000005
275,0.22118389604,-23.6694567038,-5.9001548887,-8.97563562932,22.40000000000005
276,0.113577865908,5.8778972262,17.3233043477,-4.58004671488,22.40000000000005
277,0.416220868193,-1.91486723993,-4.54743882161,-1.97107869074,22.40000000000005
278,0.141000912673,1.79472218275,-6.16248155545,-0.431526737541,22.40000000000005
279,0.32036271827,0.123948417961,-0.496830957084,-3.36672708562,22.40000000000005
280,0.144396795573,6.69971500173,0.205035117918,-7.10430594377,22.40000000000005
281,0.17171310823,1.38122337554,-3.3933210809,-1.6114954607,22.40000000000005
282,0.105826483089,-2.12976978172,-1.05032670876,-2.57312060335,22.40000000000005
283,0.155475066111,20.000131735,5.32688337389,2.1631539128,22.40000000000005
284,0.193516449914,-0.282222603186,-14.9085241577,-5.57836795484,22.40000000000005
285,0.743669128475,-1.11273326089,-0.567348876768,-2.24835758286,22.40000000000005
286,1.1127790342,10.3087584899,-7.82568076785,5.65833501565,22.40000000000005
287,0.151779685744,-8.03211676296,-3.44895147137,5.74191170558,22.40000000000005
288,0.334403765961,-0.449149827581,-2.25596165167,-3.9835689144,22.40000000000005
289,0.726251647211,0.458265482786,-3.26144737025,-4.6686770224,22.40000000000005
290,0.918478214925,-1.29041323689,-20.109576981,-0.610873989213,22.40000000000005
291,0.694191835971,2.3186877558,-1.76758301378,-3.95336017368,22.40000000000005
292,0.17455386073,-9.70697719972,1.10368248261,1.05305479663,22.40000000000005
293,0.485382855972,0.430703193167,-3.13554691752,-4.65986241006,22.40000000000005
294,0.116664012697,-2.10924309384,4.05434118196,-9.33864372884,22.40000000000005
295,0.3212503309,-3.32214169293,0.45092336064,-9.78832687433,22.40000000000005
296,0.759930107282,-2.55805652945,-2.02602691136,-1.94883958548,22.40000000000005
297,0.780605559595,2.151596726,3.20692304951,3.61106689895,22.40000000000005
298,3.57799000967,-1.92066266947,-3.64398927596,-7.78684292325,22.40000000000005
299,0.315299976142,-3.47815338218,-0.51142680526,3.02626509475,22.40000000000005
300,1.99335658563,6.14554807066,-13.5256278147,8.11427232726,22.40000000000005
301,0.191551868694,-8.40807578021,1.47722063863,15.0526822978,22.40000000000005
302,0.164213065066,-1.8769925193,0.05694076224,-4.3176077805,22.40000000000005
303,0.116941260169,-0.638782146176,-0.990412912589,-3.33341633334,22.40000000000005
304,0.139547198558,14.6748844268,-25.5643374751,-8.59338776217,22.40000000000005
305,1.19503445792,-0.00807642939778,-2.54138639778,-3.24733017215,22.40000000000005
306,0.189488758818,0.080483089658,-3.3923709098,-4.28899833882,22.40000000000005
307,1.04744343628,-0.826892114692,-0.042359881044,2.03281765416,22.40000000000005
308,0.77265651375,-15.2413563328,2.0979553689,1.0098672302,22.40000000000005
309,0.146111019767,-12.5952650967,3.43014651173,-15.6700153716,22.40000000000005
310,0.124998342478,-3.99609568076,-11.5989394579,-0.437821335509,22.40000000000005
311,1.01820397116,-1.93844411784,0.110285523231,-2.45423150285,22.40000000000005
312,0.134475006201,-18.1686957205,2.24738613181,0.246425341562,22.40000000000005
313,0.121512423845,-0.768714068208,-1.51037676037,-3.698368943,22.40000000000005
314,0.742077428477,-1.84810206194,-2.80531362885,-4.59573989576,22.40000000000005
315,0.275383967026,6.66560072099,-12.0694995434,-1.04518328855,22.40000000000005
316,0.238609488806,0.117996986111,-2.16207851323,-2.7289785021,22.40000000000005
317,1.33617127739,0.148489106714,-2.17476235573,-3.10483425154,22.40000000000005
318,0.415750397906,-13.9748824522,1.25415349937,12.9064190723,22.40000000000005
319,0.532471191311,5.27580460935,2.63590008907,7.04375619663,22.40000000000005
320,0.902896587866,2.07281875919,3.94554381402,16.4911653592,22.40000000000005
321,0.207700515526,-1.32983711369,-1.95544818352,-4.45724971246,22.40000000000005
322,0.236498660717,-0.396947748539,-1.72396712115,-3.31308813805,22.40000000000005
323,0.876198846465,-1.26436468905,-2.3218335252,-3.14270868919,22.40000000000005
324,0.375414634828,-1.79882500753,-3.19881380963,-5.29081737271,22.40000000000005
325,0.16955534768,-2.86711863905,2.30140980817,1.98492322293,22.40000000000005
326,0.154985651364,1.30965261793,-2.93888773438,-3.43149030836,22.40000000000005
327,0.115930071614,-2.86474675954,-1.38572117378,-3.27618495854,22.40000000000005
328,1.24290454733,0.816708533849,-1.18157558898,-4.00892682167,22.40000000000005
329,0.143543679672,-2.46159486878,-4.48480846052,1.43773711728,22.40000000000005
330,0.476071224397,-1.35768512977,-0.12145168663,-0.406882713813,22.40000000000005
331,0.214616084243,-0.281342610555,-1.38014247798,-3.66407072037,22.40000000000005
332,0.660381172358,10.2545205451,-3.56207072783,2.62017957531,22.40000000000005
333,0.283787925575,-0.922463359428,0.572773983225,-3.68174475963,22.40000000000005
334,0.660573890348,-1.55997207454,-1.28502606261,-2.50489234599,22.40000000000005
335,1.33877990767,0.553119901702,-0.800783753959,-3.52061047507,22.40000000000005
336,0.243567589275,-5.88389273718,6.73698807446,-15.1709239561,22.40000000000005
337,0.173289592365,-12.1927969603,9.05557910512,-12.8931850357,22.40000000000005
338,0.34209823684,17.6533404631,15.1671876573,-9.98836119125,22.40000000000005
339,0.200014083977,0.490061294645,-1.66537059235,-2.28782726951,22.40000000000005
340,1.51421807269,-7.35310343589,8.21531755558,9.1372871377,22.40000000000005
341,0.167050146389,-0.553093895963,-3.03330312571,-5.05128732637,22.40000000000005
342,0.234113646449,-1.66472517328,-2.17367353758,-2.86152295943,22.40000000000005
343,0.442454614373,-4.13568870331,0.565215478284,-0.0925934401226,22.40000000000005
344,0.210805198145,-1.86722213385,-1.21186413047,-3.16980922905,22.40000000000005
345,0.67882181346,1.99825160214,-16.6200098894,-4.92540502041,22.40000000000005
346,0.143766203149,3.11650466676,1.81305457373,-8.52407272139,22.40000000000005
347,0.109848146057,5.42829243741,4.80858272165,19.7488738214,22.40000000000005
348,3.79869088772,-2.13894558524,-1.6080502848,-2.58680626104,22.40000000000005
349,2.7690417936,-0.707180842023,-1.2980636936,-3.31363681553,22.40000000000005
350,0.289129202511,-0.783031778222,-1.76884024457,-3.85802676996,22.40000000000005
351,0.258641115148,13.2543620902,-14.6983785667,-6.81640654518,22.40000000000005
352,0.495428767912,-13.9379348762,-1.57512444492,-3.03893611684,22.40000000000005
353,0.276864782809,3.83120451899,-22.5841930818,11.0932670176,22.40000000000005
354,0.121985649763,-2.07844705292,-4.2101916271,-1.07104915907,22.40000000000005
355,0.748942400536,-13.8214652031,6.05495439894,-2.00911634827,22.40000000000005
356,0.100330904237,-3.13843508088,-6.15572428173,2.80064512662,22.40000000000005
357,0.442268126151,3.57171254795,-0.247838015361,12.1177892593,22.40000000000005
358,0.108533440333,0.514484476303,-3.40297744277,-2.85755800061,22.40000000000005
359,0.171244960408,-5.58534414239,-4.031053744,0.543407043003,22.40000000000005
360,0.206511622465,0.866070228444,-17.784566419,-4.52080653033,22.40000000000005
361,0.121566637777,24.6970158518,19.7364981761,11.1123425043,22.40000000000005
362,0.603927085038,-0.538897952826,-0.943305118672,-2.9024085779,22.40000000000005
363,0.612116198898,1.78957998422,4.2052374914,-3.76808148101,22.40000000000005
364,0.483648701537,-4.86679422603,-0.0252101214246,3.4183960245,22.40000000000005
365,0.120789725982,-4.82627428471,-7.22786459455,-7.55633113417,22.40000000000005
366,3.16221324977,-1.90932293471,-1.47354071288,-2.84846357955,22.40000000000005
367,0.304463899602,11.6327419329,8.335315106,-1.42331490127,22.40000000000005
368,0.69214742291,0.731907582287,-0.979539948237,-2.00311812291,22.40000000000005
369,0.726748464592,-0.135887400151,0.601075169152,-1.25522252286,22.40000000000005
370,0.348882868992,-9.00323852681,14.0371280264,9.67627476183,22.40000000000005
371,0.10197900307,-1.47156320873,-1.39938758585,-3.80180353854,22.40000000000005
372,0.510727817472,-5.03804754498,-13.6251868048,-4.73359829583,22.40000000000005
373,0.179470855948,-1.58370375798,-16.9385293085,-9.56015012117,22.40000000000005
374,0.182944307507,-2.65543750961,-1.43324852556,-4.02816643896,22.40000000000005
375,0.435727009392,1.10971979847,-2.55661873607,-4.87629628167,22.40000000000005
376,0.759802380054,-19.5877738159,9.16765352804,9.69754484722,22.40000000000005
377,0.154118548147,17.2920377327,0.677174502533,-15.4659006213,22.40000000000005
378,0.173264175075,0.333789327197,-2.23570495476,-0.909540653579,22.40000000000005
379,0.112382972277,-2.02465557697,-0.133680879513,-3.38113949782,22.40000000000005
380,0.291118356064,-2.08466541461,4.06183024569,-7.66789042754,22.40000000000005
381,0.13757655487,-4.46069240745,-3.32411096961,-0.0202198633694,22.40000000000005
382,0.211065235301,12.7622804378,-28.8598807571,11.4089654498,22.40000000000005
383,0.135856841739,1.2898068229,-1.90022078969,-1.75707229675,22.40000000000005
384,0.345144609002,-2.8138953676,-7.84807542677,-12.0498810661,22.40000000000005
385,0.701606782611,23.8947027968,-13.1058325881,-8.2085981664,22.40000000000005
386,0.966279552611,11.029812287,-8.76936174172,1.46593298212,22.40000000000005
387,0.213231933773,0.00362507078099,-2.31205612108,-2.45802756969,22.40000000000005
388,0.610011027802,-0.353039017853,-1.38915053584,-3.20445679934,22.40000000000005
389,0.145239178954,-1.19029248183,-1.16557515741,-5.27933333123,22.40000000000005
390,0.606410712128,-1.97028632334,-1.07161888681,-1.74285054176,22.40000000000005
391,2.11383794746,23.4285704645,16.0315258932,-1.84040319233,22.40000000000005
392,0.187166752652,-2.30506453198,-3.25695010444,-2.37462125938,22.40000000000005
393,0.225429087092,-1.80344599987,-2.5529134851,-1.59828514345,22.40000000000005
394,0.262311640248,-0.0824948115372,-6.08829831623,-6.34210123427,22.40000000000005
395,0.142071450731,-1.69638965019,0.241119987979,-3.44909819242,22.40000000000005
396,0.114440867356,2.73738536916,-3.62621981875,-11.7101706479,22.40000000000005
397,0.165020473638,1.52488580238,-0.721341987974,8.35489946821,22.40000000000005
398,0.427152365944,2.01866514813,-1.10285107835,-2.33592460195,22.40000000000005
399,0.217837690497,0.310444521652,-0.540697507972,-3.58998184066,22.40000000000005
400,0.484140535151,1.03461847487,-13.5434554097,8.25568405726,22.40000000000005
401,0.374902345417,-1.97615209699,-1.31487889597,-2.37760915905,22.40000000000005
402,0.356767086986,-5.17238002922,1.07022009795,-1.40823639385,22.40000000000005
403,0.599869582579,-11.1241584437,2.84979810079,-2.39142673257,22.40000000000005
404,0.347481670679,-0.0497995120296,-0.419059195343,-3.76546814983,22.40000000000005
405,0.369677633628,-2.64338102917,-0.604094970468,-4.10081838477,22.40000000000005
406,9.58158955963,-0.589914584373,-1.39828756031,-3.26815063368,22.40000000000005
407,0.923449377112,-0.726917603117,-1.39150713475,-2.64033997651,22.40000000000005
408,0.102517409088,6.6657757557,5.57131103565,5.89308388551,22.40000000000005
409,0.178958687025,-0.0888854365919,-11.6916252661,-3.67243655475,22.40000000000005
410,0.197782927323,0.409583345261,-1.39889725088,-6.34925055332,22.40000000000005
411,0.36860570878,2.45319810374,-4.11284518472,-1.61373940113,22.40000000000005
412,0.844318426073,-0.80147348205,-1.47427930274,-5.256994209,22.40000000000005
413,0.331257081059,0.546882286826,-7.90939334204,1.51969117546,22.40000000000005
414,0.490925903467,9.1202886193,12.9235565572,17.5535453486,22.40000000000005
415,1.67405408714,0.264224445435,-4.28010527874,-1.60636148782,22.40000000000005
416,0.10964381055,-0.0805190888468,-0.975623807817,-3.83271376431,22.40000000000005
417,1.72667257885,-1.4697345265,-3.14915899089,2.35098286288,22.40000000000005
418,0.258126984882,0.236822719873,-1.44835931133,-4.64020701493,22.40000000000005
419,0.907333205151,-1.806320015,-2.19274313259,-3.26259685076,22.40000000000005
420,0.520337891261,1.07985603598,-1.850858806,-3.39111269559,22.40000000000005
421,0.123517063918,-7.84822248084,-2.9161700043,-7.82035934081,22.40000000000005
422,1.02206730902,-0.559364625852,-0.577647903579,-3.76744846605,22.40000000000005
423,0.846436189699,-1.31365831217,-1.13490881513,-3.70682495194,22.40000000000005
424,1.14566667644,-1.16922263044,-0.972374250717,-2.97889962087,22.40000000000005
425,0.460759472435,-0.159504250803,-12.6550465764,8.37596359575,22.40000000000005
426,0.448703978436,0.673904191154,-2.78838331073,-6.0535459046,22.40000000000005
427,0.737314646157,8.63526719773,-0.320965012145,3.13606793024,22.40000000000005
428,0.175183281868,0.641057029906,-9.8995120418,-5.10321846284,22.40000000000005
429,0.651646100625,-0.53820413998,-1.65556035649,-4.28525834124,22.40000000000005
430,1.12946417042,-4.40456320963,-10.1144807189,4.31901248845,22.40000000000005
431,0.57205536518,-1.83039797974,-1.59129474163,-3.13114315485,22.40000000000005
432,0.291537760883,13.4038601931,-9.40774488878,3.05039296415,22.40000000000005
433,0.547536313862,-1.38603921194,-4.9604966781,-2.80181609941,22.40000000000005
434,0.233012023309,-5.27313820674,-10.4096196368,-3.0972579166,22.40000000000005
435,0.104941882746,-5.6287212945,-4.32772143812,-3.59094166368,22.40000000000005
436,0.181234823105,-0.822166408981,-1.54195076957,-4.29826677618,22.40000000000005
437,0.906510240672,-8.26754467842,6.33720296995,-0.877289317504,22.40000000000005
438,0.129081355779,0.522166063538,6.99523689747,-6.5835644989,22.40000000000005
439,0.172016127531,0.364185662067,-0.284481283835,-1.64271017352,22.40000000000005
440,0.265324437688,-17.4593385702,12.6760519632,-8.92496770433,22.40000000000005
441,0.686918978134,2.47928021802,-6.39262939562,-4.76917018311,22.40000000000005
442,0.558349769378,-1.46047001781,-3.02057394776,-4.53796535119,22.40000000000005
443,0.28024762442,0.683168748017,-1.10805140558,-4.26284499522,22.40000000000005
444,0.116306284569,5.82553614842,1.68251052496,4.43758062421,22.40000000000005
445,0.744242574658,2.48721954929,-3.16422944588,-8.83963682112,22.40000000000005
446,0.171155727639,-17.330931571,-13.9926641007,-2.28284588456,22.40000000000005
447,0.146626726116,-0.847973437949,-1.12672006114,-2.61340749654,22.40000000000005
448,0.135482841193,-1.70598751455,0.451975129743,-3.18725986673,22.40000000000005
449,0.116551477589,7.12063551239,2.36389417183,-3.16743617067,22.40000000000005
450,0.289266273737,8.82581096249,-13.8203853176,-14.9960136237,22.40000000000005
451,0.208547099838,-2.58938866955,-1.58329973927,-3.26006862297,22.40000000000005
452,0.118193654492,-1.63199668724,-0.256591816332,-4.63412375705,22.40000000000005
453,0.130241428502,1.18005098717,-1.64236144121,-5.36555949341,22.40000000000005
454,0.315755188926,1.3492561447,0.890956003819,-4.27926790563,22.40000000000005
455,0.269348017753,-2.48147019698,-2.80707736802,-2.8188899595,22.40000000000005
456,1.16191359423,-2.96957231931,-2.16323068522,-1.7002286957,22.40000000000005
457,0.280483112903,-1.14142610334,-1.03434024591,-2.64872511667,22.40000000000005
458,0.165829280556,1.40462017928,-2.1518926812,-3.66255383204,22.40000000000005
459,0.46426126767,2.06415354521,10.0708914885,7.35176959793,22.40000000000005
460,0.440594738169,-0.311929474455,-1.28411959311,-3.86003072687,22.40000000000005
461,0.886669362552,-1.02772835742,-0.513213689888,-5.23593664892,22.40000000000005
462,0.140853853695,-1.88473744721,-2.4799066474,-3.97976165642,22.40000000000005
463,0.200357329229,-2.72864930841,-1.10539432087,-3.90598982851,22.40000000000005
464,0.261720882283,-0.0828622481634,-2.12726682348,-3.89416985115,22.40000000000005
465,0.117249770659,-0.531722442179,-1.69607249737,-3.79540414493,22.40000000000005
466,0.125119151337,-0.0132510881176,-1.83783626531,-2.95731133799,22.40000000000005
467,1.39500226774,3.2123393312,7.04124835457,2.50948383669,22.40000000000005
468,0.137326617352,-1.21478464424,-1.2146438445,-3.02229839363,22.40000000000005
469,0.292970009796,0.173099719023,-0.903784028958,-3.92279933674,22.40000000000005
470,1.09905214873,-0.446017994783,-2.20632709081,1.46562559817,22.40000000000005
471,0.23961952135,1.8442941235,-0.955640495905,13.1360683208,22.40000000000005
472,0.11044183417,-2.18389231675,-2.37466266642,-5.48307935483,22.40000000000005
473,0.261811354401,-0.404212388406,0.0501286604569,-4.11769474976,22.40000000000005
474,1.03157030237,-1.91735824871,-1.67185620627,-1.79313326605,22.40000000000005
475,0.189219225901,-14.7290649303,23.4831941318,-2.92901527867,22.40000000000005
476,0.218876961003,6.59755418049,9.47584003933,-16.3592789238,22.40000000000005
477,0.184604112578,-0.360407078817,-1.9300528879,-3.85217551884,22.40000000000005
478,0.190238371563,-4.99817787641,-4.47461916437,-1.52768952574,22.40000000000005
479,0.943996763844,-0.0999910400166,-1.57158286319,-2.97820649965,22.40000000000005
480,0.91917607865,0.456180246755,-0.377987085821,-3.77789465722,22.40000000000005
481,0.102518215706,-1.01411736618,-8.4108216492,0.260296790267,22.40000000000005
482,1.40605479139,3.94136632543,4.47346496871,-12.1375000306,22.40000000000005
483,0.180544864645,5.70484456767,-20.683431383,-8.83641726315,22.40000000000005
484,0.174282906329,6.54457948027,1.27769133106,5.36905836752,22.40000000000005
485,0.133508521329,-0.113685304123,2.13158636546,8.72354924518,22.40000000000005
486,1.54121075049,-2.20477231531,-1.07242904546,-4.52767955623,22.40000000000005
487,0.183086940195,0.103905364879,-1.14997004643,-6.0630332397,22.40000000000005
488,3.01275089645,16.7486896936,11.6451294735,9.28015640541,22.40000000000005
489,0.146915690508,-0.297340327159,-1.51268083595,-3.40808367179,22.40000000000005
490,0.691109594475,1.95007464581,-1.85549758362,-4.21428359611,22.40000000000005
491,0.108935647941,-0.46895176521,-2.32917821068,-1.16175044442,22.40000000000005
492,0.297265922994,-4.4295506999,-5.97067619082,-8.66752922011,22.40000000000005
493,0.139935678679,-0.21141331045,-1.0479150355,1.38255495412,22.40000000000005
494,0.126128714769,-0.419064386895,-1.38840899006,-2.45807563419,22.40000000000005
495,0.222012518745,0.589837893274,-1.27814125169,-4.83795607454,22.40000000000005
496,0.138566061674,0.883094631131,-3.4574029713,-2.31123309242,22.40000000000005
497,0.218966079907,-1.74051461225,-1.72033005836,-2.78614263046,22.40000000000005
498,0.572023748474,-0.105280651217,-2.29504703947,-2.32383401962,22.40000000000005
499,0.248553425161,-2.04864177369,-1.23754048125,-1.59623531813,22.40000000000005
500,0.184495064507,-1.05938668473,-1.88060814856,-3.27139034263,22.40000000000005
501,0.231734660261,0.332465981813,19.1400144473,6.86623480351,22.40000000000005
502,0.443199862744,1.31195418884,3.58104521486,0.488471412647,22.40000000000005
503,0.660344883938,0.241188760301,-0.566064560283,-4.11361712783,22.40000000000005
504,0.488682352726,1.90932309831,-1.17029080191,-4.16773492781,22.40000000000005
505,0.244251792664,-4.63738732951,-7.17658847519,3.01396826951,22.40000000000005
506,0.812483398505,-2.21290362459,-4.90388941806,-0.355668783408,22.40000000000005
507,0.231070235063,-0.583898379455,-1.56259141628,-1.27129397781,22.40000000000005
508,0.114802306821,-16.8183910106,1.00067497761,-5.5983532817,22.40000000000005
509,0.218477760387,-1.23802373306,-0.135182917627,-3.97007575673,22.40000000000005
510,0.480167108361,-7.283812776,-3.56489582418,-2.46015986118,22.40000000000005
511,0.663217413358,-0.241791091569,-0.613994285159,-4.71382641276,22.40000000000005
512,0.153589466002,0.0670889594078,-0.0371788868128,-2.5815338489,22.40000000000005
513,0.201282453073,-6.00023073357,-20.1890488971,-6.16649517182,22.40000000000005
514,2.70724165841,-0.504589317872,-1.03367050715,-3.68246020093,22.40000000000005
515,0.824303841352,1.33154417436,1.57092397219,8.13402996666,22.40000000000005
516,0.441486765118,-6.90398142939,1.8671361028,-0.207221014296,22.40000000000005
517,1.04207866023,-11.2056519647,-3.95266191369,6.0566040514,22.40000000000005
518,0.185576680109,-2.94758243693,-1.16528597431,-4.91535389153,22.40000000000005
519,0.454272469447,-1.9392562454,-0.547187336477,-2.89938592891,22.40000000000005
520,0.141779662133,-20.9827837214,1.90892149258,12.4832389658,22.40000000000005
521,0.137716405804,-0.735182374725,-2.40274819316,-3.15734036025,22.40000000000005
522,0.171010776601,-1.13238142289,6.59382928406,-0.581432795666,22.40000000000005
523,0.734379073627,1.29746043786,7.94704119439,16.9754025179,22.40000000000005
524,0.145098066221,-2.79268126834,3.79212434007,-3.48105958851,22.40000000000005
525,0.143658878992,-11.1373127934,2.07407718915,0.694993749342,22.40000000000005
526,0.313120099373,-0.5350583344,10.7737539609,3.93228814418,22.40000000000005
527,0.407226970452,0.00618424992199,-4.91674160957,-0.381751166164,22.40000000000005
528,0.375484996236,-0.475155549902,-1.80628321134,-7.48343511873,22.40000000000005
529,0.154076362298,-1.63664607628,-4.60915990422,-1.71237772127,22.40000000000005
530,0.783956348729,-1.06099675856,-1.73843650979,-1.55133498182,22.40000000000005
531,0.794927244102,-2.83428353262,12.168884735,-2.29869114666,22.40000000000005
532,0.132307334014,-0.978712665818,-3.43861499161,-6.61139218314,22.40000000000005
533,0.134216210962,-16.7904163714,-12.0334721099,28.6063778605,22.40000000000005
534,0.110908788242,-5.51039671189,-7.12761161674,-5.66369537202,22.40000000000005
535,0.318272978967,-5.51006872732,-20.6336781413,7.08192669311,22.40000000000005
536,0.644877023927,-11.2919066227,-0.3752237437,-15.4578908509,22.40000000000005
537,1.0130705357,-2.84898048389,-2.68322995194,-2.72523745875,22.40000000000005
538,0.357582881774,1.3661428341,-1.3229187642,-4.58403547764,22.40000000000005
539,0.398961959771,1.5577856533,-13.0063054099,8.91012316544,22.40000000000005
540,0.113651168479,-2.53959793408,-3.00486306541,-5.46870892443,22.40000000000005
541,0.48054853904,0.0632881032043,-2.64845943877,-3.65956897548,22.40000000000005
542,0.231792316696,-5.79328053956,-4.49408185845,-3.34446378561,22.40000000000005
543,0.42310423866,15.4919592463,3.58470409769,12.6510280925,22.40000000000005
544,1.32239975641,-1.17693679837,-1.62800224468,-1.22734347331,22.40000000000005
545,0.524692761005,-4.40404965057,0.704343373703,-4.08424592263,22.40000000000005
546,0.499933904482,-0.538746979019,-14.6937610625,-5.52708310387,22.40000000000005
547,0.192939156852,-7.55266047482,9.22199158804,13.325753855,22.40000000000005
548,0.132745039514,3.28017568599,1.61799652047,-3.95308355742,22.40000000000005
549,2.22557846051,0.926044720631,-1.92426870182,0.693470708502,22.40000000000005
550,0.270911137414,-0.391870047479,3.5975459652,-4.74869819651,22.40000000000005
551,4.21242531449,-2.06384392721,-1.18172330502,-3.02803134576,22.40000000000005
552,0.127805095606,-1.49250914121,-3.38141957408,-4.8144220236,22.40000000000005
553,0.254790517495,-0.276709394823,-1.82716771123,-3.83908185929,22.40000000000005
554,0.411771888492,0.528708437589,-0.522333784522,-2.73648533401,22.40000000000005
555,0.45401672997,7.7040519857,10.4017623472,10.5795907445,22.40000000000005
556,0.13241784845,-5.1416679861,-1.90553998692,-9.66024791686,22.40000000000005
557,0.158440439091,-4.02972660107,7.51618973175,-29.8259831948,22.40000000000005
558,0.168819561691,-1.99701863493,-2.47041340078,-1.53884618901,22.40000000000005
559,0.169285952737,-1.84432956637,-1.42706597844,-1.76287367457,22.40000000000005
560,0.334598816837,-2.27265481906,-0.935911182943,-3.04363536552,22.40000000000005
561,0.388079980934,-0.462353936539,-0.884207776232,-2.78243728025,22.40000000000005
562,2.91459292057,-4.25991824121,8.99361330395,-0.77308488239,22.40000000000005
563,0.294938084211,-1.52742464029,-1.14579002518,-4.33551008634,22.40000000000005
564,1.32395072896,-0.235864168288,-1.45110782229,-3.01140154868,22.40000000000005
565,0.24924514244,-14.1718131113,-3.96430486357,-0.984701721457,22.40000000000005
566,0.570578046823,2.93987603063,6.51114962719,-5.24835636896,22.40000000000005
567,0.383961427254,6.1208361968,-3.9972407554,-4.65394909104,22.40000000000005
568,0.216692372768,1.06403032272,-1.43937931174,-4.55895983357,22.40000000000005
569,0.470979662937,-1.83552097161,-1.14406119394,-3.06011507788,22.40000000000005
570,0.139290202968,0.988952783925,-3.3411297495,-3.12059246095,22.40000000000005
571,0.129948683207,-8.25578802519,-9.53670718293,-4.41043074166,22.40000000000005
572,0.175270200729,-1.33610229907,-1.35847403523,-3.78392155936,22.40000000000005
573,0.152008019799,-4.6281494581,5.68670727002,4.38474647661,22.40000000000005
574,0.163695575437,0.204414167697,-3.24822915345,-2.78846359352,22.40000000000005
575,0.100369161069,-1.98614199717,0.886588100072,-4.31962157049,22.40000000000005
576,0.175317203178,-15.1874521084,0.457965343799,-11.0480517089,22.40000000000005
577,0.823541940342,1.55128508945,1.8514358376,-4.43568636004,22.40000000000005
578,1.89711199476,-0.589621625826,-1.50909110684,-3.07901724286,22.40000000000005
579,0.122072630655,-1.70562282252,-1.01371702198,-2.92083428695,22.40000000000005
580,0.189838157262,3.59322912923,-6.32210967848,5.71166493039,22.40000000000005
581,0.134113688204,-14.4479592813,-1.23988296241,14.4031422061,22.40000000000005
582,1.61075651766,-4.65918821789,-5.63287641752,-2.16074572652,22.40000000000005
583,3.67169090613,-2.11899353322,-1.34126117262,-4.60097222661,22.40000000000005
584,0.443002648996,9.25209371997,-2.28999322069,-4.05489658081,22.40000000000005
585,0.362592850478,4.39666858228,-3.21687373849,-3.23440489294,22.40000000000005
586,0.22615450965,-6.7885223717,0.0387433530025,-16.5611253405,22.40000000000005
587,0.582173246565,-0.232851799247,0.737217764384,-9.87412874365,22.40000000000005
588,0.215509890467,0.466553321675,-0.983105920394,-2.90365177722,22.40000000000005
589,0.918898630368,-13.3416693034,-0.802317217052,-0.891737996323,22.40000000000005
590,0.102568168881,-16.1172668341,-6.71681068201,6.77132969709,22.40000000000005
591,0.254999400584,14.270436142,1.66281984008,-0.231605993872,22.40000000000005
592,0.181080120417,-1.11664204904,-1.6693132567,-2.97990761007,22.40000000000005
593,0.243751822333,-1.60481540238,-4.03021033297,-4.02125998213,22.40000000000005
594,0.148531979955,0.306118080931,-1.54845428071,-5.80948449914,22.40000000000005
595,0.516147870693,-6.54509187198,-3.85622377955,-11.5496211529,22.40000000000005
596,0.203549567348,-1.62040526296,-3.3031284361,-3.02717317492,22.40000000000005
597,0.31803191269,-1.3513806951,-2.76548030721,-3.63373295548,22.40000000000005
598,0.435076298911,4.47586986648,-6.22964400344,-15.3923945028,22.40000000000005
599,0.170368199473,0.862983520423,-0.533375758613,-4.97552528402,22.40000000000005
600,0.961083462329,8.16944216694,14.2008536183,-5.00658136816,22.40000000000005
601,0.396439250317,-5.97806817491,-4.34320226847,-2.95907770609,22.40000000000005
602,0.207921581582,-0.406903988848,-0.50371642954,-3.95538883465,22.40000000000005
603,0.298739194083,2.15616478681,-1.76550264097,-4.22311801482,22.40000000000005
604,0.557366767554,-1.21459777637,-2.3612187732,-3.73174188745,22.40000000000005
605,0.364166210861,-2.00912757175,-1.8851130005,-4.54988874886,22.40000000000005
606,0.133442536836,-10.0581892974,1.26748504683,9.23242093811,22.40000000000005
607,0.412434536868,3.5965019713,-6.08580709078,-12.5922978495,22.40000000000005
608,0.174992630754,1.58028644639,-5.39339504241,3.16137538368,22.40000000000005
609,0.72668895257,-1.62434443993,-1.29930818109,-3.74077104977,22.40000000000005
610,0.316139776316,-0.509301942963,-1.96067842619,-1.28677998423,22.40000000000005
611,0.315357845458,-8.9795906714,9.63473210398,10.0491098305,22.40000000000005
612,0.101277476317,-2.72441691485,-3.15401161713,12.3319595845,22.40000000000005
613,0.107185793746,5.19281571616,-5.17918821832,1.46025276063,22.40000000000005
614,0.477641601642,-4.06445567023,-3.23437559562,-4.06852114463,22.40000000000005
615,0.252944762632,0.52499577523,-1.30090432,-3.50188105736,22.40000000000005
616,0.189751135119,-1.85982910218,-8.86678545911,-12.5290278669,22.40000000000005
617,0.622605768277,-14.3840600542,-9.84637404729,7.39605636278,22.40000000000005
618,0.493254590694,1.50518353949,4.01885430973,4.0813180233,22.40000000000005
619,0.289985358769,-7.12893727668,-10.873976756,-11.5655188151,22.40000000000005
620,0.276577009651,9.54492022687,2.94584647673,0.477336968128,22.40000000000005
621,0.16390980978,-1.62327206855,13.5075929473,2.79738027127,22.40000000000005
622,0.264388646978,-0.194483315464,-3.94155883216,-5.92474659106,22.40000000000005
623,0.728686904558,-1.34880472378,-0.707651724454,-2.61059815993,22.40000000000005
624,0.100188939434,8.3937944361,-16.9728404676,6.56094865234,22.40000000000005
625,0.25877870929,-0.448932347068,-0.328935842743,-1.72235006552,22.40000000000005
626,0.18163143358,-1.74016507834,-3.0341892546,-3.17690912834,22.40000000000005
627,0.414607172052,-2.41544851181,-3.22353936069,-5.22952411519,22.40000000000005
628,0.137059383084,-6.29481453592,3.20752483746,-1.68071766515,22.40000000000005
629,0.10262792488,-1.8739700701,-1.90694420806,2.1699882078,22.40000000000005
630,0.4519207132,-0.0710658840386,-2.65408440937,-6.00434304296,22.40000000000005
631,0.616876547245,-9.62138531852,-14.3953020362,8.393479206,22.40000000000005
632,0.317263818529,14.4630333299,10.6789016522,-2.3928454536,22.40000000000005
633,0.41763867279,-1.02211985088,-1.94067036802,-3.26426088922,22.40000000000005
634,0.63957111706,-11.2488348643,7.01478166337,21.0876858417,22.40000000000005
635,0.44881963273,0.215809634254,-1.55629979375,-1.41441978647,22.40000000000005
636,0.910912498716,-1.34994475993,-1.87287769334,-3.08486067588,22.40000000000005
637,1.23294109516,5.01696135407,-5.34107000587,-3.22127201065,22.40000000000005
638,0.155022444656,-1.26459855765,-8.61260514829,-6.84272958722,22.40000000000005
639,6.0067931379,-0.973114038651,-8.62827944453,2.05011607967,22.40000000000005
640,0.17808113556,-3.19748085252,-0.555377074037,-13.7884620584,22.40000000000005
641,0.573905989152,-10.3353779464,7.2217624906,-6.05304466805,22.40000000000005
642,0.377935944403,-1.93851008592,-2.31003445268,-4.19949020731,22.40000000000005
643,0.200862368517,-1.15485415482,3.17945698232,3.14718756619,22.40000000000005
644,0.346992477351,-1.70652926985,-1.16920534968,-3.64567269032,22.40000000000005
645,0.287601530483,-3.35012849918,-2.91910876886,-3.39938634962,22.40000000000005
646,0.18415151934,-1.20307015657,-1.75781255293,-2.60531455105,22.40000000000005
647,0.292049486763,-3.86117697507,-7.85404795878,1.65628784682,22.40000000000005
648,0.12594491911,-0.781516023127,-1.76526421732,-1.74695501171,22.40000000000005
649,0.345196610995,-0.0640660701837,0.417448988567,0.0784976094586,22.40000000000005
650,0.350258860651,-1.15485578341,-2.20154093346,-4.4509017846,22.40000000000005
651,0.1169376575,-0.216822482641,3.55011472397,-0.201178060306,22.40000000000005
652,0.473981858662,1.94536701896,-4.81781912739,14.3513444889,22.40000000000005
653,0.10196780221,-0.273065897915,-2.87999166246,-3.95358370227,22.40000000000005
654,0.516473854405,19.3315248053,13.626367176,2.23772732297,22.40000000000005
655,0.259799607639,-20.2293595216,2.3219047862,-15.1653653224,22.40000000000005
656,0.572931810188,-24.9831046673,-3.20648714754,-17.2136482994,22.40000000000005
657,0.177418104721,-3.29793965106,5.73018312262,2.96312870809,22.40000000000005
658,0.21104831188,-2.45190814986,-3.54874806841,-4.36597215945,22.40000000000005
659,0.499132703663,-0.460818190437,-1.55971931222,-4.68532856122,22.40000000000005
660,0.2003177297,1.32304247395,-11.4843269111,5.14944814957,22.40000000000005
661,0.154824293897,-2.29304757629,-2.34976640605,-2.85052290991,22.40000000000005
662,1.52306725893,-0.727425680735,-0.626053833826,-4.11461420536,22.40000000000005
663,0.249234191796,-0.522640058172,-2.48936273308,-3.38984942832,22.40000000000005
664,0.163245455195,-2.87376937171,-1.47729748711,-3.5026074649,22.40000000000005
665,0.212396961208,-1.37132688782,-0.954329982741,-5.05808949256,22.40000000000005
666,0.217890511256,6.70568497105,15.7542089427,-1.75031844612,22.40000000000005
667,0.110053830716,16.6392037608,-2.70294286279,1.04504618027,22.40000000000005
668,0.185606308855,-16.7254054354,-14.9900535095,5.18487825953,22.40000000000005
669,0.141547135516,0.427826037088,-0.396954959703,-2.77550212447,22.40000000000005
670,0.709429046975,5.56317485816,12.6830332061,6.89197073253,22.40000000000005
671,0.126644652768,-4.40737347234,-8.85897006731,-12.9589327714,22.40000000000005
672,0.347498003183,0.654080943282,-4.05275400163,-3.59431428399,22.40000000000005
673,0.469839247116,2.7170586262,2.41980257796,-4.4387043367,22.40000000000005
674,0.199580176581,-2.01792873699,-2.89767484495,-13.5161591651,22.40000000000005
675,0.234396185524,-0.577475891995,-2.72835292958,-3.94390432886,22.40000000000005
676,0.356950085706,-1.39238049174,-1.24872101309,-4.15417438481,22.40000000000005
677,0.162076117505,6.49650379008,5.12660081978,18.3243735574,22.40000000000005
678,0.476203934092,0.0743576722652,-1.37079175296,-3.18836994539,22.40000000000005
679,0.597671277111,-0.0649889659877,-1.33366896942,-2.08590407381,22.40000000000005
680,0.105179829418,-1.0987844462,-0.829377830686,-5.56481432594,22.40000000000005
681,0.112632500669,-0.737019168416,-0.583024829506,-2.00177068175,22.40000000000005
682,0.217847542005,0.830956102103,3.01371344476,1.94765734797,22.40000000000005
683,0.123555717728,-1.72315598306,-2.33149852234,-12.6829539626,22.40000000000005
684,0.302154067216,0.266418758191,-1.73667360711,-4.69836093269,22.40000000000005
685,0.305233818813,-0.614652126664,-1.28158931601,-4.9489710875,22.40000000000005
686,0.354753393201,-1.63278371576,-1.16766339594,-4.34778433683,22.40000000000005
687,1.23868893803,10.9459447914,6.55496156493,2.36349268395,22.40000000000005
688,0.861185837024,-15.87413371,2.03079462407,-6.56374132082,22.40000000000005
689,0.122822079036,-0.472875551317,-2.02327856776,-3.13829079807,22.40000000000005
690,0.197824134763,7.35427533141,0.605307261908,1.04062396318,22.40000000000005
691,1.43455900216,-0.791984861955,-1.22279385857,-3.18809572883,22.40000000000005
692,0.714635150628,-2.08828602252,-2.42259452134,-4.25826035968,22.40000000000005
693,0.357459407834,-0.660839004715,-2.43430139822,-3.3427181102,22.40000000000005
694,0.189594209756,1.72538122301,-2.35335611167,-2.75371461263,22.40000000000005
695,0.140324738936,-12.3470151781,1.96308131234,-1.84262278488,22.40000000000005
696,0.165185714038,0.024942075138,-3.47022814912,-3.87960365719,22.40000000000005
697,0.182472814999,2.16877941127,-5.92334534843,-6.33990419194,22.40000000000005
698,0.298820263504,-3.7804339761,-6.41635411547,1.9662854951,22.40000000000005
699,0.10445328537,-2.55399602319,-1.53661765983,-3.42897018154,22.40000000000005
700,0.134756654278,7.29809477698,-13.3621506597,4.62538727564,22.40000000000005
701,0.633426484506,3.36955990418,-4.91881765088,14.3384377298,22.40000000000005
702,0.491204513162,-4.12360881492,20.1806265553,13.6342683015,22.40000000000005
703,0.631041257224,-1.06606317288,-2.15223916868,-2.97915404658,22.40000000000005
704,0.305880461908,-1.72544761168,-1.45911108693,-4.25617052953,22.40000000000005
705,0.537798655978,1.49273194567,-0.444884902226,0.423337153275,22.40000000000005
706,0.15644591027,-11.5893721172,11.1538822324,6.66236495191,22.40000000000005
707,0.148510386019,-0.554678424184,3.67476779041,-13.7891664822,22.40000000000005
708,0.29144611544,-4.13469671379,11.6469311458,-11.1805269899,22.40000000000005
709,0.221613510278,4.3616484688,-0.765044053978,-4.55147674268,22.40000000000005
710,0.121239792796,5.23300709748,0.226949733564,-3.10453507188,22.40000000000005
711,0.293959899336,-11.7690310852,-5.39122954588,-6.10479131564,22.40000000000005
712,0.929724387646,-1.29753486901,-1.95266973999,-5.05781234626,22.40000000000005
713,0.323606334621,-2.28499929228,-3.69641675108,10.0142175921,22.40000000000005
714,0.622560943668,-7.11856182271,-4.15635850209,-2.1063892269,22.40000000000005
715,0.504546994292,9.92083040031,5.05324477566,38.1351744607,22.40000000000005
716,1.28812314621,5.21961040506,8.78692963416,0.835600120204,22.40000000000005
717,0.274062375346,-2.29156571512,3.4745283828,1.13110465839,22.40000000000005
718,0.646832316779,24.0088283693,1.09299527892,5.23191369298,22.40000000000005
719,0.352535014487,-0.640992479829,-11.8983237627,3.4215945209,22.40000000000005
720,0.548992881574,10.4232551939,-4.40801082857,-4.83461548869,22.40000000000005
721,0.131043699835,-2.44917813673,-7.1273824207,-9.59328290193,22.40000000000005
722,0.145310460721,-7.80794499924,-1.77929542517,-12.0661791466,22.40000000000005
723,0.171308448044,5.18139383805,-13.060477589,-3.54374606589,22.40000000000005
724,0.237609078862,-6.82120672053,7.22573271452,4.46462262753,22.40000000000005
725,0.303035722769,-2.18609524116,-0.998320850574,-2.88462812783,22.40000000000005
726,0.560451774604,-2.29121091256,0.246863412548,-2.34385896937,22.40000000000005
727,1.08842660631,-1.17601618991,-3.05961173492,-3.67503012017,22.40000000000005
728,0.344349316007,0.378023787045,-2.62067164686,-1.04916778462,22.40000000000005
729,0.628042446686,4.41692257089,10.2071552674,-16.2903469287,22.40000000000005
730,0.10220613527,4.01448417743,-6.56486343899,-7.29771804423,22.40000000000005
731,0.148707700921,-1.2706789894,-2.18902898732,-3.12391686657,22.40000000000005
732,1.42980159252,1.68167786149,14.5109825481,-19.7462727268,22.40000000000005
733,0.179368082126,-17.69792825,20.4675049204,10.9256254347,22.40000000000005
734,0.100019931293,4.13838839678,-0.84501875866,3.84642520671,22.40000000000005
735,0.356705822237,-0.742441353573,-0.756341047068,-3.78229596178,22.40000000000005
736,0.225094891338,-17.7689481228,13.921973619,4.5054960045,22.40000000000005
737,0.514555808049,6.46392407127,-9.54832602201,-5.44913126319,22.40000000000005
738,0.793559578554,1.43267520163,-0.0552235832837,-5.53934292382,22.40000000000005
739,0.145277298754,-0.789057783247,4.07271705054,0.75819262186,22.40000000000005
740,0.111378455515,-0.537008677171,-1.55561665677,-1.86342023945,22.40000000000005
741,0.166069798826,-4.33657072827,-6.10981100038,-3.93561436701,22.40000000000005
742,0.152451227438,-2.83522240501,-0.813832228056,-2.5304767645,22.40000000000005
743,0.170806852313,0.13248926835,7.20897006667,9.00803394643,22.40000000000005
744,0.14163081459,3.54031364046,-19.9203656328,-22.7661624029,22.40000000000005
745,0.305511592144,0.55332307855,-1.95903726943,-1.60250166624,22.40000000000005
746,0.212676614555,-4.79509989588,-6.86993392328,6.88285352722,22.40000000000005
747,0.28105940263,0.528858718544,-3.4803865359,-5.09101227205,22.40000000000005
748,0.718993772751,0.789220923326,-2.33340110517,-3.06183835865,22.40000000000005
749,0.652150870856,18.4585389304,-23.6353289478,-1.30817268769,22.40000000000005
750,0.110572918829,-3.23791048506,-3.94421449706,-2.14861717648,22.40000000000005
751,0.112204606332,-3.38534577924,15.584267846,19.3486616035,22.40000000000005
752,0.407929255169,-2.65660073741,-0.955812758805,0.346472812938,22.40000000000005
753,0.986702962358,-1.01353253197,-0.546594090788,-4.10361247221,22.40000000000005
754,0.195673759294,0.691750929445,0.832754295369,-4.04501193477,22.40000000000005
755,0.146552792385,-0.722498833113,-9.52609869715,16.8522291224,22.40000000000005
756,1.20345717279,-3.52677957073,-5.09777738115,-7.46592087992,22.40000000000005
757,0.867334663743,-1.84643573421,-1.43416765869,-3.41467422935,22.40000000000005
758,0.135373444171,-0.0755333204639,-17.2810371375,5.64266787887,22.40000000000005
759,0.575460227736,-4.86791794371,22.3822324008,12.9694214156,22.40000000000005
760,0.167974422393,0.132113713996,-1.22997239302,-2.94068605775,22.40000000000005
761,0.116805198636,1.14677197615,-0.163625933403,-5.3133328032,22.40000000000005
762,0.11122101462,-1.78976798012,-3.15187398513,-2.81742956981,22.40000000000005
763,0.245759160598,0.757856294288,12.1325062252,5.62522701392,22.40000000000005
764,0.191365451006,9.513530882,-6.41910441793,8.19545135156,22.40000000000005
765,0.170955080215,-0.626230439429,-1.91956848206,-4.99348403454,22.40000000000005
766,0.411465828731,6.24571570493,-3.48593793336,4.93653239982,22.40000000000005
767,0.177105285715,-4.19061239829,1.31015551549,-5.58727507066,22.40000000000005
768,0.196048022478,-7.01014045713,7.81002262547,-5.59368247552,22.40000000000005
769,0.328668265456,-2.50661793891,-3.42158358484,-3.46712927838,22.40000000000005
770,0.51812719321,7.67963124246,-6.94595686263,0.950689684381,22.40000000000005
771,3.30288408392,0.544888736388,-2.1906708949,-2.39258824061,22.40000000000005
772,0.369657514049,2.27192601465,2.97496793195,-8.86880101036,22.40000000000005
773,0.545975196929,-1.18221071924,3.24737610176,-8.91970684684,22.40000000000005
774,0.234687115134,-1.40079369433,-0.358740706345,-2.13399128464,22.40000000000005
775,0.101286028775,-0.865183508347,-1.40621543545,-3.4263146854,22.40000000000005
776,0.604465601612,4.01861912235,-8.10533029243,-4.12104896701,22.40000000000005
777,1.15775439925,-18.5631401752,-9.05132501117,-15.533294299,22.40000000000005
778,3.31347361634,-1.19248721874,-3.01562365837,-4.50472719546,22.40000000000005
779,1.54797153557,-0.19397326814,-1.12890578806,-3.82323443895,22.40000000000005
780,0.227274931042,-1.40367485509,-1.75224572058,-1.25723468081,22.40000000000005
781,0.118133526442,-3.06741319279,-1.10494288656,-3.79803668627,22.40000000000005
782,0.378062281894,-1.21120510045,-1.77086414287,-1.5654122822,22.40000000000005
783,1.12600425188,-2.5081411052,-2.86431489706,-4.5885684894,22.40000000000005
784,0.136017251131,-13.8876898079,-25.0402197124,19.4140491827,22.40000000000005
785,0.145041447374,4.73652486038,-9.44521367615,17.5306390609,22.40000000000005
786,0.208989802595,14.0034996991,28.0168713458,-10.8480830063,22.40000000000005
787,4.26977046822,-3.67658210772,-5.47134423837,-4.59697381451,22.40000000000005
788,0.134670421443,-2.52971593422,-5.38654571818,2.77908322606,22.40000000000005
789,1.86950581003,-1.70937899916,-1.33259317654,-3.38218589263,22.40000000000005
790,0.139363160258,0.455358103655,-2.23730336581,-2.99159784149,22.40000000000005
791,0.200977591451,-0.857064682246,-0.84032455478,-3.36547960619,22.40000000000005
792,0.453885823214,-0.694554556262,2.06909229785,4.28272599206,22.40000000000005
793,0.190364484087,1.0464327569,-2.92387995255,-6.50505798624,22.40000000000005
794,0.17990324032,7.89695414052,-5.50101927372,-1.77592894624,22.40000000000005
795,0.54346144826,-0.28186945442,-1.84676826414,-4.094671265,22.40000000000005
796,2.48449381306,-13.4691872466,-0.916285814386,14.2380782427,22.40000000000005
797,0.175469058863,-0.809202552048,-0.129473936758,-0.45145870607,22.40000000000005
798,0.400919431205,4.53886113237,8.92779043156,9.95547673171,22.40000000000005
799,0.248150486572,1.73218752066,-0.156277673837,18.1194970132,22.40000000000005
800,0.106436471033,-3.10486355615,-11.0633503164,-4.21298513359,22.40000000000005
801,0.37676242812,0.819918898938,-2.66703212998,-2.19689408359,22.40000000000005
802,0.111411903797,-0.19704700116,-1.05636289038,-5.60544115148,22.40000000000005
803,0.13752110198,3.63597501147,-25.1315144616,18.0648979535,22.40000000000005
804,0.104027001397,-3.93924435578,-2.81553406335,1.89847558409,22.40000000000005
805,0.451956740571,-0.0865375767736,-0.319361979914,-13.0107333471,22.40000000000005
806,0.63972600681,-1.23201426678,-0.978926684851,-2.65921621899,22.40000000000005
807,0.301163138631,-3.88416001267,-3.47206827396,-4.85437380297,22.40000000000005
808,0.550584854457,2.11362870125,-3.562030859,-3.96546086256,22.40000000000005
809,0.877554809714,-0.0605489647562,-0.603241995244,-2.40956410657,22.40000000000005
810,0.231416717747,-4.02213971156,-1.91694935025,-1.56236088659,22.40000000000005
811,0.31060887108,-1.2110262806,-8.91202559371,-9.72567927812,22.40000000000005
812,0.70088685934,-2.22711929158,-1.20994497779,-3.48853182976,22.40000000000005
813,7.77655382126,-1.57176964616,-1.6432550467,-2.99109879615,22.40000000000005
814,0.275065592958,1.25850425495,-1.31574523903,-6.02876030344,22.40000000000005
815,0.836229940009,-4.53992877661,8.51802939382,-0.0138993889704,22.40000000000005
816,0.208184083031,4.24083328166,2.75889353695,3.47750648252,22.40000000000005
817,0.137131499612,0.310264834777,0.0106642906315,-1.90832232184,22.40000000000005
818,0.434847374912,-1.82393300746,-2.39555012741,-2.80559322181,22.40000000000005
819,0.151344272855,-0.231127148703,-1.39480961425,-2.94780300776,22.40000000000005
820,0.299647789064,-5.29937828188,1.32777390491,5.87056420537,22.40000000000005
821,0.10574008732,-3.47084428919,-0.886909758047,-4.08844521863,22.40000000000005
822,0.879237101418,3.3961762044,-15.6276647032,-7.9330163124,22.40000000000005
823,1.49169030028,-4.98220141368,9.63178617506,-22.7275934367,22.40000000000005
824,0.23004487038,4.27260789758,-1.5518968684,-12.6541535767,22.40000000000005
825,0.523893085772,-1.3256552368,0.863535161332,-4.14579716274,22.40000000000005
826,0.13651676944,-6.28649896993,-7.59892366178,18.3445433676,22.40000000000005
827,0.297529587646,-8.49742797,8.35326423023,8.30543037606,22.40000000000005
828,0.164312148547,7.40440606129,5.98300095661,17.9513933585,22.40000000000005
829,0.635101587794,-0.546197158091,-1.60892018898,-2.56399315598,22.40000000000005
830,0.183730799856,1.02252517323,-26.2267585761,24.8282305345,22.40000000000005
831,0.256508495505,-0.164654091493,-1.13800996324,-1.76654451623,22.40000000000005
832,0.723271721332,0.281088182952,-7.44564852339,-5.68947208695,22.40000000000005
833,0.157906353738,-5.86886220125,-4.50272293254,-7.55352761422,22.40000000000005
834,0.679779399192,2.13445362,-2.11000339298,-10.777613713,22.40000000000005
835,0.474265120219,-0.726465961089,-1.97350152066,-2.13294249896,22.40000000000005
836,0.767965174016,13.5574822584,2.05016580097,-5.66755249242,22.40000000000005
837,0.409427390299,-1.40758814802,-2.79142901517,-5.30141276768,22.40000000000005
838,0.102826225486,-0.83223250975,-1.35032492911,-4.48489818609,22.40000000000005
839,0.126859963868,-9.95422963133,2.40156874118,-2.06878237436,22.40000000000005
840,0.445702547269,-11.3300720128,19.4761921652,-6.1007815093,22.40000000000005
841,0.63212201919,2.18103195717,-0.79361038445,-4.21585484551,22.40000000000005
842,0.218256066444,-2.79922987681,1.28957230116,2.56334741955,22.40000000000005
843,0.129920881796,1.4912468967,10.7993762915,-6.66416852201,22.40000000000005
844,0.805757219726,-0.497422417082,-3.96749457632,-3.78683195424,22.40000000000005
845,0.492038163771,-0.0384198543979,-0.602533572676,-4.16914376612,22.40000000000005
846,0.838010043776,-3.68524754522,-2.39774737613,-4.24661232805,22.40000000000005
847,0.154703516512,-1.9073973358,-1.29686331672,-4.64589351755,22.40000000000005
848,0.166060613621,-0.621153141888,-3.68978115443,-3.47617484804,22.40000000000005
849,0.7899103257,0.594035232194,-2.23659123019,-5.35685363545,22.40000000000005
850,0.482285531355,-1.00607747266,-3.10151430664,-1.81538280682,22.40000000000005
851,0.247802106025,10.0698935797,-10.293106792,-4.94328194781,22.40000000000005
852,0.181505111736,2.18768882494,-3.37240541083,-3.335022119,22.40000000000005
853,0.515892377699,0.414137666531,-0.902420151148,-3.55334692551,22.40000000000005
854,0.153603245092,13.0002291398,-13.5842457006,-0.0818264939449,22.40000000000005
855,0.193324380784,2.00310721337,-3.41647822508,2.08197601093,22.40000000000005
856,0.109578248066,-2.96094486297,-1.02423881063,-5.87115347855,22.40000000000005
857,0.141926696015,-1.1060471352,-2.41276126654,-4.21329188335,22.40000000000005
858,0.306800366378,-22.8594769788,-1.89372895295,-14.5879428705,22.40000000000005
859,0.325810743608,1.81493818077,-2.25791257557,-3.19289904244,22.40000000000005
860,0.212295706161,9.75243233196,-3.05781976927,-11.3020729341,22.40000000000005
861,0.147847306883,-0.747203266154,-1.29659383322,-3.27128477962,22.40000000000005
862,0.414476551009,2.01221698214,-1.18644380108,3.15383209485,22.40000000000005
863,0.453478065388,-1.28708029785,-1.38644494141,-2.18167222957,22.40000000000005
864,0.405115267179,-13.2421109604,-21.9386163286,-11.9174196437,22.40000000000005
865,5.736846394,-0.68280556649,-14.8287140207,-4.54443618743,22.40000000000005
866,0.198250004439,-0.906309440363,-1.14896939478,-2.05598923172,22.40000000000005
867,0.132013566959,-12.10267985,-9.42232659072,5.26895917146,22.40000000000005
868,0.249347059196,-13.6251079435,-5.73654023242,-12.08468604,22.40000000000005
869,0.445853065494,-0.22989646851,-2.5774878725,-3.46213711614,22.40000000000005
870,0.630693592641,-3.9413415004,-1.63490051671,-2.4019072775,22.40000000000005
871,0.552789793593,-0.188481562174,-3.42028524886,-0.761612451486,22.40000000000005
872,0.92294606759,-0.983994388807,7.16773999421,-0.899460757603,22.40000000000005
873,0.233735730166,2.8366523457,-17.0655510828,-4.54895024889,22.40000000000005
874,0.416385879587,-3.53898628216,1.82395362169,9.27113637285,22.40000000000005
875,0.348627128181,-1.76243882296,5.78218904198,-1.34068869328,22.40000000000005
876,0.808308438897,-1.62254243885,2.13306904959,10.387119287,22.40000000000005
877,0.116295639595,-0.701194743999,0.703066926938,-4.190973064,22.40000000000005
878,0.12930237188,6.25416985161,-3.59977210253,-2.23927888666,22.40000000000005
879,0.135660001583,0.160346599941,-1.52690449865,-3.71744295859,22.40000000000005
880,0.186600505864,-2.74905234744,-10.5725166868,-1.37493847691,22.40000000000005
881,0.192181495582,-6.50491924851,-11.4248068527,17.6529022034,22.40000000000005
882,4.25794490398,-3.09625146115,6.29981917695,5.86064022741,22.40000000000005
883,0.905188889687,17.3623453087,1.01590794865,2.16065702264,22.40000000000005
884,0.502342608708,-1.69226139234,-1.30861875785,-2.66584395426,22.40000000000005
885,1.16507490606,-0.483096881023,-18.9422351371,-14.8225711299,22.40000000000005
886,0.111798462333,4.5155111516,-9.26069206565,-13.0890008899,22.40000000000005
887,0.14363831324,6.022014557,-7.13177584084,-10.6745784916,22.40000000000005
888,0.141920301122,-2.86065487022,-1.27305763486,-1.81106311006,22.40000000000005
889,0.117555951901,-1.00451516377,-1.44562602642,-4.3602985543,22.40000000000005
890,1.97898676506,0.70635019792,-2.53628033113,-4.02063637247,22.40000000000005
891,0.123564457865,-1.85047560142,0.812761446058,5.64516753586,22.40000000000005
892,0.598178927464,-1.98680645752,0.163514887059,0.862211578775,22.40000000000005
893,0.815215667066,7.38198952824,9.50860947551,-2.52543864938,22.40000000000005
894,0.249698736371,-2.31153411784,-2.23013001286,-3.67700528345,22.40000000000005
895,0.161990441172,-1.38360499775,-3.35299996024,-4.31331655023,22.40000000000005
896,0.163787171357,-1.61176353054,-0.211558895877,-3.54414712841,22.40000000000005
897,0.142004879925,-0.468457356565,-1.81437652039,-3.33781377453,22.40000000000005
898,0.106947989753,1.02199680428,-3.69622941101,-3.56615464533,22.40000000000005
899,2.22772844526,-0.492627145757,-2.02346639873,-3.12063030504,22.40000000000005
900,0.137185682784,-0.826009496062,-1.61315143376,-3.62683332292,22.40000000000005
901,0.305293994275,-0.458652175315,11.1377866895,2.62353133409,22.40000000000005
902,0.162034673172,11.1577752982,-18.1846277493,17.1164403808,22.40000000000005
903,0.554360676592,-1.79175249475,-1.20261478385,-3.43669776761,22.40000000000005
904,0.426277707332,-14.7476071208,-4.80761563457,-15.0885859566,22.40000000000005
905,0.464631768457,-2.00585758358,-1.48984602219,-2.70734252265,22.40000000000005
906,0.139109228623,-0.892168063779,6.02608027338,-6.42871629801,22.40000000000005
907,0.537858090536,-2.12015969083,-2.65763149887,-2.26994707135,22.40000000000005
908,0.384318287145,-1.27955389644,-2.63977564967,-4.82670212216,22.40000000000005
909,0.838892229466,-10.266460998,-6.77717187443,-0.310621341949,22.40000000000005
910,0.126891990317,-3.13094590472,-4.6976848932,-4.48410635557,22.40000000000005
911,0.954983781158,4.39479330949,-15.9381197177,-10.5789819918,22.40000000000005
912,0.365522085976,1.60131427783,-2.8023498967,12.9441077829,22.40000000000005
913,3.93526905981,-0.699336716672,-1.7610350732,-3.83049254208,22.40000000000005
914,0.359471527663,15.6035812054,9.25734571236,10.1300242356,22.40000000000005
915,0.198414386747,0.248867094179,-2.56575075073,-4.65989539253,22.40000000000005
916,1.01721423498,0.154081498882,-3.1825312365,-4.23571033426,22.40000000000005
917,0.15613795275,-1.97408530281,-1.53304192087,-2.79546090313,22.40000000000005
918,0.18150042034,-0.972458149412,-0.620997136266,-5.25073777523,22.40000000000005
919,0.575913797341,2.1802059982,-1.62437274223,-5.70365524062,22.40000000000005
920,1.4481018963,1.02270703162,-1.32803354652,-1.7801098052,22.40000000000005
921,0.486800803704,-2.36641623118,-1.03151696037,-3.31821872799,22.40000000000005
922,0.136117884547,1.62276427363,-3.02502190262,-4.69825990655,22.40000000000005
923,0.315922318409,-0.774643921977,-1.58434636849,-3.3865762607,22.40000000000005
924,1.23544300467,-1.09550232424,1.10860427855,1.81899578117,22.40000000000005
925,0.602365569054,-9.97958817586,-14.2113351837,-20.5033503317,22.40000000000005
926,0.209650344105,-4.36523746827,6.1057581821,-2.40559086461,22.40000000000005
927,0.248526374419,-0.441519798339,-1.51620171392,-2.02218729221,22.40000000000005
928,0.115932224733,-2.04519785986,8.95784397986,-0.292865581756,22.40000000000005
929,1.8705339342,6.7668455664,-0.466522788949,-7.82511029216,22.40000000000005
930,0.961935841654,-2.13075348551,-2.312377398,-3.37067775774,22.40000000000005
931,0.211008354049,-8.6614605741,-16.6057248995,7.24051599965,22.40000000000005
932,0.849145642867,-0.982175105129,-9.75194990055,3.07450462247,22.40000000000005
933,0.706058190769,-2.16920853163,-28.9311802902,5.54392832244,22.40000000000005
934,2.58018923973,-1.7881037794,-1.35700715375,-3.5364657143,22.40000000000005
935,0.403220467424,4.33949555533,-3.68128148781,-6.9012789271,22.40000000000005
936,0.666433517436,4.07928124738,0.568849998095,-10.43502039,22.40000000000005
937,0.309446866134,2.69328077467,1.70194704969,8.40606221412,22.40000000000005
938,1.26236375412,-0.265173395107,-1.55237070281,-3.72916670268,22.40000000000005
939,0.258247207518,0.47839053984,-2.05793981896,-1.75040703769,22.40000000000005
940,0.101643400321,-0.106133387937,-2.24686079177,-3.5369851519,22.40000000000005
941,0.256260981954,-1.81286886098,-3.76630242688,-5.23579670009,22.40000000000005
942,0.906750704797,-2.92463632869,-1.60666670295,-10.9456572861,22.40000000000005
943,0.540500174078,-6.71286065308,-0.165148312222,-9.25807985748,22.40000000000005
944,0.111724964237,-4.09481655204,-4.71907636567,-4.43878196099,22.40000000000005
945,0.100980370736,-2.88069964508,6.12079171661,6.23235851727,22.40000000000005
946,0.296856692284,-2.76027542102,-9.18440299467,7.58859545277,22.40000000000005
947,0.478788738188,-1.12704557831,-2.02906080017,2.13526790755,22.40000000000005
948,0.177628615483,-10.9007093173,-1.67046824214,9.42175907884,22.40000000000005
949,0.102888307197,-2.49283435632,-1.95173529971,-4.77127814448,22.40000000000005
950,0.209453562207,-17.697055045,1.19131251986,-1.56498126444,22.40000000000005
951,0.150186244755,-0.00797893146794,-6.21411941497,0.937864946098,22.40000000000005
952,4.50684705455,-5.00273711385,-6.84112685234,6.47023778115,22.40000000000005
953,0.158565644799,22.8119873304,-6.48449379096,-1.1413291946,22.40000000000005
954,0.403514410444,-2.10653097692,-2.4232113021,-3.81955019898,22.40000000000005
955,0.250922335896,10.2323801147,-6.85308372897,-0.821899257945,22.40000000000005
956,0.326223055344,3.81606108655,-4.35138054835,-4.46496558892,22.40000000000005
957,0.459221505024,-3.35891238162,-1.95390995829,-3.97820330284,22.40000000000005
958,0.980073363726,0.545990572172,-1.63782134023,-4.26136236698,22.40000000000005
959,0.154219954769,0.424431457862,-2.3354639709,-4.28377619212,22.40000000000005
960,0.447697761769,-1.99556600872,-1.60670016561,-2.58509669391,22.40000000000005
961,0.102033562423,-0.541810520471,12.5091168634,-3.57108160888,22.40000000000005
962,0.260273742414,0.259744549503,-2.62096433991,-5.94259481985,22.40000000000005
963,0.652638130364,-0.875465991752,-0.0918403428501,-4.3626057257,22.40000000000005
964,0.20467547911,-1.25165183675,-2.06808159115,-4.5929939214,22.40000000000005
965,0.29671794869,0.94996254933,-0.889067215069,-4.2911576561,22.40000000000005
966,0.152708535062,3.02094811107,-4.86115064957,-8.21639059892,22.40000000000005
967,0.253768108656,0.844256106344,-2.31915103354,-3.18462493257,22.40000000000005
968,0.164599422739,-5.45509618511,-15.8411080552,2.93488042927,22.40000000000005
969,0.305689714908,0.00851509913995,-2.96735685064,-2.90573626317,22.40000000000005
970,0.538550584084,-6.29420411845,-2.28550202486,-15.1003949475,22.40000000000005
971,1.45224191227,-0.0158582771532,-6.29903083617,-7.56303817916,22.40000000000005
972,0.180821288914,3.77206927982,0.885745643513,-5.05699651996,22.40000000000005
973,1.01969920812,-0.768627430234,-1.14357628354,-2.96320910885,22.40000000000005
974,0.221556026515,1.68342416173,-3.30585194225,-3.19547911265,22.40000000000005
975,0.451766841403,-0.696200772025,-5.4951858495,7.05050024067,22.40000000000005
976,0.219148637411,0.323649321326,-0.102564990968,-14.3130311353,22.40000000000005
977,0.29411592933,-2.36240069736,-3.36129924148,-3.63695399367,22.40000000000005
978,0.381145398781,-3.78000328477,-2.70184032145,-4.32155889186,22.40000000000005
979,1.46508522775,-15.1660805227,10.3663228865,-10.9305918673,22.40000000000005
980,0.23728542876,0.711976201051,-3.9236870944,-3.18325929074,22.40000000000005
981,0.10030297133,-2.04499464449,-9.44851285143,-7.4870921983,22.40000000000005
982,0.27001107903,1.45663793191,-1.24503959746,-3.79101013091,22.40000000000005
983,0.165945261862,-1.74058839401,-2.34997790702,-3.2503768667,22.40000000000005
984,0.184509512373,0.52965254536,0.147733402137,-4.2795343642,22.40000000000005
985,0.634211699255,2.69949664906,-7.02275261987,-3.65339284737,22.40000000000005
986,0.881345465383,12.3017872698,-10.2666832425,4.29562442038,22.40000000000005
987,0.458809637736,-9.06740826313,-12.2764586898,7.24620670903,22.40000000000005
988,0.320209979874,-0.5634804313,-1.72072882744,-2.38675139785,22.40000000000005
989,0.254300240151,-1.89912213021,-2.27698301327,-4.20439128203,22.40000000000005
990,0.273660974658,-0.67418742012,-1.39409578621,-3.22896399269,22.40000000000005
991,1.02676738183,-16.1714466904,-1.77667320059,-14.3225336772,22.40000000000005
992,1.39623717529,-12.7950534846,-21.3556770142,9.2323373111,22.40000000000005
993,0.388726274404,-0.211383155725,6.44195432028,-13.0253629481,22.40000000000005
994,0.162337796339,-0.0764511565834,-2.57435125427,-3.65787984461,22.40000000000005
995,0.881761947588,25.2252293825,-4.63981381673,-3.30757088664,22.40000000000005
996,0.118332168732,5.48931615436,-26.6977159836,-0.277312291,22.40000000000005
997,0.109534314457,-1.28025545975,-13.0484671353,-0.184655766777,22.40000000000005
998,0.45464188286,1.67100290764,-1.3248516905,-4.24277132265,22.40000000000005
999,0.132152806951,-1.04299771061,-1.76485722057,-2.50831965409,22.40000000000005
