Star_ID,Mass (MSun),X (pc),Y (pc),Z (pc),Simulation Time (Myr)
0,0.27639820341,46.6028896574,4.53958845927,32.2971693479,65.60000000000055
1,1.02647613088,9.72623389263,4.69339147582,3.50266492976,65.60000000000055
2,0.446946437518,6.17590199965,4.22903414697,5.20504572831,65.60000000000055
3,0.120262960303,2.00299341284,11.9396518478,12.8700763617,65.60000000000055
4,0.35155735412,7.89025105326,5.269775836,4.86933507508,65.60000000000055
5,2.24470070788,0.600895740887,3.26631777147,3.00849353934,65.60000000000055
6,0.248529484829,7.98318269698,0.0349843305836,8.24562489232,65.60000000000055
7,1.17480431946,9.65882979547,1.90180489836,1.73660832265,65.60000000000055
8,0.130466594569,11.4128361682,9.24778513512,11.0338495125,65.60000000000055
9,1.38591344502,5.32851003278,-2.16636482381,0.936491386188,65.60000000000055
10,0.30467905582,6.9197391917,2.3606520559,4.69639640026,65.60000000000055
11,1.51381235487,24.7494792755,-33.9419293839,23.6240993369,65.60000000000055
12,0.49560350843,-25.1238744222,-56.8764729162,23.4199664867,65.60000000000055
13,0.134875265972,6.06467914571,3.19967642236,2.74342632593,65.60000000000055
14,1.34916984194,-1.90306113168,3.74437389782,6.2438719871,65.60000000000055
15,2.21980480255,5.96439127492,2.69933684641,4.46800293699,65.60000000000055
16,0.340681630519,8.24197192606,2.81354206141,4.32112178167,65.60000000000055
17,0.218698274106,-16.9935415769,1.28493589681,-16.1035077011,65.60000000000055
18,0.191000765551,15.8781424862,-7.26378276535,-22.1612772518,65.60000000000055
19,0.143049536402,5.75104917441,4.84714952703,1.97817765379,65.60000000000055
20,0.855424823123,6.50344358615,2.96605877693,5.10775900704,65.60000000000055
21,0.111222307497,13.325155302,-8.32239625306,-20.6132677433,65.60000000000055
22,0.347173082868,9.27347559265,5.84855469372,2.68238428184,65.60000000000055
23,0.14993334477,7.95268959274,3.7884738276,5.01587222765,65.60000000000055
24,0.249596357395,7.98547131583,13.6801580851,10.5675408348,65.60000000000055
25,3.87920619608,6.38474352919,3.49189969494,4.81492573583,65.60000000000055
26,0.782502151972,10.2470781968,8.72544238783,-5.31889769429,65.60000000000055
27,0.124896847386,6.00717336471,2.37069395217,5.36040607441,65.60000000000055
28,1.12297286824,8.01765771593,4.31591631714,3.3444166301,65.60000000000055
29,0.399793101643,6.68386471721,3.25265391649,3.51837276569,65.60000000000055
30,2.77086455395,4.08207108487,6.52919785136,-0.730385441414,65.60000000000055
31,0.169126101361,3.54609665763,1.60387291782,3.8171148681,65.60000000000055
32,0.372805995765,20.5220612161,-2.14979773354,-23.1247230414,65.60000000000055
33,0.182588683261,8.41592525024,3.42821069344,3.61689688706,65.60000000000055
34,0.563879548373,7.47809484714,3.23649167731,5.46161592792,65.60000000000055
35,0.239478070175,4.74907061167,1.84545370579,5.10680016697,65.60000000000055
36,0.193528214564,32.7252637472,-26.4590647253,8.4106188465,65.60000000000055
37,0.170301843492,12.4632462852,-15.1695536412,-8.40777989776,65.60000000000055
38,0.118092877599,15.1360644813,-9.00972107987,-12.4722823263,65.60000000000055
39,0.396924765392,6.45453401898,3.47843184534,2.61348714254,65.60000000000055
40,0.394146421626,6.40512318162,6.22113026689,6.28218796326,65.60000000000055
41,1.33292583601,3.9653918662,1.8378887532,7.62792259938,65.60000000000055
42,0.624644302207,5.44170558875,1.16050147267,5.29922682564,65.60000000000055
43,0.115254921531,9.1890791808,0.773822054828,2.26501993397,65.60000000000055
44,0.410763350785,35.6299811329,29.5445817915,6.51229629475,65.60000000000055
45,0.106127203359,6.08705056854,4.11559152025,7.09714647202,65.60000000000055
46,0.18043405543,-13.7723944501,-4.47329140933,-3.31659864068,65.60000000000055
47,0.284198193306,4.5389081533,2.07383862669,3.00983591724,65.60000000000055
48,0.384292754349,8.95359271796,2.55668113504,2.97818603073,65.60000000000055
49,0.129657208015,47.2412923476,-25.1401837722,87.082809521,65.60000000000055
50,0.197140879657,-55.3111216956,2.84019642775,32.8663463344,65.60000000000055
51,0.145640257611,4.93743769541,5.55526718147,6.61767682852,65.60000000000055
52,2.46882427712,6.44020365621,0.710837048003,4.14270336559,65.60000000000055
53,0.162330324666,3.1244011167,6.55614793981,4.74071811985,65.60000000000055
54,1.19015361318,7.04570102278,3.71065625136,4.15094378044,65.60000000000055
55,0.238551834001,6.41612766477,8.68513919778,10.6090673903,65.60000000000055
56,1.17643891144,5.31646986745,1.95849339905,4.46751611009,65.60000000000055
57,0.152020007204,4.19590314876,4.30223594688,4.30970289273,65.60000000000055
58,0.142100855969,65.5426610312,-17.4639686093,24.9892475836,65.60000000000055
59,0.320136657849,4.63225921242,2.72783684173,6.61491361318,65.60000000000055
60,0.318023813509,7.31446766936,2.28769141392,6.70137243129,65.60000000000055
61,0.115244505672,7.20856957379,2.36479012253,5.84269265779,65.60000000000055
62,0.101709463899,5.97425789051,4.4555438504,3.01289719281,65.60000000000055
63,0.154542179005,7.29824145074,2.16965474736,6.3207670598,65.60000000000055
64,2.31869702313,11.0401778496,3.74123690209,5.95330110301,65.60000000000055
65,0.181590999281,7.09959596041,3.14951942553,5.77376922526,65.60000000000055
66,0.369153042734,7.95416441831,34.5016785657,6.50301240423,65.60000000000055
67,0.14004014891,-27.5521843938,-17.7613047562,-10.6028186281,65.60000000000055
68,0.11425229553,57.10436245,-37.7139798669,-11.3926206053,65.60000000000055
69,1.03700323995,7.30940460684,3.33733656233,4.42864581759,65.60000000000055
70,0.116988113247,4.13892302319,0.27756601606,-5.86051272473,65.60000000000055
71,0.475820485393,7.71938167532,3.31084038003,1.83085183105,65.60000000000055
72,0.945403630617,6.96208468373,4.97527583404,3.09655793296,65.60000000000055
73,0.280010101437,4.39159711252,-3.12927220381,8.11328404129,65.60000000000055
74,0.531890549941,13.7997057683,-44.2999957404,13.1028681855,65.60000000000055
75,0.594304373753,9.51748153147,2.71376953444,6.07433904996,65.60000000000055
76,1.6896305933,3.96070778406,3.63256515182,8.39041148865,65.60000000000055
77,0.800670798526,7.93183537784,8.21253588324,-1.74047474936,65.60000000000055
78,1.82842310738,7.63550722529,4.1334271925,4.41864569565,65.60000000000055
79,0.234952296554,55.8378471232,35.0087837215,-27.1584213778,65.60000000000055
80,0.42995145226,6.29002916565,4.31476813904,2.80421223084,65.60000000000055
81,0.148460857855,6.0378769675,3.04554518894,2.61111546086,65.60000000000055
82,0.263977884648,5.64727805554,3.28402082093,4.53485829712,65.60000000000055
83,0.541199357271,7.2393021935,3.63280657625,4.38576692311,65.60000000000055
84,0.130710545937,79.7451377719,14.7208760263,20.5151933664,65.60000000000055
85,0.906378013714,6.31138311369,1.51804352316,6.40352511016,65.60000000000055
86,0.283805847315,6.92515553707,3.31361109455,3.45936329615,65.60000000000055
87,0.925769860056,6.95485437842,3.75379427265,3.99031661764,65.60000000000055
88,0.425443553738,3.89129856456,3.49299127043,2.96759816197,65.60000000000055
89,0.25836162571,15.7276449468,-3.22290046707,-0.0068760823125,65.60000000000055
90,0.161270157927,6.61268000444,3.39419761902,4.48947776531,65.60000000000055
91,0.283138166181,6.54778196457,5.15852955824,4.24800184909,65.60000000000055
92,0.414509540176,50.5368742285,-11.8494447484,42.5739892756,65.60000000000055
93,0.165670771667,-8.31044638483,30.5627424455,46.0270052872,65.60000000000055
94,0.483239429423,13.5665840032,9.54794631723,9.2856163382,65.60000000000055
95,0.103746699856,8.14854856652,2.26996840121,0.920954699445,65.60000000000055
96,0.318276004166,9.08610459295,5.22960439001,3.41639742527,65.60000000000055
97,0.604063259617,8.03244063972,6.14876455866,6.06077697852,65.60000000000055
98,0.177702459245,-13.7802917043,66.7990705121,8.76985943611,65.60000000000055
99,0.139838850622,6.67048095658,5.52330702443,5.4918040991,65.60000000000055
100,0.460442372264,7.67554875124,5.96501740684,4.51724532316,65.60000000000055
101,0.722493880974,-33.576434419,-22.8329112173,-9.81259891088,65.60000000000055
102,1.32464289901,7.10343118911,2.41316081666,3.68011440491,65.60000000000055
103,0.292488854898,7.58471496778,-1.24293201986,7.27177557195,65.60000000000055
104,0.141195065771,6.86323728606,5.51521627287,3.57384439249,65.60000000000055
105,0.112647760842,6.60001876698,3.52280841502,5.03918158982,65.60000000000055
106,0.326803635479,11.7111523587,0.500004438537,4.04876945932,65.60000000000055
107,0.624240212694,3.10320586764,1.27347463185,1.95776369262,65.60000000000055
108,0.36685056633,-4.27916501309,16.2393343645,-26.707091864,65.60000000000055
109,1.31047852123,8.27374411414,4.45172167711,8.94505336591,65.60000000000055
110,3.06403026965,6.66787968934,3.34392895954,3.7637542107,65.60000000000055
111,0.102073151143,-2.63494214399,16.5217996469,8.718619142,65.60000000000055
112,0.371697159133,4.44506265712,2.37094913,3.17943564807,65.60000000000055
113,0.823347547698,4.44329398611,4.74465521398,1.69946434405,65.60000000000055
114,0.196406029398,9.64037695154,3.70877302256,3.54790631632,65.60000000000055
115,0.115522412496,4.0627682662,9.49115449369,7.99497017535,65.60000000000055
116,0.624305302941,5.40283730246,8.06195185671,5.19849443795,65.60000000000055
117,0.115460730991,11.261239193,2.56437831665,6.34694709162,65.60000000000055
118,0.425080874093,5.15682109785,4.81797600419,3.95391045677,65.60000000000055
119,0.318951479234,2.03970386711,2.98548353146,4.72104429722,65.60000000000055
120,0.279465765051,3.17731208401,2.19247248211,1.96693275616,65.60000000000055
121,0.224954051491,55.8840028547,29.8554635927,-2.94060747804,65.60000000000055
122,0.151660771578,46.5185381826,23.0007198549,7.00261853849,65.60000000000055
123,1.03618430634,6.52108417667,3.11329921281,5.85807992424,65.60000000000055
124,0.553007597077,6.06336095891,5.70396762329,7.2088864954,65.60000000000055
125,0.416806123196,9.08319842293,3.68722701629,2.57485418354,65.60000000000055
126,0.111240515189,-14.083889652,7.97326840506,-12.8307971418,65.60000000000055
127,0.162351256042,3.321463013,4.95957546601,0.219248611431,65.60000000000055
128,0.117677707068,-26.9239237257,-28.0698947765,-21.4774304815,65.60000000000055
129,0.273556587705,2.63881566017,-4.95538111723,6.54960975844,65.60000000000055
130,0.857259822851,7.41198945647,4.17682790208,2.20318403079,65.60000000000055
131,0.419803243878,6.63310679921,2.92433596689,3.21019511339,65.60000000000055
132,0.216184571067,7.79469153622,5.5044032952,6.72886749152,65.60000000000055
133,0.764063878936,2.78106836329,5.01097244263,30.0686803372,65.60000000000055
134,0.10477768041,4.40410763402,5.72950009599,4.41479511049,65.60000000000055
135,0.103667711954,6.81497369759,4.35958794758,2.11561080936,65.60000000000055
136,0.111443239953,7.21440173595,4.52164309747,4.39203373513,65.60000000000055
137,1.28633816844,6.45211116119,3.42878850462,4.9500656609,65.60000000000055
138,1.07579936483,4.01368054734,7.53457056797,7.10682323089,65.60000000000055
139,0.154953468206,5.81314945564,14.4657290073,4.23249153454,65.60000000000055
140,0.292833464814,7.56729751211,-7.86407717917,4.63615482549,65.60000000000055
141,0.298280077011,7.61976682526,4.95133638841,4.27298125521,65.60000000000055
142,0.15881247534,5.59656477288,4.00705939372,2.34825091951,65.60000000000055
143,0.243186316945,13.2154268531,1.27936190567,-1.82338966046,65.60000000000055
144,0.252168397268,33.8313056552,-41.7085572312,15.668450647,65.60000000000055
145,0.113672092279,4.39246483557,12.7882693177,6.14520395668,65.60000000000055
146,0.198120218214,6.21835311913,1.34436832668,3.36494289897,65.60000000000055
147,0.399700368223,8.12884844438,2.61989930674,8.19264008,65.60000000000055
148,1.10603099601,6.00517754087,4.34998895363,3.83724015119,65.60000000000055
149,0.35999254791,6.79735345701,3.65040766542,4.5164087915,65.60000000000055
150,0.179857873407,6.46839845032,5.82203259483,4.41701024179,65.60000000000055
151,0.212079997526,7.07699348918,0.369936582762,3.49243303329,65.60000000000055
152,0.365031378842,-14.3974516574,18.5364459913,-43.4211886355,65.60000000000055
153,0.570807824047,6.92460884541,4.40468736705,3.76349295587,65.60000000000055
154,1.62406376668,6.29135072197,2.81830927714,4.38393172915,65.60000000000055
155,0.538830986834,35.8890328095,-46.3045618388,-25.7829486053,65.60000000000055
156,0.148671224422,4.91397162535,7.80774512495,7.62260447286,65.60000000000055
157,0.453219349851,6.39883345681,-2.35854033507,4.67078212836,65.60000000000055
158,0.598291903459,6.43709089844,-18.1483120956,16.1296964158,65.60000000000055
159,0.354367625155,6.26098421664,-3.98291448022,4.29669922343,65.60000000000055
160,0.434363710303,14.0510711282,32.7977318741,25.3721281567,65.60000000000055
161,0.112466644167,5.82615605685,0.735907188414,3.91195102687,65.60000000000055
162,0.134085131719,10.6532017366,-1.00774435186,8.60427213553,65.60000000000055
163,0.27079541202,3.9158766875,5.16040841603,5.62449863624,65.60000000000055
164,2.86069337032,2.57768044389,4.20433332847,2.24580458802,65.60000000000055
165,0.625852768186,7.11402026684,2.41235390715,4.68597372711,65.60000000000055
166,0.159251715017,9.1112323019,3.63719421022,5.52246188939,65.60000000000055
167,0.404679796207,7.3527486379,6.13503431848,3.39595415098,65.60000000000055
168,0.114949161541,-29.5255866996,25.5066396259,-57.0118268235,65.60000000000055
169,0.261725239614,8.7894004536,6.70471162803,3.73683618265,65.60000000000055
170,0.218027845591,3.63266585665,62.3322641393,-6.61038340257,65.60000000000055
171,0.815841796231,5.19375014403,6.28296809234,3.72294992439,65.60000000000055
172,0.149262846014,12.2861688014,-0.612470381367,11.0344638714,65.60000000000055
173,0.517451505169,13.6095508282,-0.807071707098,3.26712488546,65.60000000000055
174,0.410848778846,7.23754136349,6.20010602181,1.48144322834,65.60000000000055
175,0.144827570639,7.56449735511,2.74508557191,3.96228720658,65.60000000000055
176,0.512178742931,7.06309163657,1.53927072289,7.4396892947,65.60000000000055
177,0.104664796091,13.0658565451,15.4096722842,1.85963233284,65.60000000000055
178,0.274932785184,-0.407216655979,-1.46302624285,4.66355084552,65.60000000000055
179,0.19627926153,-38.2201498099,0.276364212757,3.7433941365,65.60000000000055
180,1.02150795004,4.34617149384,2.33297020663,7.65574484772,65.60000000000055
181,2.68512598742,5.90857927727,4.57654056225,3.77465240601,65.60000000000055
182,0.440702372268,11.5956070448,4.75174341487,2.28435912172,65.60000000000055
183,0.525202072838,8.27912179237,4.89529991466,6.25628456599,65.60000000000055
184,0.513628791295,-11.3729099357,37.4194048059,12.8142720735,65.60000000000055
185,0.89500870817,8.24596272872,2.12027863491,4.56361728131,65.60000000000055
186,0.716685280411,-5.30252058123,-34.5852543189,-7.06249038591,65.60000000000055
187,0.229314518243,7.99345743388,5.56701261592,5.04377836979,65.60000000000055
188,0.832049501971,7.56470803172,2.78327377021,6.01266510272,65.60000000000055
189,0.140854156786,6.31073775229,4.45507120692,2.18166936014,65.60000000000055
190,0.178360475265,6.10754292372,3.71548760697,4.73805590593,65.60000000000055
191,1.83454079472,6.30985901518,3.85864505647,4.06247097287,65.60000000000055
192,0.315567341558,7.28884983997,4.16932696505,4.51232309242,65.60000000000055
193,0.17746252898,9.55737478692,2.50589223714,5.62509712745,65.60000000000055
194,0.361515735513,5.67464030456,2.21628875929,5.60028015657,65.60000000000055
195,0.153417565352,5.89319047309,3.46210812545,4.59939277996,65.60000000000055
196,0.187821504532,4.36638588174,3.45931976033,3.87453014253,65.60000000000055
197,0.428703145876,6.14545391261,12.7325825685,4.07698076526,65.60000000000055
198,0.816037051341,3.68231604515,5.38872001245,6.21728250666,65.60000000000055
199,0.144698691314,8.10184514888,4.37688576614,5.12677953221,65.60000000000055
200,0.503016636802,8.66022835239,-1.31514298626,13.7587376465,65.60000000000055
201,0.311416730091,8.67212651119,2.41251065437,6.32110474544,65.60000000000055
202,0.244877962699,3.51301336631,-1.12332473528,6.55277307483,65.60000000000055
203,0.117264798075,7.98555095026,1.39890334305,1.69276548232,65.60000000000055
204,0.924025994433,13.9264676907,-3.23220427846,-4.81050836068,65.60000000000055
205,0.164972547972,7.56770100928,1.44140746112,6.21417875873,65.60000000000055
206,0.107496145744,11.7049777,-3.97467637302,2.67802272284,65.60000000000055
207,0.304286437889,8.69971566613,5.14374681131,1.0270385194,65.60000000000055
208,0.407975634797,9.15973969719,-0.0689516211442,13.1006267936,65.60000000000055
209,0.576859481763,7.76065175534,3.05050552435,4.53827478403,65.60000000000055
210,0.203090789695,31.929055865,-21.0614149929,68.9972168913,65.60000000000055
211,0.243483506155,-13.6937658077,38.4931837951,11.794326295,65.60000000000055
212,0.953245063671,8.85544243155,0.117408967528,1.83855703907,65.60000000000055
213,0.111474679886,6.28014480169,-0.342230711366,4.38086279762,65.60000000000055
214,0.100540252225,11.7013121114,4.02746881978,2.2946132793,65.60000000000055
215,0.493234696216,7.31237796745,0.468611009028,8.2658392569,65.60000000000055
216,0.537182442676,-145.904755926,98.5681122304,97.677877838,65.60000000000055
217,0.168074318154,6.27878029116,4.10988608491,3.19863927444,65.60000000000055
218,0.688864713628,6.4278672317,2.62051275267,3.87810922379,65.60000000000055
219,0.174391481258,8.83199664289,1.51393077157,2.39613429832,65.60000000000055
220,0.263509146563,6.19951120504,2.75881174838,5.20499571308,65.60000000000055
221,0.276148712723,19.7620089753,15.330676112,4.24536876197,65.60000000000055
222,1.22018271599,6.48283442853,1.96202801227,3.67487421717,65.60000000000055
223,0.147393807564,10.3226471141,9.36289254506,0.817525213071,65.60000000000055
224,0.180691797568,8.93500212182,2.66966654837,4.88721472768,65.60000000000055
225,0.136430609295,4.26913006459,-1.30324548453,3.9461619293,65.60000000000055
226,0.91105174478,4.44260847414,5.67603790639,6.71957809033,65.60000000000055
227,0.225298929908,7.85722029955,4.3623538332,-4.95365723318,65.60000000000055
228,0.572990715295,7.91050292696,3.73206418195,4.23127131377,65.60000000000055
229,1.881894042,6.48585847802,3.34618179512,5.00826458627,65.60000000000055
230,0.1475689518,9.22660146357,2.14548597911,6.51520413437,65.60000000000055
231,0.243886879168,-35.1337726045,-17.7503366257,7.12907814232,65.60000000000055
232,0.103991063601,9.32186930599,2.92787272931,-0.0455879014818,65.60000000000055
233,0.34818650404,8.61903129763,-0.443426382789,6.6545345902,65.60000000000055
234,0.681553553126,6.63554857,2.97547725924,3.73453985914,65.60000000000055
235,0.109216359787,16.0477968765,3.59489854582,-2.74606014711,65.60000000000055
236,0.11085235089,5.79160522662,3.40843567368,4.5293411978,65.60000000000055
237,0.102110603129,8.69571564897,-4.72380038213,8.07553109763,65.60000000000055
238,0.159983745554,4.14120077453,27.5913358139,3.62839500124,65.60000000000055
239,0.136624526411,5.73311065208,5.71244068564,3.37922473967,65.60000000000055
240,0.575964922688,6.41864491974,6.64792469788,5.03390091071,65.60000000000055
241,0.311759227078,9.99480146129,3.30407805717,1.7462906937,65.60000000000055
242,0.300195308174,7.08405180057,5.8473210221,5.85153835455,65.60000000000055
243,0.145277710835,5.01576987317,7.50761245916,3.10888200082,65.60000000000055
244,0.127559187003,8.93826386641,1.41968819528,11.2745051282,65.60000000000055
245,0.553527116432,2.89440626476,-12.6402596475,-4.96859735453,65.60000000000055
246,0.424205245085,8.21903836889,8.60081057626,9.81969297542,65.60000000000055
247,1.82499084463,4.93347279697,0.449227511867,3.66004471336,65.60000000000055
248,0.135333850703,-62.8611459933,-49.9125600955,-0.550498127679,65.60000000000055
249,0.469585806658,0.653667303804,-3.63172595381,-0.243765823033,65.60000000000055
250,0.224246089041,35.3529266809,13.7130090486,-40.2282023203,65.60000000000055
251,0.48550452728,7.6055997441,3.88832369254,3.99168122284,65.60000000000055
252,0.274565529874,9.80590094028,-41.5833665708,70.7005525655,65.60000000000055
253,0.172665448517,9.57312266315,6.45712003077,13.293379239,65.60000000000055
254,0.487609425388,17.0329525199,5.88243547466,11.5490147301,65.60000000000055
255,0.204570393712,7.36528426227,2.55224118737,1.43835022841,65.60000000000055
256,0.437525248209,2.68063821684,3.51707725223,1.36894723788,65.60000000000055
257,0.179921432456,30.7534119611,1.35023256168,48.6614170876,65.60000000000055
258,0.10575658678,10.1831473028,2.63351161611,4.42092237447,65.60000000000055
259,0.139957749477,-5.69985694552,-0.0379187926844,7.15092602694,65.60000000000055
260,0.264165072037,22.4961394552,17.8133230168,-40.6252987531,65.60000000000055
261,0.11024923668,27.0862629939,7.80366243351,7.72154460024,65.60000000000055
262,0.836759845798,5.76990228124,11.8965038855,-17.1565109173,65.60000000000055
263,0.380495088973,6.82745906017,4.10760611996,4.72285240274,65.60000000000055
264,0.170783200818,7.79802706887,4.2320410749,5.4671099048,65.60000000000055
265,0.533552629667,5.44975100718,8.1938535059,8.35728615803,65.60000000000055
266,0.350740276524,5.44682686057,1.35715229837,3.85703917699,65.60000000000055
267,0.341084875194,7.00393286019,2.21001829478,3.97028225569,65.60000000000055
268,0.293810687636,15.3776668832,0.433769980575,4.30721681094,65.60000000000055
269,0.118232982921,3.22176277926,2.56099130429,3.56034846052,65.60000000000055
270,0.232101110066,9.5879289484,-5.12017935708,4.91887913289,65.60000000000055
271,0.203993260534,5.29202107899,2.83348283746,5.56322813863,65.60000000000055
272,0.230007322207,12.9753446901,-1.18266779507,4.80973354255,65.60000000000055
273,0.492416690374,6.30177947863,5.05724410393,4.41678296758,65.60000000000055
274,0.120668690126,5.3234327503,3.85721261125,1.87196231938,65.60000000000055
275,0.184372321471,11.5286127633,1.94549272682,4.86985465611,65.60000000000055
276,0.123728568306,8.41813328021,6.02730127582,3.83153590773,65.60000000000055
277,0.51841133684,18.4778259573,-24.7282105752,32.1479269235,65.60000000000055
278,0.171482508441,6.47687986207,4.61152448615,4.30534380358,65.60000000000055
279,0.24703590739,6.13427800025,1.96695748946,0.17417554312,65.60000000000055
280,0.889363677421,7.07140243906,4.07023683878,2.72584601295,65.60000000000055
281,0.186919140665,6.18817331066,3.05972253764,2.7490692959,65.60000000000055
282,1.34685876744,5.59922056889,-3.04824073024,4.58640660375,65.60000000000055
283,0.101946603718,10.6023238788,4.77178990595,6.71581159568,65.60000000000055
284,0.558744664489,8.71615859372,3.25792948484,2.51382004708,65.60000000000055
285,0.444445128411,7.86542926755,4.16267949626,3.25751545232,65.60000000000055
286,0.407302637355,44.9513003828,-24.0539171331,36.8909154856,65.60000000000055
287,1.24560974734,8.18213955069,8.98373863425,4.06448352185,65.60000000000055
288,0.124852713878,6.41864119092,3.58891195594,5.8971886646,65.60000000000055
289,0.373615425443,0.562688626288,-1.98734597298,5.64452498779,65.60000000000055
290,1.19403997568,9.38588970019,2.50044094892,5.80810352571,65.60000000000055
291,0.832216687016,-10.8033835611,-36.8147674763,-24.9049256965,65.60000000000055
292,0.11589313642,11.7948842444,13.316699726,16.0011345844,65.60000000000055
293,0.121027043923,-19.8547129453,46.4194830358,12.4949215042,65.60000000000055
294,0.129166952409,6.9073889061,0.19200073618,2.83618573873,65.60000000000055
295,0.258838938404,-30.5491814535,21.1533599881,-51.2627101311,65.60000000000055
296,0.151622610057,5.36314927073,3.15816399454,2.68317034821,65.60000000000055
297,0.108973552059,13.475233382,-3.30755190968,-2.62227343057,65.60000000000055
298,0.105476599611,-15.8095228342,5.46694170507,10.4014192133,65.60000000000055
299,0.535987034233,3.47069155971,5.29935554504,3.9389867,65.60000000000055
300,1.76609975385,5.21623283022,3.10926902473,3.80129014245,65.60000000000055
301,0.169547815717,7.79768713079,-0.650326923078,1.82980557901,65.60000000000055
302,0.334660384094,4.89705549826,1.71473870719,6.21148946712,65.60000000000055
303,0.692715665566,2.07393256279,-14.3771834033,10.1008373344,65.60000000000055
304,0.329875177099,6.63849878062,2.57991951469,4.38092242516,65.60000000000055
305,0.188468616825,6.21605454535,3.55789757495,2.53423323979,65.60000000000055
306,0.649266690819,11.312814849,2.28456189777,2.84876759173,65.60000000000055
307,3.02242928215,7.00950105864,3.70723084242,4.85684677539,65.60000000000055
308,0.391521678312,10.7077354817,1.93443030904,2.45703372402,65.60000000000055
309,0.133481446064,8.5431799957,-0.595662249192,4.07508418814,65.60000000000055
310,0.81589696331,6.4045493348,3.61865467638,4.32539148669,65.60000000000055
311,2.21673146392,5.6565557667,8.78168917512,4.55437668629,65.60000000000055
312,2.69799184171,6.68240722266,3.66502094961,6.53899099047,65.60000000000055
313,4.88485675213,7.18422447981,4.09372208544,4.62606217965,65.60000000000055
314,0.286121054672,7.37037271167,-4.12751947442,-9.44686022819,65.60000000000055
315,0.74874144252,5.21076517831,4.01060495409,4.66310569457,65.60000000000055
316,0.592845316158,-8.958173299,-4.92129122256,1.46071117236,65.60000000000055
317,0.1267393188,7.4212262354,3.14775214104,4.49099415485,65.60000000000055
318,0.219604548584,8.13989672538,4.41510767464,2.67835730437,65.60000000000055
319,0.192343776726,0.874666608446,2.14537281005,7.09202610822,65.60000000000055
320,0.130484033263,11.767261434,-0.381552768654,36.028518841,65.60000000000055
321,0.836345887769,5.34569916926,3.74881228934,1.83328824765,65.60000000000055
322,1.10185409418,8.392185043,2.81028486083,3.22440644939,65.60000000000055
323,0.110240961124,8.98366784137,2.87889902029,3.33753574778,65.60000000000055
324,0.123176763193,37.5860812966,43.0821274493,6.49311857654,65.60000000000055
325,2.26757947871,6.79012154577,-1.64477230445,6.31681152635,65.60000000000055
326,0.624055318203,6.68528776271,6.33519406964,3.30273517053,65.60000000000055
327,0.167252447997,2.47763400825,2.29545572159,2.69768823968,65.60000000000055
328,0.13673669005,11.1752688743,15.397693058,-21.9447792088,65.60000000000055
329,0.270109429809,10.908694774,5.92020258806,1.47504005579,65.60000000000055
330,1.61936445348,8.81636245522,9.32093107924,5.19458458323,65.60000000000055
331,0.383223804945,8.20569487567,2.99944972802,7.80357887206,65.60000000000055
332,0.205994826495,5.72456447601,3.17623638955,5.20659266176,65.60000000000055
333,0.108443643223,5.53196419178,6.36822194572,4.04804940825,65.60000000000055
334,0.114693151542,5.30012462514,4.66242949702,4.73941290185,65.60000000000055
335,0.305361212847,-4.89133509694,44.4543490047,-6.35506548278,65.60000000000055
336,0.965352197196,8.67143775667,2.28959896881,6.46246029259,65.60000000000055
337,0.196645833611,6.91144738371,2.72451960161,4.70926643468,65.60000000000055
338,0.404528525515,4.84775934138,4.0035673728,7.65901404446,65.60000000000055
339,0.589589640755,9.22696012961,7.31405189237,2.99040989465,65.60000000000055
340,0.101347984285,7.01572196041,14.0927166375,8.00434879333,65.60000000000055
341,0.114927824961,7.03586080433,3.46188524197,3.59748221723,65.60000000000055
342,0.758274563142,8.51652148152,4.65077154155,7.31477126135,65.60000000000055
343,1.07011420523,-2.05548561987,5.21149781875,10.8733537613,65.60000000000055
344,1.37398570906,6.20659804864,4.01452498589,3.9175175152,65.60000000000055
345,0.242992639141,9.20074113562,4.54088556359,1.40463677476,65.60000000000055
346,0.460370277458,8.86513590211,2.66048657902,7.8462538081,65.60000000000055
347,0.757703796428,2.17460765103,-9.22013390682,-0.656829292004,65.60000000000055
348,0.27951360568,4.72539217091,3.09751024195,5.2755011796,65.60000000000055
349,0.100337545063,9.19635075332,5.25079490147,7.13860941097,65.60000000000055
350,0.177153015403,6.60063618824,3.51864730127,0.172725804671,65.60000000000055
351,1.09082331166,11.6203315149,3.66182562594,4.38846220132,65.60000000000055
352,0.509300604265,9.03176512941,3.37880113705,2.53442778873,65.60000000000055
353,2.27048773348,30.6476271375,2.08759473428,-13.2499121933,65.60000000000055
354,0.418890913363,8.06350230474,2.98554947722,4.45623811867,65.60000000000055
355,0.301313552478,5.95803643478,4.70210273646,3.99920076726,65.60000000000055
356,0.111167521469,14.9330215532,1.2567689175,4.00837411195,65.60000000000055
357,0.168877307726,7.59826497864,2.48609739308,4.08397800142,65.60000000000055
358,0.970333955563,6.37099866014,1.74938655984,8.22202490312,65.60000000000055
359,0.160214306473,7.08627137684,4.00492077739,2.69635247307,65.60000000000055
360,0.526230571145,5.88596801579,2.01448324458,6.1295301975,65.60000000000055
361,0.200886751713,-13.9370581783,28.0483002396,3.03734117591,65.60000000000055
362,0.103711618402,23.8723367877,3.9527291345,16.7984413221,65.60000000000055
363,0.2274602919,9.49480206707,2.9880919756,0.762526924395,65.60000000000055
364,0.167922904472,3.76637231099,0.55328787965,15.7245150835,65.60000000000055
365,0.160455900353,9.50891837145,3.11364246372,8.66113253582,65.60000000000055
366,1.14135772712,12.5266497409,1.72824417515,5.50526603515,65.60000000000055
367,0.272177289333,5.53541831199,0.405170065986,2.28491108841,65.60000000000055
368,0.17297928636,43.6409112267,70.5633547154,-13.9999653474,65.60000000000055
369,0.437765204662,6.28961867318,1.91508762609,6.6765109243,65.60000000000055
370,0.284773148345,1.78460302315,10.50549879,3.19116930798,65.60000000000055
371,1.86564663415,6.83545794225,6.17863114432,4.40206369636,65.60000000000055
372,0.415733310591,6.92612240669,3.1703461786,3.42477406945,65.60000000000055
373,0.823067734525,5.71208189837,3.71191239828,4.28547517602,65.60000000000055
374,0.192169062179,4.75794808803,1.46937289281,5.50413335554,65.60000000000055
375,0.325465441262,12.8413717962,-3.63904683276,0.431956858543,65.60000000000055
376,0.131245432534,24.9695129705,21.511502332,-0.815509393883,65.60000000000055
377,0.106647483408,5.23096628678,2.58897779456,1.24146852193,65.60000000000055
378,0.257062352931,7.37481441345,1.9191254979,6.47048538252,65.60000000000055
379,0.174801755549,8.38209753029,6.70443996269,2.26089160129,65.60000000000055
380,0.120007992457,8.83647790007,1.90097984043,3.5108217338,65.60000000000055
381,0.357967317505,-27.2613786366,48.6981562367,-47.7707889363,65.60000000000055
382,0.750575893972,5.07860987949,3.74000477198,5.67954302215,65.60000000000055
383,0.352079208773,6.00926115216,4.18742834964,6.49422731773,65.60000000000055
384,0.177068584765,7.16729477515,5.19323864434,4.75919612959,65.60000000000055
385,0.6231896007,-24.7956075469,7.0302320103,-22.4993908958,65.60000000000055
386,2.18337974563,9.71961832341,11.7375274609,-8.91751479684,65.60000000000055
387,3.22239235704,7.08826345788,3.89732840664,4.57724587485,65.60000000000055
388,0.187385149195,4.82309792564,11.5424799313,9.19214662803,65.60000000000055
389,0.197686625458,4.04246199475,3.61394380895,-2.51185771696,65.60000000000055
390,0.352792356312,17.2400668977,-19.5892358732,-7.80031801915,65.60000000000055
391,0.329161401192,7.54872597936,3.23208461352,3.3690382439,65.60000000000055
392,0.323491311638,6.06553946655,1.53563536736,2.70524956153,65.60000000000055
393,2.34610735328,9.03875147519,1.31636377594,3.1843178823,65.60000000000055
394,0.165091608174,5.09038435525,6.38647803033,0.76439076647,65.60000000000055
395,0.138818727537,8.77312722221,3.14335135872,2.01473665294,65.60000000000055
396,0.172471700631,4.30230906476,-1.08517891339,4.2134026852,65.60000000000055
397,0.160944705032,6.74563437242,3.34983876047,4.71415103951,65.60000000000055
398,0.136171621801,4.85244292627,0.706385045501,6.25585914166,65.60000000000055
399,1.21985023664,7.09080178836,-0.36385260431,3.00734191187,65.60000000000055
400,0.3046382235,1.09066205391,6.01126820254,-2.94851680601,65.60000000000055
401,0.329984759964,51.8825029207,-37.8542729565,11.1817073703,65.60000000000055
402,0.360925768052,11.6117953023,0.600960831066,-0.185930695953,65.60000000000055
403,0.712317911062,10.7742930564,3.70596914035,3.13468472527,65.60000000000055
404,0.177309720755,8.61648800568,2.38732260314,4.6865613861,65.60000000000055
405,0.207076016695,5.69771323215,3.63363902263,3.64201204075,65.60000000000055
406,0.217472846229,7.27815738026,4.65083920403,6.21728070974,65.60000000000055
407,0.648478241687,6.5509484965,-2.03581971808,6.60768729337,65.60000000000055
408,0.110081416695,7.28108785549,-0.146061720853,5.03539088891,65.60000000000055
409,0.616765686109,6.02682212412,1.12404861175,8.18484214311,65.60000000000055
410,0.50800396967,5.38707845383,5.84467267494,5.48332990807,65.60000000000055
411,0.323051473036,11.5798475578,2.24216571554,8.4369064718,65.60000000000055
412,0.265643699405,16.9385925485,-5.1846099124,65.868420895,65.60000000000055
413,0.15121839464,5.41986607088,3.13543473168,5.16276418122,65.60000000000055
414,1.58409322702,7.55609785639,3.64812516201,4.17161026782,65.60000000000055
415,6.00037920807,1.32514273586,-2.16487234935,-0.720224572931,65.60000000000055
416,0.361723227572,7.4941040407,4.25555932553,0.549937484226,65.60000000000055
417,0.414058251355,5.80724480878,1.08833149061,3.29180047125,65.60000000000055
418,0.399889596606,4.4079967879,2.00434369412,2.84286115749,65.60000000000055
419,0.101639308883,6.29371908794,4.69096435742,4.72093370065,65.60000000000055
420,0.505518520126,6.71623447848,1.04654394403,3.58369370713,65.60000000000055
421,0.119593446608,65.2594092021,-35.4378781222,27.7672491859,65.60000000000055
422,0.30574959863,13.6284441466,11.9929223014,3.57966347,65.60000000000055
423,0.406764567189,4.81164698078,3.58605294526,3.99690886012,65.60000000000055
424,0.510027869941,2.00530977251,-0.415952530278,5.03202067632,65.60000000000055
425,0.54596721699,6.1229433308,2.52808025357,1.56286535518,65.60000000000055
426,0.57235775385,7.88541051861,4.77747531915,5.19855131922,65.60000000000055
427,0.457623684319,4.39876696867,2.36892688739,3.88562155064,65.60000000000055
428,6.53499824809,5.88397954625,4.03363975415,2.79925738972,65.60000000000055
429,0.102387852105,0.552912110232,2.40020899009,-2.34082900496,65.60000000000055
430,0.185831222658,4.94123757201,1.90035979378,2.03933927919,65.60000000000055
431,1.47039395114,5.82337901305,2.79857634682,1.06508821109,65.60000000000055
432,0.520943116299,8.39393409345,3.47641218011,2.53766914363,65.60000000000055
433,0.372236527574,5.38987891058,4.44972745645,4.00196118738,65.60000000000055
434,0.101359115141,-38.866128818,-13.8595416677,-47.3674882774,65.60000000000055
435,0.261831101624,4.62438347055,8.19478242352,0.180175055205,65.60000000000055
436,0.163806883784,8.94966930547,5.4688915669,3.00444683571,65.60000000000055
437,0.199480978426,13.2078529721,3.61834836838,8.74557964162,65.60000000000055
438,0.806959346908,4.15164098667,2.16493438588,5.91998776863,65.60000000000055
439,0.194394652476,8.35056091756,2.33802079825,4.87517000842,65.60000000000055
440,0.414427437568,6.21462055301,3.82223613007,5.62008967168,65.60000000000055
441,0.397158083098,5.67310018519,2.42919461528,2.69386507642,65.60000000000055
442,0.427445021605,4.43200814553,3.5996729408,4.12561237534,65.60000000000055
443,0.112839392093,5.34717365117,3.29684700252,5.88127964444,65.60000000000055
444,0.107848628957,6.12260381643,3.65993509921,7.50477835541,65.60000000000055
445,0.141296943883,8.44266071469,3.96015667289,4.81270337783,65.60000000000055
446,0.352135404894,0.576610991681,-0.481804824705,3.39667835443,65.60000000000055
447,0.624794639064,18.5200751762,13.5219187907,-4.74076878505,65.60000000000055
448,0.115952632815,-1.46503990045,0.644117568915,7.40986733952,65.60000000000055
449,0.181576323483,5.00988438174,2.6241641966,4.71039585778,65.60000000000055
450,0.299458807895,7.9230475514,3.32004123926,4.88091317307,65.60000000000055
451,0.158013520955,8.16917551692,1.47416441092,-2.04474154086,65.60000000000055
452,0.331787716967,0.701112245298,3.22048660544,-3.67361619947,65.60000000000055
453,0.148843787762,15.8666398078,-1.40300397033,0.170073993684,65.60000000000055
454,0.287417020566,8.13680965852,3.61414414067,1.95845445908,65.60000000000055
455,0.125878641352,38.6913884527,22.0289589818,2.28830477904,65.60000000000055
456,0.107820737792,5.78742308432,2.98840892848,5.1862611348,65.60000000000055
457,0.468275708652,7.07703274412,20.5593472718,18.7266901906,65.60000000000055
458,0.128247541416,-11.8900799064,-12.6184252142,21.2676100314,65.60000000000055
459,0.141336102602,7.56391088212,6.80101963074,8.28764627424,65.60000000000055
460,1.20111692441,-14.9655468902,-1.14771396171,-10.185946417,65.60000000000055
461,0.20353522888,9.03847830588,3.18835164814,4.03172516194,65.60000000000055
462,0.396617655194,4.60496811833,2.74999453393,5.28084253499,65.60000000000055
463,0.180487099344,6.58762837207,4.24930340814,4.03839165554,65.60000000000055
464,0.149774515491,4.0023356689,2.0556049228,7.80582348596,65.60000000000055
465,0.359967810667,6.49643269049,1.54571099895,3.07906959873,65.60000000000055
466,0.164983948501,4.19646922301,7.40748694864,-1.04251504401,65.60000000000055
467,0.276394091755,8.38431294239,2.95847999831,4.44286130212,65.60000000000055
468,0.313674654654,7.72543605228,4.56819433087,2.5121219393,65.60000000000055
469,0.102772491771,3.12826054812,4.65755427004,2.09295819242,65.60000000000055
470,0.489627262023,14.6299303954,6.02859113833,6.0453969154,65.60000000000055
471,0.132897513637,11.2379287212,-1.34734144671,18.3286025803,65.60000000000055
472,0.349916186919,-45.6093685913,-10.6702705504,-18.3518121023,65.60000000000055
473,2.45261429456,7.27031061224,3.29155709543,5.31178963315,65.60000000000055
474,0.359139473054,7.7106741884,22.2662685332,-13.2445604964,65.60000000000055
475,0.255302572067,2.97238321143,1.78989134971,6.82294752012,65.60000000000055
476,0.446378145306,6.30972472463,3.33930430583,7.67549646667,65.60000000000055
477,0.104662688516,-46.722098336,-24.6953958962,-16.1416365346,65.60000000000055
478,0.429485017203,-11.4500057,-6.3036401447,10.9092832302,65.60000000000055
479,0.861445416906,-0.0778893905472,-2.06110826976,-1.97087529132,65.60000000000055
480,0.149104385085,5.59385290991,9.42626806024,6.97598793506,65.60000000000055
481,0.402773922252,8.6395528616,3.28788003657,3.58596400526,65.60000000000055
482,0.134833780754,5.20966066306,0.295413554219,6.90293790659,65.60000000000055
483,0.546603699483,7.99826528305,2.99744177717,2.62438923898,65.60000000000055
484,0.102572408845,7.5944912577,4.49690935976,6.32811965529,65.60000000000055
485,0.144944516473,-47.4243195017,22.7114592218,-60.8978944732,65.60000000000055
486,0.30131101676,3.89774716367,5.23992818952,4.92000944894,65.60000000000055
487,0.156503376306,7.1628169086,0.942460054101,5.62665027156,65.60000000000055
488,0.546229328677,7.21949014929,-0.15488403541,3.44328480996,65.60000000000055
489,3.68980381114,6.31927223183,2.50564558368,4.05941292655,65.60000000000055
490,0.24859233326,80.0164886825,-6.41941081139,32.9516739142,65.60000000000055
491,0.160304707174,-34.8548484746,-8.97814793598,62.8399966323,65.60000000000055
492,0.113593527771,6.19616097311,8.30694076293,7.43774794571,65.60000000000055
493,0.18657698882,9.66225032497,7.39330760851,-0.113343034969,65.60000000000055
494,0.255875614061,52.5939800389,52.9046323502,4.37939400516,65.60000000000055
495,0.192186875385,9.1257178062,3.13693574096,5.10103161379,65.60000000000055
496,0.190966059216,-2.85285188435,5.18954523804,9.44376114279,65.60000000000055
497,0.127593877088,7.12086731208,0.385320912882,4.99873002027,65.60000000000055
498,0.288822287276,3.938343655,-0.113428288865,4.21818386249,65.60000000000055
499,0.392820725298,10.7111799491,3.26428397577,6.50314429746,65.60000000000055
500,0.312400815712,5.0462881076,3.17565119444,5.38068239321,65.60000000000055
501,0.202580501587,5.73817132702,1.2605239992,5.25180777615,65.60000000000055
502,0.329769997718,7.30359397282,2.03185784411,4.03018224287,65.60000000000055
503,0.320303660803,7.27053871492,2.32350970339,4.96532991912,65.60000000000055
504,0.555370232272,7.77789332238,3.5893837997,4.83788139395,65.60000000000055
505,0.157203748001,7.11470941339,0.890365469243,-1.61129062005,65.60000000000055
506,0.146685775399,7.79294286808,0.753458325832,6.31437273133,65.60000000000055
507,1.02444530261,9.16172616876,0.889859934293,2.90780041282,65.60000000000055
508,3.48918967753,6.97735539803,4.03300522952,3.2467044842,65.60000000000055
509,0.615788153724,21.5827002541,41.3131051477,24.3599927073,65.60000000000055
510,0.41944356684,9.67053317223,5.45259740513,3.56696813042,65.60000000000055
511,1.38813431197,7.06489373731,3.87122973794,4.58817860649,65.60000000000055
512,0.486670716988,5.81438469908,5.36491502611,5.86065092905,65.60000000000055
513,0.419494990727,8.71851811254,4.12311638267,6.49252796835,65.60000000000055
514,0.291085143395,7.89606040737,3.48602608181,5.54462965954,65.60000000000055
515,0.398644368537,1.24572332554,-0.37055617198,5.10388413954,65.60000000000055
516,0.22082574173,10.2966452178,0.545277189016,10.7480876928,65.60000000000055
517,0.367445005243,7.06204264721,2.70184585743,-0.240609660209,65.60000000000055
518,0.114713249447,7.93535959949,7.12448693977,5.56693004832,65.60000000000055
519,0.219863701571,8.17565136888,8.16517567567,2.0812854299,65.60000000000055
520,0.113300417826,6.26115278855,2.37708571798,5.20491233741,65.60000000000055
521,0.628902745442,7.02332848503,6.83248331847,1.42468800964,65.60000000000055
522,0.314079221718,6.11232202524,2.2223177092,3.2944864948,65.60000000000055
523,0.341656233048,6.58125305154,5.10165017754,5.21181923541,65.60000000000055
524,1.12892232436,-0.145982701391,5.3454957264,0.165491424909,65.60000000000055
525,0.1745645683,6.15964673116,3.60496785065,3.39754610788,65.60000000000055
526,0.118119234236,7.77905711548,4.56590086777,3.26354246379,65.60000000000055
527,0.193233189118,21.5629272419,-6.1710686816,-2.91152618788,65.60000000000055
528,0.155170408333,10.8838847938,3.60062857763,0.781575819999,65.60000000000055
529,0.139280179924,7.29370830285,3.51874722001,4.13569835636,65.60000000000055
530,0.465950062332,4.1956767702,3.03136398663,5.76678147369,65.60000000000055
531,0.12526922002,7.30752257961,2.6398457521,4.80726218418,65.60000000000055
532,0.12442713894,8.82665803589,0.458680654074,5.04994423846,65.60000000000055
533,0.289887597317,11.4474195144,2.6642536257,7.15802245515,65.60000000000055
534,0.357618943876,3.16462657233,6.56118050079,7.26816164784,65.60000000000055
535,0.156260846052,8.14827014942,3.11713736531,6.34258510426,65.60000000000055
536,0.499073089209,11.4871533542,5.82586571903,14.0841150565,65.60000000000055
537,0.122316107072,6.4348861616,-1.70865192677,7.66051508401,65.60000000000055
538,0.214895473975,5.12742824929,1.88351094357,-3.68571740619,65.60000000000055
539,0.209018051916,6.188039838,3.61663798616,5.19134783946,65.60000000000055
540,0.216918498714,4.4460239766,8.82524276719,-2.72472894236,65.60000000000055
541,3.28211273712,7.09139010371,3.33899128398,4.67435051653,65.60000000000055
542,0.216859107287,5.39658423196,13.1727536807,-6.83896886142,65.60000000000055
543,0.16105863512,7.39774498651,1.92959593109,6.43314212126,65.60000000000055
544,0.311608497485,3.57844805229,4.10291230628,5.14756644051,65.60000000000055
545,0.92508906938,7.13820432286,4.01767151485,4.85065481145,65.60000000000055
546,0.390744379976,3.20361476815,7.62057325244,-1.39557558935,65.60000000000055
547,1.03162765858,-9.29635323697,26.464152377,-11.57378916,65.60000000000055
548,0.158572099833,-37.9935577745,-24.4615377773,-43.7306681038,65.60000000000055
549,0.119974965618,5.60719710535,3.86115462335,6.07975411849,65.60000000000055
550,0.154393684843,6.37218969798,1.57492090819,-0.0875823624118,65.60000000000055
551,0.935893218293,12.2916550903,0.030962393969,3.45418952217,65.60000000000055
552,0.308250818673,8.64475469387,3.62270908965,5.07523320202,65.60000000000055
553,3.84023258606,6.38244504478,3.64612327212,4.84485408505,65.60000000000055
554,0.15221349737,7.64555702767,4.08122025857,5.06702079043,65.60000000000055
555,0.119262911739,9.41476893217,-0.824436951453,6.36408106919,65.60000000000055
556,0.319386539652,4.55290609885,1.62229685854,6.58294897976,65.60000000000055
557,0.101397395137,4.65660499292,1.55526872934,4.0132241665,65.60000000000055
558,0.492494503923,3.59858499277,2.20859775812,1.41896790807,65.60000000000055
559,1.07084733092,7.21239217751,5.23552798256,6.084448555,65.60000000000055
560,0.8029087183,7.69197098169,4.24516779703,4.72316183246,65.60000000000055
561,1.2146904766,10.2071711388,1.40728453096,9.0198375841,65.60000000000055
562,0.128808064839,5.38865408406,1.07936437481,4.21742940413,65.60000000000055
563,0.17165202155,7.65833306264,1.87699809665,2.75772862117,65.60000000000055
564,0.102288623448,2.71315005859,-1.52474360814,6.05058462864,65.60000000000055
565,0.114276339452,6.52123484467,3.46254159412,6.39919530448,65.60000000000055
566,0.124589822623,5.71064457262,3.44325301562,12.0567526023,65.60000000000055
567,0.183789229564,24.098762036,22.6586989362,0.653501143228,65.60000000000055
568,0.344463226998,6.33907227273,8.82488799392,-0.239203237492,65.60000000000055
569,0.171903480211,11.3047558824,0.26464009752,0.880981545091,65.60000000000055
570,0.17693772052,7.52166561028,2.34888082872,6.59947699568,65.60000000000055
571,0.169911176708,2.54948579202,0.797343142537,-0.459292272125,65.60000000000055
572,0.136461169231,5.99945592643,0.992749076935,5.11130941821,65.60000000000055
573,0.178105712805,43.3037102854,75.5370400683,-62.5267775631,65.60000000000055
574,0.73951699687,38.1854685082,3.70778243977,53.2736680651,65.60000000000055
575,0.760499077744,0.639350198829,4.43565274047,6.62145896723,65.60000000000055
576,0.355834923202,-1.51087926578,-0.325426039932,1.56379133162,65.60000000000055
577,0.190616041179,3.58161180295,-2.09773697127,8.36255872315,65.60000000000055
578,0.343945294487,7.12748051299,5.91592940771,6.22640096451,65.60000000000055
579,0.187129517393,7.67007264937,6.28682770321,6.48077701082,65.60000000000055
580,1.97219486653,12.616207162,-2.97119263042,13.5941386339,65.60000000000055
581,0.337366211578,8.78758166205,20.2887699796,-8.79886090214,65.60000000000055
582,0.146281453931,7.31053945918,7.7410075118,4.78982122484,65.60000000000055
583,0.49430476519,6.10784615683,4.95128553626,5.60692309061,65.60000000000055
584,0.115253755372,7.49450827045,2.25992576178,2.81006965549,65.60000000000055
585,0.16544156608,-15.927792284,14.3474395173,-23.6582264915,65.60000000000055
586,0.129176261723,9.96931366037,0.413010838125,4.57722335417,65.60000000000055
587,0.25532255621,-1.90951753056,-2.09009802871,0.304755131176,65.60000000000055
588,0.357679355431,-21.9285246263,-21.3333126797,-30.8279406009,65.60000000000055
589,0.649872448317,5.02312085843,8.36370179916,10.0530854677,65.60000000000055
590,0.231966965341,0.572850774993,5.31613583124,-0.296494315298,65.60000000000055
591,0.101841155492,5.95261684442,4.10777058517,4.88365667473,65.60000000000055
592,0.17959637575,8.0253326528,2.91576196501,0.913369320494,65.60000000000055
593,0.318500467021,11.1826485076,1.84567643339,-0.71041813759,65.60000000000055
594,0.108450105424,10.0772922044,0.376678434223,4.38187690693,65.60000000000055
595,0.86709445924,7.27324813945,3.5471967635,5.6114956304,65.60000000000055
596,0.108137118932,4.47228652512,3.74604890901,8.68851746252,65.60000000000055
597,0.317163015091,6.55917169699,4.92584418759,4.78874121876,65.60000000000055
598,0.185212689643,2.97640574011,2.58495269995,5.83222270624,65.60000000000055
599,0.113515149476,6.8242981822,5.06975973932,6.34521721771,65.60000000000055
600,1.59670484478,10.8092136349,19.85468569,-4.14698425155,65.60000000000055
601,0.42776154908,6.9857097389,1.90015323241,4.09528458054,65.60000000000055
602,1.04331676342,-65.9037107908,-6.86153425473,-14.2339311283,65.60000000000055
603,0.204674453615,1.87558810253,-1.83640969771,-1.03009988436,65.60000000000055
604,0.365355485906,7.60170115154,6.76444303274,5.42969021469,65.60000000000055
605,0.437127948933,5.26603559487,-0.734416175409,1.84428548955,65.60000000000055
606,0.257696876579,8.58774552752,1.76939372109,7.25680631384,65.60000000000055
607,0.330196586071,-6.56113712863,50.7207139594,47.4323972121,65.60000000000055
608,0.152083497352,6.95742228619,7.0496797106,4.94050292838,65.60000000000055
609,0.414099413169,-21.3824101953,41.3811380256,6.75862307504,65.60000000000055
610,0.662288188623,6.7563422465,1.72798187672,5.70181552838,65.60000000000055
611,1.70617986176,5.67933350606,3.95284511437,2.57514956342,65.60000000000055
612,0.287108314371,7.30464391594,4.14830077485,4.72785276463,65.60000000000055
613,0.324460393849,-48.4156953212,-31.8884530189,-18.5265562075,65.60000000000055
614,0.149494045756,8.70215083286,0.644602642992,2.9912788301,65.60000000000055
615,0.611511380657,7.52445793904,4.65757044045,2.56501757719,65.60000000000055
616,0.103943272814,9.6049217999,-4.1696548146,0.147752559747,65.60000000000055
617,0.530458394982,-80.8590686382,9.05455085206,-83.0891075199,65.60000000000055
618,0.542729295869,1.14245026833,25.129308533,20.186943554,65.60000000000055
619,0.152470158289,8.76395621272,2.37731265627,4.36325442066,65.60000000000055
620,0.594300296957,4.42131331503,7.58183171828,4.52369920066,65.60000000000055
621,0.120211277214,6.64179991523,4.48339725617,5.42816976472,65.60000000000055
622,0.218915025423,15.5138628675,0.28440629951,2.97606487152,65.60000000000055
623,0.388874139801,3.425790599,1.77558701819,2.58093730205,65.60000000000055
624,0.101422575887,15.3195258885,15.9659557833,11.2368504073,65.60000000000055
625,0.125714178513,6.33554661152,-0.543633221017,3.94502796378,65.60000000000055
626,0.264068579036,7.46443270915,1.21287969255,5.72346080673,65.60000000000055
627,0.425283282513,8.77397980364,3.86535522338,3.83599201063,65.60000000000055
628,0.115012575504,-5.24530791833,11.800636946,6.7989044478,65.60000000000055
629,0.107408964408,5.58111758418,10.0524918385,0.472261844265,65.60000000000055
630,0.289196117063,10.6959218804,4.15293538706,-63.6570788687,65.60000000000055
631,0.115475069338,9.41037989313,1.69569078941,5.49189585175,65.60000000000055
632,0.133184458078,7.83042576729,-2.30193875523,6.21618314967,65.60000000000055
633,0.619522129237,12.5240197194,5.09843362684,13.4556195716,65.60000000000055
634,0.1407774053,-1.9771096881,1.60157989833,-0.309143567091,65.60000000000055
635,0.187764846061,6.80622787214,5.81216236164,4.07781777706,65.60000000000055
636,0.269882152129,-0.638174572078,13.7876711445,18.9018240509,65.60000000000055
637,0.109239247865,-4.85301997869,-16.7292067947,15.6964663277,65.60000000000055
638,0.118339374371,7.74618780165,4.58034750092,5.56084236782,65.60000000000055
639,0.11330284522,6.87137807367,1.8563568433,3.98178693758,65.60000000000055
640,0.311428043498,6.45520720844,3.5169995554,4.08489922671,65.60000000000055
641,0.159612166095,-3.00994409056,-5.13717797655,32.254496465,65.60000000000055
642,2.01654853385,8.66831716224,3.34445593858,3.04138582279,65.60000000000055
643,0.749310327868,6.42108182962,2.40972787369,3.11844028293,65.60000000000055
644,0.123369382367,1.43771374501,-4.09558916332,9.34903010188,65.60000000000055
645,0.201543891724,4.04740147998,2.34935316319,2.18255661545,65.60000000000055
646,0.68148972598,9.81031799918,4.62671942832,2.23694111264,65.60000000000055
647,0.471194443334,5.965763792,4.39695214454,-0.321426921173,65.60000000000055
648,0.280456479256,7.77811414886,3.27452398776,4.95059454953,65.60000000000055
649,0.175552942061,6.861354853,2.69954021999,6.23009307447,65.60000000000055
650,1.1766853051,3.34908971826,3.16015575871,2.46987334954,65.60000000000055
651,0.109322327827,5.16036472557,1.58941853412,4.44716565551,65.60000000000055
652,0.221301674245,0.589928638521,4.51292645199,7.02780726949,65.60000000000055
653,1.29071682887,9.89569285742,2.93614923511,7.82999997243,65.60000000000055
654,0.258668913926,2.0869355929,3.33101032259,7.27013354996,65.60000000000055
655,0.263926759911,13.1779091713,12.338602788,11.9327858459,65.60000000000055
656,0.527920277132,5.00645268711,2.49802792007,4.47450318331,65.60000000000055
657,0.352543609544,7.88251280982,2.33160664942,3.1377260807,65.60000000000055
658,0.359636260723,4.05692642204,-0.736994233017,0.974920314999,65.60000000000055
659,0.243183974019,-7.46003570384,2.87166532703,-1.79741449934,65.60000000000055
660,0.101939306445,4.98572766435,3.82717460473,4.04261837172,65.60000000000055
661,0.190752823454,6.33555866548,3.97566031413,4.13126853186,65.60000000000055
662,3.97235226388,6.69619160215,2.33986307726,3.61831664306,65.60000000000055
663,0.320371309654,6.14881198315,3.99080615071,4.54717996129,65.60000000000055
664,0.136835197878,7.97896340554,4.61857344481,7.33887269539,65.60000000000055
665,0.45128802471,7.15241455099,3.9181479975,5.58956779968,65.60000000000055
666,0.352600875936,8.12873572871,1.56608184639,3.87517492086,65.60000000000055
667,0.105569761414,3.87298202638,2.31228509974,2.17985971847,65.60000000000055
668,0.224155900917,7.34787358834,2.46631317669,4.36190973085,65.60000000000055
669,0.110346903418,8.57504785297,1.82088221424,1.47701000298,65.60000000000055
670,0.217486099489,8.12805751255,1.17094213293,6.46659165887,65.60000000000055
671,0.139013732576,32.0084775559,20.5994785845,22.9655852507,65.60000000000055
672,2.14289493287,7.17161502754,3.31124760585,4.47390999589,65.60000000000055
673,0.664312012085,6.83317612661,2.08857692402,4.31346418633,65.60000000000055
674,0.460720532433,7.90935885155,4.76427600582,3.68665572144,65.60000000000055
675,0.109553363162,2.89068771625,2.55391287562,3.00246452434,65.60000000000055
676,0.142387518225,-0.475390551711,-0.242098026006,8.72274931431,65.60000000000055
677,0.158450057919,5.16935435115,5.84982499492,6.00132382945,65.60000000000055
678,0.219550328119,4.72298562655,6.97924319266,5.80031748429,65.60000000000055
679,1.28221173153,6.11948788027,3.02463233159,5.78599867434,65.60000000000055
680,0.117703816402,6.83444443649,2.48865884891,2.42536097759,65.60000000000055
681,1.70954136081,6.15912091397,1.63861836536,5.66707439264,65.60000000000055
682,0.22044076542,9.30087696179,3.70994578378,3.42181168365,65.60000000000055
683,0.145757468779,-11.2016867233,-4.06276314184,-11.4672747411,65.60000000000055
684,0.405785017621,3.40505670001,6.3927818754,3.86848131459,65.60000000000055
685,0.362058936982,5.93232137805,4.05459256823,15.3520194566,65.60000000000055
686,0.184389395607,0.997694593468,9.09330072395,-7.92121089999,65.60000000000055
687,0.590760137982,-43.1947951316,-18.512011778,-16.455856307,65.60000000000055
688,0.26786258748,8.32483678339,5.17979256008,4.25808336188,65.60000000000055
689,0.404475555608,4.67782505409,1.6338743152,4.15939908712,65.60000000000055
690,0.450579324865,18.8418586983,6.64028938839,5.02292849635,65.60000000000055
691,0.788704383037,6.98210100132,4.06398293576,4.30681746092,65.60000000000055
692,1.0677254263,8.77806112987,3.82709994882,6.91474441073,65.60000000000055
693,0.322690944978,15.5095465366,-7.88761716445,7.20482760537,65.60000000000055
694,0.142864505683,5.10415978219,9.98280042377,-1.55984497445,65.60000000000055
695,0.382089332341,6.84137276505,1.26800274604,7.78675857574,65.60000000000055
696,0.221983038993,6.01747688788,3.38618927232,5.53083414603,65.60000000000055
697,0.615099121924,4.38353794448,9.66858526515,2.22864311295,65.60000000000055
698,0.799662850127,7.6434487351,3.69339597748,4.69258750632,65.60000000000055
699,0.294519503391,5.24519837877,2.61765090249,3.46825279072,65.60000000000055
700,0.438063414852,7.42010708148,6.00258987155,9.66882238568,65.60000000000055
701,3.45656716944,6.77812692831,3.42831132986,4.17879057724,65.60000000000055
702,0.123122589855,7.23232917117,5.06299616507,6.98305054206,65.60000000000055
703,0.309584124537,4.03512284604,14.4552985048,-2.13551333874,65.60000000000055
704,0.100290783684,-1.53945179438,20.0960435826,33.2137208028,65.60000000000055
705,0.17357573191,4.00709153206,9.72985693035,3.48374248872,65.60000000000055
706,0.356137733187,9.86701888252,5.87310165635,-1.85497853374,65.60000000000055
707,0.124191116531,7.05004777228,3.51636242798,2.55636625947,65.60000000000055
708,0.133067207794,7.12213052896,5.19656117704,7.33107459723,65.60000000000055
709,0.687636657499,5.62049561518,3.66777684341,4.80013085244,65.60000000000055
710,0.247985193855,-15.3848050313,-9.91633642544,-3.26518584463,65.60000000000055
711,0.403971967945,1.11501122878,3.23852902965,0.396591082567,65.60000000000055
712,0.489336366573,6.78505096176,2.74016219767,3.6312108659,65.60000000000055
713,0.329658530992,9.96195903926,3.91982173917,0.395246748723,65.60000000000055
714,0.185504902638,-77.1737595327,-33.1057976336,-46.8677775743,65.60000000000055
715,0.688701170453,-1.53185639656,8.220558988,9.50038327998,65.60000000000055
716,0.121597161549,10.1534132205,6.3824487178,4.94562041475,65.60000000000055
717,0.210586454982,5.14392882608,2.13432690586,-0.980138868484,65.60000000000055
718,0.337684496105,4.3532676264,4.81059378448,5.75743049678,65.60000000000055
719,0.138980324604,7.04118047337,3.32673192807,6.55763948643,65.60000000000055
720,0.525927962926,5.39515459265,6.67703027982,3.17288601339,65.60000000000055
721,0.181085591787,25.1380936196,25.2341362518,9.5680139238,65.60000000000055
722,0.195477486221,10.4786776348,4.73215264699,3.35332903144,65.60000000000055
723,0.127659975202,8.23801815547,4.99251868106,3.66616408714,65.60000000000055
724,0.141347869056,8.54200601604,-2.50354767045,16.7933362299,65.60000000000055
725,0.36156759909,8.51192211532,4.87583630846,16.6313174381,65.60000000000055
726,0.115782048197,7.89106358719,4.17573902102,5.58491549784,65.60000000000055
727,0.189199097537,5.31843985612,3.18170057483,3.50644908434,65.60000000000055
728,0.455301862081,7.08027517223,4.28111707071,14.7581726842,65.60000000000055
729,1.20686064759,7.22531055323,7.592673326,6.89433268551,65.60000000000055
730,0.146148921531,4.67741844461,7.41317278241,1.95404310624,65.60000000000055
731,0.140598696671,8.94489955466,17.4578456197,-25.8668011297,65.60000000000055
732,0.204699999218,21.5913849442,-18.3177258099,-15.2655016712,65.60000000000055
733,1.2803416775,5.0976280576,3.69661769712,3.54366138713,65.60000000000055
734,0.189835715989,6.28029659166,3.40430345023,2.75757793336,65.60000000000055
735,0.119437670653,2.01474761914,-2.96961248662,23.5899055165,65.60000000000055
736,0.487726889399,-22.3015877722,15.2400436049,19.012657944,65.60000000000055
737,0.153899101925,8.27158338041,-11.5405600359,-1.73358965221,65.60000000000055
738,0.189397398253,3.85301745261,5.07077882545,5.81402879566,65.60000000000055
739,0.200316852054,15.0985206761,23.4336589953,4.6413414471,65.60000000000055
740,0.469537948763,6.34715479384,4.56684260229,3.31622414824,65.60000000000055
741,0.485261776925,3.34652107883,5.39158036974,5.33487098473,65.60000000000055
742,0.474584762456,7.18644705217,4.13811934384,3.01933319767,65.60000000000055
743,0.483304785282,38.0399941903,4.25695635837,52.2775996736,65.60000000000055
744,0.165051302272,6.90243743755,0.566645733247,3.55185797247,65.60000000000055
745,0.772812164212,17.4967071798,-33.2379007367,-22.5392899957,65.60000000000055
746,0.983334119862,7.34160438417,3.899158134,3.58184009871,65.60000000000055
747,0.49882955694,7.69093175118,4.35348039563,7.03478345276,65.60000000000055
748,0.488619094696,5.70586203343,2.8062341057,0.371853089782,65.60000000000055
749,0.138925373418,5.91726620641,5.26122763564,2.32410139673,65.60000000000055
750,0.411734846236,-31.2058112141,-17.684327937,22.1653250602,65.60000000000055
751,0.343145201252,4.94076688536,3.5615927356,3.07096855318,65.60000000000055
752,0.475203468017,8.15443214067,7.00298377458,2.37648860718,65.60000000000055
753,1.7955540179,5.43099642424,3.60229008279,5.78700045632,65.60000000000055
754,0.254366675432,7.66540661514,3.35786030591,4.75080954873,65.60000000000055
755,0.331519863638,36.4186683235,-3.28602505041,16.7599947932,65.60000000000055
756,0.354978278742,6.98767345506,7.50511894492,6.59019499148,65.60000000000055
757,0.122935465567,7.87895677566,7.06048040681,3.47872112445,65.60000000000055
758,0.388653795499,16.0204147857,-2.98258760377,1.1622372336,65.60000000000055
759,0.252721461724,-2.37825852011,6.34621800478,22.6151213114,65.60000000000055
760,0.427124280348,5.40576418146,-22.5713059534,5.26029553837,65.60000000000055
761,0.113422031372,8.89248702713,1.62417273224,4.4755429415,65.60000000000055
762,0.241671930674,16.6015474205,-51.6443909348,9.38230016035,65.60000000000055
763,0.143333269354,-28.190932015,16.5263304168,-42.1123928827,65.60000000000055
764,0.970395657197,6.3962090323,3.64586696403,4.87444338593,65.60000000000055
765,6.59540271061,7.18957602076,4.08866344124,4.63357204466,65.60000000000055
766,0.573649448632,5.41498287275,4.50052721162,4.62146562154,65.60000000000055
767,1.04190683473,9.13952429812,1.5814462536,9.18673313701,65.60000000000055
768,0.24492898707,12.0696464957,7.42366880632,4.97799661916,65.60000000000055
769,0.391583624387,8.39010036733,2.96187372024,4.17577901322,65.60000000000055
770,0.445446089313,7.65452980534,9.64453337739,4.34676175498,65.60000000000055
771,0.156481289986,8.88913895497,-5.19640273752,8.7185166811,65.60000000000055
772,0.370315213534,32.2946578296,45.2133963981,-2.63083819845,65.60000000000055
773,0.533820961942,6.20203307783,0.609919168477,4.30704470729,65.60000000000055
774,0.18287922577,-4.10341379065,1.93042239337,9.08199409739,65.60000000000055
775,0.16668409236,3.41479110568,4.67779467986,1.87998225958,65.60000000000055
776,0.125100714663,-27.7904755273,12.6598532829,58.1786975086,65.60000000000055
777,0.133880940513,8.66694226825,2.58934826438,5.28755970696,65.60000000000055
778,0.124625121673,7.0904658982,3.42976250022,4.13585245059,65.60000000000055
779,0.292667060195,8.41542862621,2.49252092097,1.85139183985,65.60000000000055
780,0.286993765064,-19.4442310802,47.6693330502,-36.6210533458,65.60000000000055
781,0.244705744235,4.83214641529,3.53827085378,7.11801033335,65.60000000000055
782,0.113508606554,4.68438623008,2.15471445122,5.84499177047,65.60000000000055
783,0.122998881187,-7.27125225856,9.73984412889,8.13310605592,65.60000000000055
784,0.604358483434,15.1085708473,12.4555479645,-0.416895268055,65.60000000000055
785,0.724022824055,59.0284769799,-27.3713804289,51.9585534253,65.60000000000055
786,0.197559976025,12.6350664813,21.6759006443,17.4578127723,65.60000000000055
787,0.576318797078,10.493736062,11.1774963043,2.81788307168,65.60000000000055
788,0.230991159047,7.70421837818,2.9708072299,4.28741687197,65.60000000000055
789,0.142855141068,5.6505912874,2.0463982263,3.76154886342,65.60000000000055
790,0.137043345803,5.13543412771,-2.29701611853,0.7760929045,65.60000000000055
791,0.139265634951,-12.3882521203,13.3434926785,-0.642225737899,65.60000000000055
792,0.301234035119,-8.65609280966,-20.94225097,-6.52891688472,65.60000000000055
793,0.183195786668,-34.2552048202,12.134910359,47.0026311703,65.60000000000055
794,0.273839042146,2.20502984371,6.79827566795,3.13264020008,65.60000000000055
795,0.274056049504,6.59937036281,2.59921639576,6.20091673125,65.60000000000055
796,0.305498749853,6.98201067717,4.4462329501,3.96574031921,65.60000000000055
797,0.185129295328,5.50065977327,2.58853838316,7.0352387453,65.60000000000055
798,0.231812657157,7.82733812215,4.42220523094,3.35660202376,65.60000000000055
799,0.146082131886,5.34696818857,0.877224923053,3.52286727305,65.60000000000055
800,0.158771240369,2.91004153443,5.25054210292,2.30820714563,65.60000000000055
801,0.108276785184,24.7482721258,-19.6944929526,-34.8191702771,65.60000000000055
802,0.137112758527,8.41696749093,4.42814210225,6.17504486431,65.60000000000055
803,0.247106262304,6.47756262958,1.3997123171,4.60123088679,65.60000000000055
804,0.31140041815,0.4199171398,11.7113367814,0.256691208711,65.60000000000055
805,0.993204630456,5.7481368666,5.80495527246,7.37725282109,65.60000000000055
806,0.285485215675,-17.4558697715,-5.89458884703,18.2166482187,65.60000000000055
807,0.326397192255,7.12235062041,4.39781765015,8.32480240283,65.60000000000055
808,0.384924874026,7.13846714361,9.22733249034,4.03282344279,65.60000000000055
809,0.17282624045,5.78918114564,8.03069839526,-10.5474073832,65.60000000000055
810,0.870879600981,-3.93904686537,9.09441250425,2.65047627365,65.60000000000055
811,1.24845141769,11.0560553875,1.58951676365,6.23493291965,65.60000000000055
812,1.10004561215,27.3494298502,27.6822249341,-18.3783470099,65.60000000000055
813,0.409467196784,5.30324362254,2.18459964133,5.94260412465,65.60000000000055
814,0.413178214395,8.9689982375,4.43190567018,3.72427293463,65.60000000000055
815,0.581650604972,11.8846976172,-8.98594663731,-6.91222700975,65.60000000000055
816,0.443305791771,6.72596563606,1.21399697348,4.22533816825,65.60000000000055
817,0.354865275403,8.38941924835,4.17013769752,4.95102772688,65.60000000000055
818,0.177072191621,8.13101407653,-6.90138813331,-43.5163693042,65.60000000000055
819,0.257723170384,4.51772789911,0.295521468875,4.91750413063,65.60000000000055
820,1.02707399375,6.24680649559,3.07318317611,3.52407467543,65.60000000000055
821,0.114707484005,1.739844652,3.0643193293,2.30602311152,65.60000000000055
822,0.275723008838,8.25779078516,2.92507229395,0.929845793983,65.60000000000055
823,0.13967387411,7.25273967431,1.65022676404,3.56505200417,65.60000000000055
824,0.222214122729,7.62660666724,10.5892336538,6.11330124995,65.60000000000055
825,0.159959407489,3.85814446714,2.80310004825,4.66648356396,65.60000000000055
826,1.06539548602,5.71861923774,4.82946962812,2.68081717749,65.60000000000055
827,0.47906750106,7.398784145,5.0923905414,3.85495915777,65.60000000000055
828,0.170748484396,-1.44088605019,5.85969674057,20.918223905,65.60000000000055
829,5.48203551554,7.20934156283,4.15893306217,3.98168935817,65.60000000000055
830,0.540137495907,2.14884999017,11.8438443568,-1.69082651321,65.60000000000055
831,0.832656773502,3.75336718877,1.2751839553,5.68223031853,65.60000000000055
832,0.422791355626,14.5182159047,-0.0258972456847,2.42777942543,65.60000000000055
833,0.182708292856,6.85949282854,11.2325507525,3.54886794341,65.60000000000055
834,1.4028809141,5.17223464316,4.27069498868,5.15354756477,65.60000000000055
835,1.91920627361,6.88057725988,3.59613801225,5.9792365356,65.60000000000055
836,0.470938208367,4.59930405101,3.49050660282,-0.486433076928,65.60000000000055
837,0.288123824822,8.1456056374,3.13761427407,4.70851723001,65.60000000000055
838,0.50877739599,3.43729608539,3.85181656837,8.12180746796,65.60000000000055
839,0.360417927224,8.35487008374,4.61025020916,3.7595077758,65.60000000000055
840,0.412121085439,12.0035316983,9.04730004063,-0.0187676192544,65.60000000000055
841,0.107619070742,8.25159573819,3.41151987847,8.60547725487,65.60000000000055
842,0.270737790581,6.27946371922,1.90613999574,4.19442820926,65.60000000000055
843,0.171903868334,5.34178215627,5.83126262684,3.37564418993,65.60000000000055
844,1.24630827392,-29.2754625451,10.466338894,-19.6898649208,65.60000000000055
845,0.187958953592,7.15335998896,3.91194580803,6.86440250811,65.60000000000055
846,0.451792256162,8.69835317981,0.405435588352,2.98494682339,65.60000000000055
847,1.55483674477,5.55763790168,3.73368377016,3.06518010619,65.60000000000055
848,0.517169084964,7.8250018598,3.6145525599,6.67618377269,65.60000000000055
849,0.728276853641,-17.5045364671,31.5523942318,3.68554158264,65.60000000000055
850,0.981335899027,19.2614241519,10.2285506073,7.7362036324,65.60000000000055
851,0.336765976096,32.4096164944,-10.4205208476,20.0582360914,65.60000000000055
852,0.844953650158,4.7198942593,4.89727831604,4.93193545972,65.60000000000055
853,0.696108854054,4.53966587211,4.61685260208,2.92511309867,65.60000000000055
854,3.70314719268,7.36743871542,4.16499830838,3.27731429791,65.60000000000055
855,0.407480776383,6.27939400759,5.76088669919,7.20403455748,65.60000000000055
856,0.17702222958,7.59337804173,3.55182550559,4.56135401926,65.60000000000055
857,0.131058224137,5.41746264175,0.928110740199,7.23530718476,65.60000000000055
858,1.89826699763,2.48672706688,43.9269927142,-41.8130662509,65.60000000000055
859,0.111282882219,26.9574296099,-3.46732655814,-59.0424640317,65.60000000000055
860,0.119558078352,10.4989035901,3.50562149443,10.0530348233,65.60000000000055
861,0.400040582449,9.98513197367,5.76060676255,9.13699889588,65.60000000000055
862,0.858442691672,12.8899201621,1.96258901953,12.7066128107,65.60000000000055
863,1.28640596101,-7.28003653592,49.870749265,48.7525992362,65.60000000000055
864,0.593273687485,7.10655051928,2.16038926226,6.45147915425,65.60000000000055
865,0.158847646296,4.7439595782,2.4816613491,6.31522168051,65.60000000000055
866,0.35330922964,6.37668573643,3.89924848381,5.9892151805,65.60000000000055
867,0.167702459088,8.46944267067,2.54433628281,5.80011201214,65.60000000000055
868,0.228729629234,6.76799395722,4.05691484653,3.40439850176,65.60000000000055
869,0.180292129396,13.5430517275,1.54701220228,0.0578588347799,65.60000000000055
870,0.414500423661,7.71613396228,5.45101841025,5.20263996961,65.60000000000055
871,0.191440840644,50.9462179026,37.5934234026,8.03478569454,65.60000000000055
872,0.735445910047,6.37960278085,4.08309294895,2.46356371585,65.60000000000055
873,0.128164849422,14.5489232862,1.55300892321,10.0108507101,65.60000000000055
874,0.136101357176,5.79700986523,3.9467141774,4.19133329935,65.60000000000055
875,0.13844810823,3.98881380778,5.3632093141,7.76460223373,65.60000000000055
876,0.378305315505,3.14646454499,1.82894293879,2.68119913397,65.60000000000055
877,2.59824931369,8.06286187141,4.46838571332,2.52242593513,65.60000000000055
878,0.194350852566,5.68581893823,3.48907801224,3.87987572953,65.60000000000055
879,0.238436930487,10.4233857785,2.35415517505,5.03895260311,65.60000000000055
880,3.10662589733,7.15069391367,3.88858565284,4.32895954219,65.60000000000055
881,0.274226999951,9.64674151197,9.65394994414,-4.25210518429,65.60000000000055
882,0.134667083736,11.1141890352,7.08003683767,3.99839637825,65.60000000000055
883,0.290981553321,7.03608518292,3.65758911902,4.82159754904,65.60000000000055
884,0.250769227242,8.13509741585,3.3500525969,2.87773810887,65.60000000000055
885,0.245393146363,-5.83912917653,3.6691111128,-9.50533318768,65.60000000000055
886,0.168715190815,7.1002214668,2.0542714811,3.39561384714,65.60000000000055
887,0.411215054745,-17.9750949699,34.6807877645,-61.8811704935,65.60000000000055
888,0.328241629767,5.1879943238,3.9932656196,4.18340644915,65.60000000000055
889,0.259892920618,9.78684506499,2.31909166696,4.55500356269,65.60000000000055
890,0.302437318766,8.21583732054,4.2566377463,3.20458295611,65.60000000000055
891,0.144631877928,11.2103455657,9.02043998628,8.19982833079,65.60000000000055
892,0.140976324231,6.60814798498,-0.248104663858,5.29611040213,65.60000000000055
893,0.165426363496,10.4889643244,-1.65014930883,4.7191052315,65.60000000000055
894,0.405307372201,-2.94318166909,47.391020317,-43.2955322146,65.60000000000055
895,1.51554472409,7.58851326227,2.66401361696,4.63745184378,65.60000000000055
896,0.275270355985,10.372812385,10.2402187083,61.583689849,65.60000000000055
897,0.345414089498,5.36671925486,-0.66108876027,1.62403350022,65.60000000000055
898,0.130468860659,38.3702774881,10.811172624,-4.62206230913,65.60000000000055
899,0.938093423067,7.28661202318,3.66593416843,7.30383133882,65.60000000000055
900,0.769950961825,7.54615710413,13.9849555742,11.2275402035,65.60000000000055
901,0.101289472053,9.89578719668,2.92063046559,11.2897181114,65.60000000000055
902,0.135404311739,8.66599704666,1.80460033564,5.86673469288,65.60000000000055
903,0.101229024155,34.2732656093,-4.7509728967,-13.7745925317,65.60000000000055
904,0.156305722806,7.20796635437,-3.71151216761,7.43933571555,65.60000000000055
905,0.741504023571,5.25836823128,3.11091293638,4.52561915125,65.60000000000055
906,0.382307487865,6.90575809574,7.64924682543,6.45827997368,65.60000000000055
907,0.1759002959,7.25311573626,6.09445238168,7.34552375025,65.60000000000055
908,0.137085541585,4.93146098206,2.33767727228,2.77275635082,65.60000000000055
909,0.26735546924,-7.93462457238,-4.33452307583,-2.26726133802,65.60000000000055
910,0.668795233806,8.26517398919,4.29535876608,1.53624008364,65.60000000000055
911,0.408478953767,3.5640714115,-0.0649106766573,4.75019989482,65.60000000000055
912,0.642394934153,-18.2352641755,22.1631297947,0.755478562439,65.60000000000055
913,0.132567547666,7.25249658539,8.74007549633,6.61311023689,65.60000000000055
914,1.0517733162,10.7757496341,0.710464174829,3.27769409343,65.60000000000055
915,0.578373426199,15.4605709557,1.84859987999,15.8763649925,65.60000000000055
916,0.297820237939,12.5362543405,13.6911998557,4.25199709101,65.60000000000055
917,0.518074730725,6.09522681943,4.77286277127,6.79154431255,65.60000000000055
918,0.499411957703,6.66373471153,2.40020401618,7.39868769214,65.60000000000055
919,0.181876525877,4.47520157478,8.44190680815,3.85798992205,65.60000000000055
920,0.200280942117,4.81819352951,0.782410705213,-5.48044593312,65.60000000000055
921,0.304845204038,6.17443205367,1.84471067797,7.07331623681,65.60000000000055
922,0.113205743228,6.34056996479,3.63282184018,3.20068972803,65.60000000000055
923,0.218029056363,4.56113898834,0.775701815139,10.0856399321,65.60000000000055
924,0.913480552871,-27.9658152946,41.4973026429,29.6923160097,65.60000000000055
925,0.549723394239,6.49539424892,0.753656865315,4.91249985198,65.60000000000055
926,0.157198238115,4.64167278132,1.84780562401,9.23431143227,65.60000000000055
927,0.970312923865,9.98008428867,2.0164759443,-4.22878591341,65.60000000000055
928,0.234981398692,-12.6698976001,29.2845309322,-35.6669914104,65.60000000000055
929,1.58129087342,-23.1141521145,-30.4162986781,10.5359606661,65.60000000000055
930,0.148237586805,9.99758451729,4.35750563679,4.01749699092,65.60000000000055
931,1.63496285101,7.20177423895,4.69899208559,5.61878012996,65.60000000000055
932,0.103844523094,8.62611881175,1.18175633523,4.18083999205,65.60000000000055
933,0.137924171144,4.27236069875,-0.0578639640591,6.00694392879,65.60000000000055
934,0.276125020465,10.8970111477,0.431914663916,5.9321948467,65.60000000000055
935,0.234774358981,9.00129288348,-19.6639644163,-19.1633450763,65.60000000000055
936,0.7300888381,5.75266123582,4.08223967683,3.4508112442,65.60000000000055
937,1.14932485183,6.00897710148,1.52066026153,3.17989005673,65.60000000000055
938,0.241729949976,79.0878410345,-60.8678660208,12.0317438135,65.60000000000055
939,0.208483415803,5.18185789451,1.68468392065,-4.04952636033,65.60000000000055
940,0.544642869097,6.72224346385,2.36020560584,2.82771158694,65.60000000000055
941,0.101420984805,8.84512828316,5.7865753104,1.02640979394,65.60000000000055
942,0.365776205269,9.39143203378,6.32259745652,5.34012082747,65.60000000000055
943,0.424821305735,8.04017037857,4.17856698034,4.26366100251,65.60000000000055
944,0.893364088517,17.5468362359,11.0422031099,0.3683544904,65.60000000000055
945,0.241206556504,8.68271857614,2.24176184429,4.71981382826,65.60000000000055
946,0.731549492525,6.8659969283,4.56687717789,3.55094734028,65.60000000000055
947,2.12913111271,7.90524173585,1.0664998901,5.44538527384,65.60000000000055
948,0.165371991816,8.8517189919,-14.0218186834,4.95753893193,65.60000000000055
949,0.409716255761,10.8348417831,4.71044703069,3.85848797847,65.60000000000055
950,0.157028906801,7.96790266697,2.73410750924,2.53738321736,65.60000000000055
951,0.350074460645,34.0738182584,-19.7796777572,0.725050694409,65.60000000000055
952,0.280793852933,-13.7979857683,4.00410336213,11.9460270759,65.60000000000055
953,0.112493903953,6.59200445952,1.36431984788,2.66526866652,65.60000000000055
954,0.157473806717,11.2901368768,10.6853225736,6.09715451475,65.60000000000055
955,0.585020728018,13.4433202454,-4.97823410225,-17.3286815661,65.60000000000055
956,1.05535935561,4.62622511216,3.33652706032,4.58989229916,65.60000000000055
957,0.2885188341,8.78028622221,2.35690916149,5.7480785327,65.60000000000055
958,0.544201543231,9.36054534508,-5.43229726365,9.13835434296,65.60000000000055
959,0.280980225846,6.15387179845,-1.04080557936,8.18128352139,65.60000000000055
960,0.115166976283,14.8214393904,1.35261012559,3.82119554053,65.60000000000055
961,0.401493285748,30.6845926629,13.4750679586,9.85222869455,65.60000000000055
962,0.44969184451,7.36402076155,3.44417856542,8.74778558096,65.60000000000055
963,0.102684190267,10.9738322638,-3.00704049957,6.67439704533,65.60000000000055
964,0.996297812795,6.29171435046,2.5777828166,4.42130561573,65.60000000000055
965,0.421755524174,8.65140798098,1.65332751206,4.2680449476,65.60000000000055
966,0.11324816747,12.1311884583,-4.35345091899,3.07448283249,65.60000000000055
967,0.370855561171,7.15597013696,6.97075164822,6.37907009201,65.60000000000055
968,0.416918746529,6.02953160444,2.1643871039,4.78989224824,65.60000000000055
969,0.499293071172,32.2068661526,1.26648700122,8.83448872828,65.60000000000055
970,0.291514643502,5.50912033702,0.662422361919,4.69801369362,65.60000000000055
971,0.165693971402,8.49401807771,2.46641661577,3.17280239165,65.60000000000055
972,0.60204186413,6.57618062394,4.03476331969,5.59483122506,65.60000000000055
973,0.102970662836,-2.63781462878,2.13573931636,1.85327435785,65.60000000000055
974,0.130071070408,6.08659583565,4.98634856726,0.275775196932,65.60000000000055
975,0.201901954245,7.88424106748,1.95266944004,5.53018466793,65.60000000000055
976,0.829413513032,6.95143995109,4.22148991762,4.53351453438,65.60000000000055
977,0.313018758778,5.72361728768,3.77826920648,1.17786827244,65.60000000000055
978,0.140273988459,6.72166276776,2.56912611581,3.26635251017,65.60000000000055
979,0.112178935308,5.96812672297,10.0341388937,8.73502081619,65.60000000000055
980,0.411138170941,5.8181804879,3.30802080726,4.68722432532,65.60000000000055
981,0.69850912373,3.31706804817,-0.469523332867,8.45287403005,65.60000000000055
982,0.534889840281,4.19235188862,5.77550070993,4.12447686107,65.60000000000055
983,0.271701427312,6.74015803539,2.89080733468,2.93581976815,65.60000000000055
984,0.290793276677,9.88944886133,2.38390242176,11.8342856065,65.60000000000055
985,0.377728294449,7.80408748787,-3.20085219064,-8.22176876664,65.60000000000055
986,0.83340283311,3.43833990317,4.27954875127,2.01701694915,65.60000000000055
987,0.14938802334,4.75076931729,5.73605419037,3.10193643428,65.60000000000055
988,0.979299229011,8.51292398847,1.46171487717,1.13004564196,65.60000000000055
989,0.170211629406,10.8091102279,2.33710591697,5.21922836096,65.60000000000055
990,0.176310183827,32.4579348962,1.3997215641,0.981711753078,65.60000000000055
991,0.761836448738,7.59124618603,2.71278018623,0.606626358796,65.60000000000055
992,1.0937087417,7.85127571909,4.03853995815,5.3945225589,65.60000000000055
993,0.285695549252,10.1934475361,1.1541078481,6.1541811415,65.60000000000055
994,0.173057815752,7.14863665099,1.17800940419,2.54690123074,65.60000000000055
995,0.20242256352,5.85087767342,2.8332762253,8.85331210128,65.60000000000055
996,0.126220825794,7.45675011101,3.43024323859,4.6851394508,65.60000000000055
997,1.35019590682,5.72807277866,4.8319648403,5.82495426904,65.60000000000055
998,0.120593837577,6.02169229108,0.950884829124,0.753250376744,65.60000000000055
999,0.645408861231,10.7240368447,11.8588381613,2.33147547703,65.60000000000055
