Star_ID,Mass (MSun),X (pc),Y (pc),Z (pc),Simulation Time (Myr)
0,0.294371270759,-23.0671347211,1.2531698096,1.17596069274,73.70000000000009
1,0.20423152447,-24.5884101527,0.361210004942,0.0886532872467,73.70000000000009
2,0.785907019466,-23.116071658,-1.12211297789,2.2385382016,73.70000000000009
3,0.135302395619,-26.1517105329,-0.338438141379,2.28063591771,73.70000000000009
4,0.354340038165,-28.5646612379,-3.84774330846,-2.55229206479,73.70000000000009
5,0.135024610674,-46.7713540338,16.7415050554,50.7868117121,73.70000000000009
6,0.231140254472,-22.0738801279,0.29710127606,2.36362338225,73.70000000000009
7,0.117171554722,-26.9216748922,-4.19517408654,11.3202029995,73.70000000000009
8,0.387507277644,-24.2337047853,-0.364152469897,0.819038372951,73.70000000000009
9,0.11711540701,-22.83663985,1.02202328468,-4.33136730642,73.70000000000009
10,0.506493285504,-20.1610379203,3.31245339731,-1.83596544828,73.70000000000009
11,0.51864387201,-21.4709537526,-1.52305709842,1.81373042242,73.70000000000009
12,0.370092277335,-23.5280711152,-2.19402662507,2.64800013321,73.70000000000009
13,0.306007760107,-32.751056905,4.33007661258,2.13940862491,73.70000000000009
14,0.177148387266,-24.1094238531,-1.48707156349,2.31318249256,73.70000000000009
15,0.15607095034,-22.4033373371,-9.7016282358,-1.70218319914,73.70000000000009
16,0.224363341543,-24.5770786273,-1.56418219971,1.28776359229,73.70000000000009
17,0.162767909005,-32.5029593103,-36.8806623522,18.6241109107,73.70000000000009
18,0.395560360019,-40.8580248215,18.5672398775,9.23822991071,73.70000000000009
19,0.455052237913,-25.4064095008,4.44066649687,7.67423519358,73.70000000000009
20,0.374012551687,-22.3282765303,-3.2548446597,2.88126322623,73.70000000000009
21,0.732846137409,-18.3083416823,3.11407771103,-1.9948079002,73.70000000000009
22,0.171194723886,16.8787095849,2.56480199434,9.26488922377,73.70000000000009
23,0.39623722838,-24.6574375502,-2.08059924058,1.30517032675,73.70000000000009
24,0.121045014579,-40.9240028042,-12.0376367475,-7.5563128929,73.70000000000009
25,0.205285650133,33.1534746212,24.8383523791,-2.31782298431,73.70000000000009
26,1.04269403355,-22.2071194848,-0.976203499697,0.709544856977,73.70000000000009
27,0.268056624182,-92.0179662735,26.5354432444,12.9851413081,73.70000000000009
28,0.516513404607,-25.9287863311,-2.32293573482,0.727915254743,73.70000000000009
29,1.80159504612,-25.3660102434,3.13390894314,0.497841994923,73.70000000000009
30,0.146968766754,-8.85435948624,5.20728526452,3.83159283635,73.70000000000009
31,0.304285780856,-21.6970496103,2.35600210416,2.15497107026,73.70000000000009
32,0.161105879501,-24.7196518057,-1.09366314521,-0.0495874641854,73.70000000000009
33,0.336275170799,-37.5865439411,5.7207802536,-0.322802707529,73.70000000000009
34,1.30928710378,28.3831770769,28.3782620238,-21.2447839726,73.70000000000009
35,0.109529254539,-17.3885162949,2.7035716489,5.59505614272,73.70000000000009
36,0.122942567295,-20.1570664109,5.98979748595,-4.92902182924,73.70000000000009
37,0.263027647072,-25.00908117,-2.04197596562,2.45177601848,73.70000000000009
38,0.32162946512,-17.2336660199,-46.115960646,-2.97953692155,73.70000000000009
39,0.146892401408,-25.3689097888,1.85084183897,1.70693790368,73.70000000000009
40,0.368904107715,6.60764682407,16.8094276331,-8.02430502629,73.70000000000009
41,0.232284008068,11.9033644525,-9.51915495651,7.11527454221,73.70000000000009
42,0.545716038606,-23.0070017482,-0.588721795126,0.883309102916,73.70000000000009
43,0.560405989229,-24.3503446275,-7.22634433041,9.57405178297,73.70000000000009
44,0.744745394402,-23.9569956753,-1.04016319244,-0.32290357937,73.70000000000009
45,0.290910098931,81.1876778721,-42.5192901393,-3.04374941216,73.70000000000009
46,0.149774046455,-22.5012410884,2.10085920874,2.96782715162,73.70000000000009
47,0.121752529232,-29.8669340649,2.74263870468,-5.14695163298,73.70000000000009
48,0.390530947989,-20.5472218813,-1.03759985439,-2.40128731567,73.70000000000009
49,0.1702260353,-24.1520291119,-0.493408449728,0.335099134323,73.70000000000009
50,0.231369342543,43.3265212908,38.5048165684,-14.3452030019,73.70000000000009
51,0.327909637036,-21.3528682844,-7.5107112483,4.85138200285,73.70000000000009
52,0.285982946493,-25.8664661079,-3.03930680335,-0.647475481587,73.70000000000009
53,0.146452025376,-20.5200848397,-1.16563478381,2.04909544966,73.70000000000009
54,0.713498785121,-25.2308579513,4.59654962281,4.16700047416,73.70000000000009
55,8.6691370773,-24.1748887104,-1.21173621326,1.15500467294,73.70000000000009
56,0.122428441505,-23.5238780629,-0.943635998106,1.44556275153,73.70000000000009
57,0.689702788419,-21.4663255605,-2.34830255702,0.641057246429,73.70000000000009
58,0.272812437016,-21.4547948123,6.27980312081,-4.55128214268,73.70000000000009
59,2.62398307498,-24.1468197601,-0.355005206327,1.55513517658,73.70000000000009
60,0.136439652707,-15.0362450306,-1.91795464581,4.83023535244,73.70000000000009
61,2.25291793141,9.59717026536,13.3654131728,13.4916470342,73.70000000000009
62,0.10395257845,-22.0666084039,0.215046502793,4.89194323649,73.70000000000009
63,0.191018462001,-16.6920165147,-12.7125918639,1.80636437292,73.70000000000009
64,0.315259938477,-63.9761577647,26.1668530901,18.4139422907,73.70000000000009
65,0.108190718586,-39.8760435863,47.0472136622,-28.5948985225,73.70000000000009
66,0.344779297535,-8.90790513173,-10.9408718175,29.8475446822,73.70000000000009
67,0.19329889192,-21.765693368,-2.08505627118,1.13226905743,73.70000000000009
68,0.504884395676,-23.7770086226,-3.77725947967,3.62059527323,73.70000000000009
69,0.333061984137,-23.1651174471,-11.9594965535,-0.466630358052,73.70000000000009
70,0.260562051485,-24.3130880431,-0.357720648509,3.2250357142,73.70000000000009
71,0.408862974319,-20.5165125875,2.67629943174,0.354283782969,73.70000000000009
72,0.184474846383,-26.5800755094,-2.04497109313,0.399433335126,73.70000000000009
73,0.185953379599,-24.1151850299,-0.279552589443,0.32590368314,73.70000000000009
74,0.158759128848,-23.6860442997,1.70432978146,1.20633573824,73.70000000000009
75,0.219204215116,-33.2980628462,-14.0798317385,-70.895249023,73.70000000000009
76,1.21639112366,-19.9676574039,-6.80204128246,-2.91640031541,73.70000000000009
77,0.408427476577,-21.1115996238,0.271411262588,-0.236230914906,73.70000000000009
78,0.105215686023,-21.6647339011,19.7051388092,-57.089731155,73.70000000000009
79,0.14681526232,-25.0366548625,-3.70412317728,2.41812125909,73.70000000000009
80,0.312669271782,-26.186591564,-13.6503548676,-3.25648716511,73.70000000000009
81,0.395394180788,-22.2508684118,-2.41009631573,1.84577012805,73.70000000000009
82,0.279581836924,-31.3384689381,4.89749855593,-2.154255544,73.70000000000009
83,0.316412991692,-26.3549956755,-4.3869248017,2.27643138614,73.70000000000009
84,0.620068364924,-19.4161502505,14.1117025959,-15.4024584635,73.70000000000009
85,0.119035811435,-23.2213988201,-1.30499086136,4.25845388175,73.70000000000009
86,1.63311254796,-35.8400159821,-16.6791309463,-11.1502766129,73.70000000000009
87,0.103429918361,-5.09776114137,-16.5302159905,2.42561633446,73.70000000000009
88,0.330934736132,-21.826834494,-2.28817044156,3.88692407418,73.70000000000009
89,0.354322205102,-24.0395080967,-0.361905126588,-0.913931170206,73.70000000000009
90,0.424615084609,-19.8784117948,0.00709679125665,-0.0496907642941,73.70000000000009
91,0.414802305927,8.17007398257,15.2878801,23.9886602312,73.70000000000009
92,0.208032061897,-26.4491346125,-1.77346048408,1.37244074539,73.70000000000009
93,5.99119922909,-23.5992361066,-0.350998202356,1.56065535102,73.70000000000009
94,0.196175867551,-26.503425986,-1.3004546435,2.48445851375,73.70000000000009
95,0.4699668782,-24.525700048,-14.5668926618,-3.40348058966,73.70000000000009
96,0.128839235058,-19.8215304913,-2.68009008904,-1.49592342428,73.70000000000009
97,0.40422178381,-20.3744723037,-15.9496921454,11.6466694837,73.70000000000009
98,0.503898127283,-27.5451067025,-13.8976655728,-4.17903703773,73.70000000000009
99,1.04028701286,-26.3654412296,-2.23829945457,0.90512168281,73.70000000000009
100,0.119575967075,-26.7668873681,1.96651535804,1.80922884906,73.70000000000009
101,0.125608620272,-43.9372304674,-86.7955336834,2.49517560434,73.70000000000009
102,0.152915411833,-22.7960828495,0.61572290336,0.778911085775,73.70000000000009
103,0.434724520844,-23.3983716447,-4.7971671128,5.40410496654,73.70000000000009
104,1.82221353182,-35.2678956541,-1.06108485478,-50.7004562847,73.70000000000009
105,0.490169545329,-9.99174184143,-16.8607887999,36.2063843347,73.70000000000009
106,0.461716384563,-27.5598864141,-4.25616441535,-3.28182722136,73.70000000000009
107,5.73374760057,-23.6339793277,-0.905828412769,1.63640469416,73.70000000000009
108,0.138865189251,-20.1618298645,1.04830856701,0.474823472876,73.70000000000009
109,0.131068905008,-28.860307906,-1.15606284481,9.28413195341,73.70000000000009
110,0.191215594051,-23.6033093847,3.17236655836,0.0355516345734,73.70000000000009
111,0.156185206586,0.700792198464,64.6720757277,-52.5176797769,73.70000000000009
112,0.140161746829,-23.3915844871,-2.71823769102,2.5913110767,73.70000000000009
113,0.466097951638,-18.3216240728,0.27954049466,4.79727935897,73.70000000000009
114,0.232078427578,-23.7921117144,-1.92816395301,-2.78674375438,73.70000000000009
115,0.210204370741,-21.2433322088,-2.17775521337,1.46653157241,73.70000000000009
116,0.112616364825,-32.5263558828,-6.43121315956,-2.52200887138,73.70000000000009
117,0.215593441079,-36.2656642865,0.062684822385,0.384600720001,73.70000000000009
118,0.102897753602,-19.4974828553,-26.2981518902,-34.6608070291,73.70000000000009
119,0.957936924971,-21.985324099,-4.73317237256,0.762595864516,73.70000000000009
120,0.179957762545,62.2763677549,-0.00025101427449,-62.9614806671,73.70000000000009
121,0.633425269425,-24.2467809246,0.966315754141,-4.04902507951,73.70000000000009
122,0.1486902072,-23.9178128997,-3.32505740708,0.127271273384,73.70000000000009
123,0.169131798566,-19.207952142,-1.9216339606,4.51854659146,73.70000000000009
124,0.395468150268,-21.7684629606,-0.960201864871,-1.89776035813,73.70000000000009
125,0.277971480763,-78.1297672287,0.826758751913,-9.75681174248,73.70000000000009
126,0.376586212448,-27.0990579893,-3.54112179292,2.57569247576,73.70000000000009
127,0.475687602224,-24.752618037,0.760175967201,-1.7307553495,73.70000000000009
128,0.249276704926,-20.7916578795,-1.60580470304,4.73356607256,73.70000000000009
129,4.6706598705,-24.2642524021,-0.556360844102,2.25737133337,73.70000000000009
130,0.442757753638,-22.0827111271,-0.407486985626,0.71504119158,73.70000000000009
131,0.113003533785,-21.6943524744,2.30776500182,1.42297849917,73.70000000000009
132,0.104354425748,-24.0386870254,-1.64978208268,-0.641244538788,73.70000000000009
133,0.130461653418,-23.0871506389,-1.44483024692,2.89630507969,73.70000000000009
134,0.228453403019,-25.4438194221,3.678045169,-4.26428340369,73.70000000000009
135,0.460660312955,6.15640174477,12.241941164,3.98995907432,73.70000000000009
136,0.241850919752,-20.4347972011,-1.48760212548,-0.65255542562,73.70000000000009
137,0.156601235911,-24.1580686587,-0.903066492027,1.7251005619,73.70000000000009
138,0.738352231006,-23.3658896999,3.86776199222,1.84076154806,73.70000000000009
139,0.267757804511,-24.2344641353,-0.926540309811,-0.427386117439,73.70000000000009
140,1.03273597137,-10.4173171488,5.02206014121,9.4025327654,73.70000000000009
141,0.27996698039,-26.3583788167,-0.646472309028,5.2098582637,73.70000000000009
142,1.42907417187,-44.3581289194,35.4479750791,27.0651653523,73.70000000000009
143,0.11586329633,18.5717891484,5.85090333456,20.0824384154,73.70000000000009
144,0.169965177972,-20.705139126,-5.00694110386,-8.11621202112,73.70000000000009
145,1.45814977897,-22.6448015213,-1.85806532744,0.939123164182,73.70000000000009
146,0.906264178166,-24.3236352614,-4.62031743364,1.43201223949,73.70000000000009
147,0.341035900345,51.9579211035,26.4996900736,20.7492395393,73.70000000000009
148,0.11492391244,-24.1889346048,-1.27474610392,0.767854833426,73.70000000000009
149,0.420502708733,-21.0967966247,1.35351292329,-4.66901165269,73.70000000000009
150,0.134208554432,-22.1120920815,1.11894946191,3.94251810236,73.70000000000009
151,0.246614935855,-36.7992619803,18.987083953,-10.6851392073,73.70000000000009
152,0.176500694222,-30.2307129765,-0.910648733054,7.61679533226,73.70000000000009
153,0.223045978488,-32.8530856241,-7.92326517846,3.47572768576,73.70000000000009
154,0.309551800251,-22.9323626648,-1.13000772599,-0.723631435133,73.70000000000009
155,1.19719544407,-21.9907881288,-2.88802659608,0.769658687,73.70000000000009
156,0.163166715287,-26.2719893556,-2.44275011202,2.75604385131,73.70000000000009
157,0.185786783283,-24.654313989,-1.92178822694,-1.00621537866,73.70000000000009
158,0.756159837534,-24.5135354488,-0.715126654606,1.98900241534,73.70000000000009
159,0.142365302485,-15.5146511311,-9.25086973309,43.5126274938,73.70000000000009
160,0.754749944053,-34.666589106,-6.94194722467,24.9985051249,73.70000000000009
161,0.344077094377,-22.839464287,-0.549500026155,0.441170604335,73.70000000000009
162,0.417911832612,-11.948981654,4.26042242029,6.20837627889,73.70000000000009
163,0.120083364363,-23.699210827,-1.29919309812,5.83298000206,73.70000000000009
164,2.04613934581,-4.09184754511,70.9187454016,46.8343466074,73.70000000000009
165,0.222858337549,-23.0644977589,-2.48288041436,2.93473274715,73.70000000000009
166,0.10650039268,-22.598534491,1.78995569294,3.15082720125,73.70000000000009
167,0.204055604891,-24.5656906718,-0.97035030101,-2.42189546838,73.70000000000009
168,0.967413993519,-21.9687553483,-4.7549399816,1.05666089018,73.70000000000009
169,0.221166243249,-21.8859473183,0.00412482508077,-1.61340027759,73.70000000000009
170,0.189576715814,-20.1505674768,-2.29757352633,5.00178172566,73.70000000000009
171,0.101195938912,-24.6772712012,2.23743297869,-0.633187599934,73.70000000000009
172,0.121750568911,-27.2771443489,-1.07653991916,4.90283478257,73.70000000000009
173,0.137318597319,-23.3378609268,7.54929013632,6.84371301761,73.70000000000009
174,0.158181780963,-18.2594931626,-5.72505521406,5.04354742141,73.70000000000009
175,0.297846210703,-28.1857050386,21.9681689805,15.6212287935,73.70000000000009
176,0.443468742418,-23.719027003,-0.92683549865,0.944722546549,73.70000000000009
177,0.299277171173,-23.0589376391,-2.60891082613,-3.06448616783,73.70000000000009
178,0.968409577706,-22.2099132975,-1.0592784337,-1.71485183011,73.70000000000009
179,0.248408711889,-6.79924096395,-28.4173794308,57.2376209642,73.70000000000009
180,0.775513968326,-25.2662192445,-3.24570508396,-0.823645264832,73.70000000000009
181,0.147155579848,-27.0697838779,-4.39479235273,0.493911645793,73.70000000000009
182,0.272721797034,-22.8842043134,0.0726842588444,1.43720976765,73.70000000000009
183,0.121480731064,-28.9889511985,3.45561427949,2.1529915519,73.70000000000009
184,0.345018892555,-24.087391071,0.773288389907,1.23371214118,73.70000000000009
185,0.623950368536,13.415003832,-1.13708578568,8.42304373782,73.70000000000009
186,0.144153886764,-23.5035870962,-0.384445486614,0.640541461048,73.70000000000009
187,0.202978526039,-28.0041028428,-2.11303756336,-1.09216187825,73.70000000000009
188,0.592455456899,-20.9920632205,-0.972768694168,3.69398382154,73.70000000000009
189,0.336270575182,-57.1986267619,-46.8249531429,-42.1379136491,73.70000000000009
190,0.115907299131,-20.032553136,2.54810623676,0.566481516064,73.70000000000009
191,0.640104819199,-24.7501833941,-2.55165800517,2.46343092805,73.70000000000009
192,3.08831883312,-21.7058586805,1.76748816479,0.844371279962,73.70000000000009
193,0.259815616857,-23.6312399034,4.09017405108,3.23584432096,73.70000000000009
194,0.125497573522,-32.8054039062,51.2366137466,-29.212107868,73.70000000000009
195,0.190835608632,-25.9458529524,-2.86805681404,2.34960020306,73.70000000000009
196,0.327352913633,-23.0749493524,-32.0834687877,-26.6152853923,73.70000000000009
197,0.434737116137,-24.935272436,-0.51281707853,1.31021090268,73.70000000000009
198,0.266194894611,-18.6993949736,2.02226652795,0.576991982711,73.70000000000009
199,0.267452460566,-20.5499425201,-3.58198358843,0.0526285674459,73.70000000000009
200,0.444279432798,-6.65854707608,39.0303853201,-46.336135743,73.70000000000009
201,0.591929428378,-25.6756930369,3.0496512856,-2.32513938014,73.70000000000009
202,0.353688621132,-10.0618687459,-1.02436116413,2.30676555122,73.70000000000009
203,0.45212762158,-24.1469988086,-2.22240144441,-1.63207472003,73.70000000000009
204,0.529284292784,-24.2983231703,0.35743080526,1.95709123689,73.70000000000009
205,0.399895755455,-19.259071377,1.04514617891,11.7182255393,73.70000000000009
206,0.200156280888,-19.9388012654,-1.25043670329,1.53505321836,73.70000000000009
207,0.296519539631,-22.1908085212,-5.80464659235,4.60479607819,73.70000000000009
208,0.186553810053,54.9569207569,19.7503753956,-41.4150040698,73.70000000000009
209,0.459904262828,-24.3748433687,-1.22900808936,-3.02041004783,73.70000000000009
210,2.90082590687,-18.737287292,-8.20728725415,1.94529878426,73.70000000000009
211,1.19978904003,-21.5284889723,-1.18168071048,0.621477902553,73.70000000000009
212,1.74868117125,-27.0217418584,-0.744944640587,-3.1074832968,73.70000000000009
213,0.635060256368,-18.2780856959,-13.5679522711,-1.37128475097,73.70000000000009
214,0.144147384535,-24.5871583873,8.58492429718,2.71629538983,73.70000000000009
215,0.431500158426,-9.62520178185,34.2929962551,14.2272620304,73.70000000000009
216,0.173065276425,-29.8105033828,-4.36829688057,-3.91658618804,73.70000000000009
217,0.142009679476,-23.9688870907,-2.5119249902,7.00486358409,73.70000000000009
218,0.455966835626,-23.9860849378,5.35517291618,8.37440155723,73.70000000000009
219,1.31802596799,13.8268366684,8.45375793965,8.34240985243,73.70000000000009
220,0.682437345245,-21.8492397844,-5.18120103043,-1.42550142223,73.70000000000009
221,0.603185198219,-0.708525527832,20.0502805477,41.7292377837,73.70000000000009
222,0.660887685414,-4.34917452836,1.99736731316,-25.9148388753,73.70000000000009
223,0.232492094879,-22.4820092598,-0.946205874927,-0.351910907514,73.70000000000009
224,0.183937785003,-25.7622298075,-0.18440861398,3.31392923199,73.70000000000009
225,0.328090120441,-24.0040855842,-4.62063918409,4.77276136004,73.70000000000009
226,0.122858399523,-21.763542219,-1.30810340879,-0.195195282344,73.70000000000009
227,0.173395773159,-26.3895101544,-1.69304884402,-0.00227101046249,73.70000000000009
228,0.163607010736,-25.1955809917,0.73392107236,5.00547649481,73.70000000000009
229,0.11391697678,-26.5928502144,0.2284473895,2.39650238215,73.70000000000009
230,0.121921044117,-27.5274200871,-5.63313664428,-0.724936238386,73.70000000000009
231,0.144415163849,-25.2469816137,1.59576055097,1.76658232118,73.70000000000009
232,0.19983465695,-21.4196817115,-3.72327683978,4.62766797796,73.70000000000009
233,0.230596964977,-27.0307933829,0.3373787379,0.735468664587,73.70000000000009
234,0.246133594341,-22.7713799661,-0.980570742677,2.79614590015,73.70000000000009
235,0.230035579748,-22.1269373673,-1.82449058569,-0.626850913004,73.70000000000009
236,0.460094056933,-28.5207811554,-2.31525097966,7.96856923913,73.70000000000009
237,0.1626171576,-54.010763255,13.8533275119,18.7581789431,73.70000000000009
238,0.143290750736,-26.8148754924,1.33943122779,11.2531836422,73.70000000000009
239,0.153683507042,-25.3873013893,0.876436777775,0.081870740172,73.70000000000009
240,0.423324606882,-8.23872036325,7.95232511699,5.31607462549,73.70000000000009
241,0.784321582073,-23.7631869332,1.0099012681,1.17817510715,73.70000000000009
242,0.42131238568,-23.6683625239,0.535951767632,2.86504194876,73.70000000000009
243,1.07820868099,-9.55345912958,31.957945085,4.21410836828,73.70000000000009
244,2.32608299335,-19.3173435974,-3.44358695376,5.91470861241,73.70000000000009
245,0.36319754508,-23.0366062394,2.49269952071,4.25617967562,73.70000000000009
246,0.112673539843,1.74838010589,-18.1629314584,17.020526222,73.70000000000009
247,0.883111943917,-37.8886573708,10.6511023827,13.4435447948,73.70000000000009
248,0.419351836056,-18.0348244098,-2.59007443984,4.32701635476,73.70000000000009
249,0.181618442759,-25.8777332987,-3.57350048395,4.32605031757,73.70000000000009
250,0.117425938327,-21.1278922209,-1.96161174249,-3.09657609494,73.70000000000009
251,0.105348973376,-27.1807125189,1.86074629701,1.66724143263,73.70000000000009
252,0.512272379199,-10.7357639947,-1.47250095359,11.4334293354,73.70000000000009
253,0.150787618161,-18.1250645703,-1.3771416308,3.40798970994,73.70000000000009
254,0.194913414133,-27.4114435737,1.40856811205,7.41299447852,73.70000000000009
255,0.101505406105,-17.1317436516,5.05353761173,5.98676563043,73.70000000000009
256,0.572858582605,-24.01188896,-1.75049421779,0.835257709472,73.70000000000009
257,0.276952774279,-26.52808642,-3.23471938196,1.25201953408,73.70000000000009
258,0.302031678574,-20.6818379465,1.21656611672,1.95795887588,73.70000000000009
259,0.938357056549,-22.5073554992,-0.650107544316,-0.283722640018,73.70000000000009
260,0.466617531109,-10.284413311,-21.369995354,12.4501497446,73.70000000000009
261,1.99539553123,-23.7575882665,0.586963152665,6.32645462741,73.70000000000009
262,0.111754194565,-71.433172002,-15.8745170714,18.8326380954,73.70000000000009
263,0.49329001136,-23.3827589584,-2.28376202115,1.29691539517,73.70000000000009
264,0.370585942456,-21.3682749916,0.585139416079,-0.0929090239863,73.70000000000009
265,0.13959795886,-22.5885085519,-1.4952545627,2.30115157487,73.70000000000009
266,0.36479402713,-33.5086191019,-8.44495776159,0.248513706723,73.70000000000009
267,0.112803493938,-24.2204081384,-2.84694284117,1.36535067779,73.70000000000009
268,0.790947342076,-22.7560166951,1.29066939842,0.219498737012,73.70000000000009
269,0.288954604899,-23.2556274397,-2.44253969101,2.4177562053,73.70000000000009
270,0.191438316365,-17.9214087869,-0.86459638517,4.30773166984,73.70000000000009
271,0.642862204593,-29.2913773808,4.13893399487,-1.16164767932,73.70000000000009
272,0.457832299855,21.8585086256,42.5083783994,39.1523889325,73.70000000000009
273,1.41192203785,-8.65519365339,72.4312997657,-56.427910987,73.70000000000009
274,0.150602368687,-19.9089994603,-5.72339982085,4.93953508274,73.70000000000009
275,1.02784973232,-30.2543526126,0.105484966416,1.18675288601,73.70000000000009
276,0.14000998031,-13.4898625137,4.28471518879,6.30046883435,73.70000000000009
277,0.383947154206,-25.3765297686,-0.7571983247,0.299167456737,73.70000000000009
278,0.135003979723,-18.456864819,-9.44160020069,40.6722299583,73.70000000000009
279,0.382883143884,-7.20269269607,-6.71221497949,2.24400816851,73.70000000000009
280,0.157806358781,-32.3903356855,0.225287183454,8.30961721636,73.70000000000009
281,0.382308239366,-44.3970908011,19.8085692352,-0.993645403337,73.70000000000009
282,2.30581432245,-34.2752008221,-28.8753591586,-13.5510186218,73.70000000000009
283,0.533057396313,-18.7378678881,-9.3764490787,-0.22374225427,73.70000000000009
284,0.105075220891,-20.5782107853,-2.8864763516,2.98933676631,73.70000000000009
285,0.235375563649,-26.8381153933,-1.27410239741,1.01444622379,73.70000000000009
286,0.43817391999,-20.5838405114,9.28860901953,-0.642132835512,73.70000000000009
287,0.150046064749,-22.0773687719,-1.13414995835,16.0504787715,73.70000000000009
288,0.227563674201,-23.0142773796,-3.82703251786,-0.181196584128,73.70000000000009
289,0.326440695216,-30.9870600753,-2.47536177676,8.07157660176,73.70000000000009
290,0.15731629506,-32.6712888363,8.17716615973,8.99840629334,73.70000000000009
291,1.35976853061,-14.7106816098,-2.38675660586,4.45738076324,73.70000000000009
292,0.39718046276,-29.5723211341,-10.7616594213,-4.50257700767,73.70000000000009
293,0.500876922192,-23.7672012309,-0.422421438223,2.16326629614,73.70000000000009
294,0.133549294276,-23.7203904305,-0.680737799957,2.89017133879,73.70000000000009
295,0.488540217794,-9.16376375693,-13.9293028215,-13.0085557939,73.70000000000009
296,0.105330492751,-18.1823304891,-1.71978175111,-5.91276773837,73.70000000000009
297,0.233561648121,-24.6028997875,0.0705054122876,3.0926189606,73.70000000000009
298,0.138222418927,-14.1134901692,2.55038081691,-4.01733327691,73.70000000000009
299,0.871824236936,-23.5132381463,2.31643999166,7.55115497328,73.70000000000009
300,0.536509088672,-24.7917417865,-0.188578636449,2.35878364511,73.70000000000009
301,0.45687004402,-24.3276786565,0.0283036505343,2.88324748603,73.70000000000009
302,0.386743361965,-24.5866875727,-1.84936508443,3.37338330395,73.70000000000009
303,0.153613445623,-23.8198189408,-0.430838764371,-0.383986171499,73.70000000000009
304,0.277039901168,-22.513562901,-3.40938347479,0.149758208979,73.70000000000009
305,0.465404618492,-25.2093549389,-1.50805329042,-0.982277139285,73.70000000000009
306,0.118573643497,-24.7432501096,-0.300244342802,0.821814936582,73.70000000000009
307,0.449906630403,-20.2973615073,-6.90471730339,0.222779806483,73.70000000000009
308,0.829962405194,-55.4151761751,54.3742980831,27.4963057251,73.70000000000009
309,2.57733419909,-24.6649458845,-1.56365428625,1.6640807651,73.70000000000009
310,0.124715974517,39.9681528532,10.6369738127,27.5806295504,73.70000000000009
311,0.263656850619,-28.4593822168,1.58155077055,13.2047088044,73.70000000000009
312,1.83727650632,-24.2165319248,-1.45262208529,0.520614361039,73.70000000000009
313,0.105772404995,-23.6691279789,-2.57871134254,2.99137614212,73.70000000000009
314,0.304543050401,0.634267863491,41.4989646398,60.8201374592,73.70000000000009
315,0.102474221325,-22.2838314224,-1.0331323758,4.44549448693,73.70000000000009
316,0.381112445036,-25.9336208381,0.142612148591,3.71440644118,73.70000000000009
317,0.153794953991,-24.1627320016,0.0203095453284,4.23162458297,73.70000000000009
318,0.251299204469,-20.7015824486,-4.20326629118,1.4638455723,73.70000000000009
319,0.923555527918,60.555566112,11.3424962646,-29.1676043477,73.70000000000009
320,0.191617381317,-24.812851125,-0.287498380419,0.713314330647,73.70000000000009
321,0.143254350083,56.2972924742,-26.9224579552,6.08931304261,73.70000000000009
322,0.368243909289,-23.9751131592,-1.58502126994,1.69446413458,73.70000000000009
323,0.162731197344,-26.3604946893,3.46430466816,-4.46650563787,73.70000000000009
324,0.375871339715,-24.8471323298,-4.2828752093,1.3430756603,73.70000000000009
325,0.686012556141,-24.2077391943,-1.75055552673,-1.17783657956,73.70000000000009
326,0.126863943994,-23.4481611766,-0.263063203513,1.89128150391,73.70000000000009
327,1.57839363909,-24.3408516202,-1.72479777473,1.92757417791,73.70000000000009
328,1.65130671888,-19.9090429694,-4.64495394703,-6.80009755776,73.70000000000009
329,0.151016676781,-22.6638655997,-0.182419316002,1.97491101033,73.70000000000009
330,0.1046392001,-22.8338145187,-1.74211162551,1.7758423008,73.70000000000009
331,0.693936582868,-20.6427848842,-0.947430098097,1.35096649981,73.70000000000009
332,0.376233665906,-33.1671135744,13.0557475422,-8.03608153293,73.70000000000009
333,0.158409770413,-24.6744640794,-0.339878685206,2.62860419949,73.70000000000009
334,1.67853811168,-23.2664843628,0.134445938212,1.60225034986,73.70000000000009
335,0.133205677248,-24.0459171591,-1.00407518495,3.08589899718,73.70000000000009
336,0.358583123478,-21.1201023746,-2.66856955706,0.347123751455,73.70000000000009
337,0.946736247861,25.4893735383,55.0829615213,-44.5222423292,73.70000000000009
338,0.188003705219,-23.0914150245,-1.29967293005,0.139806948007,73.70000000000009
339,0.143657825046,-26.4372918332,-3.88863874024,0.718861628069,73.70000000000009
340,0.130850799707,-24.1503777223,-1.51648478506,0.348757568145,73.70000000000009
341,0.241867429072,-41.2838392994,5.62099640817,-7.00829965881,73.70000000000009
342,0.372089775841,-23.0612777315,0.99205417778,1.90686217101,73.70000000000009
343,0.263468726157,-21.5328720428,0.059460164022,3.57475682312,73.70000000000009
344,0.468219950604,-19.5884634919,-2.21276431975,2.06090411709,73.70000000000009
345,0.838902661487,-22.1687785258,2.240584204,-0.457584839842,73.70000000000009
346,0.117631637344,-17.7092087895,-2.28038831128,-0.521600417161,73.70000000000009
347,0.618527179219,-19.6657604879,-5.50510634396,1.14847842133,73.70000000000009
348,0.181185695867,-67.1933001835,-34.9551733735,-28.4541212125,73.70000000000009
349,1.08464290906,-7.39512092657,-6.59557013104,6.17730810872,73.70000000000009
350,0.909636613501,-21.212803503,-2.23590706529,-1.30677380016,73.70000000000009
351,0.130113921299,-20.2346517426,-5.09475703383,-2.91387682026,73.70000000000009
352,0.850048273466,-27.4494558415,1.58741812453,2.88184043856,73.70000000000009
353,0.321141004813,-25.539382172,3.78546146346,-3.00608963048,73.70000000000009
354,0.850464145325,-24.1513286543,-1.49786520186,1.98979314835,73.70000000000009
355,0.15018600155,-21.5549877423,-0.938934620807,2.78862268315,73.70000000000009
356,3.42074582964,-22.8894431591,-2.2441193994,1.33766567709,73.70000000000009
357,0.473685423423,-44.2478821236,-52.9286782262,7.45718099931,73.70000000000009
358,0.154395898839,-24.1026553672,-0.66599834997,0.236243258045,73.70000000000009
359,0.159504804006,-29.9087085417,-17.6405643601,24.4603915197,73.70000000000009
360,0.482962236383,-6.42993146582,-22.4557725079,-15.78133836,73.70000000000009
361,0.276437275474,-23.8301689049,-1.05901920884,-9.17965969958,73.70000000000009
362,0.229254718047,-23.9735542704,0.591106994137,2.3474926211,73.70000000000009
363,0.114708614569,-18.8806767749,-8.7477032177,15.8237991918,73.70000000000009
364,0.289443408022,-50.6493527786,11.986508345,-7.1055483035,73.70000000000009
365,0.174831649691,-29.476271185,-3.09987699163,-1.85457890591,73.70000000000009
366,0.140880858799,-25.9634181626,-1.97071356433,1.64058150277,73.70000000000009
367,0.132129140643,-16.2875354797,-1.76392286852,-0.711813822642,73.70000000000009
368,0.945767548861,-24.2374993461,-1.82390980847,0.396096780345,73.70000000000009
369,0.837168304964,-24.7464335161,9.48366034899,4.79669243131,73.70000000000009
370,0.206705119095,-22.1013521235,-0.463756342115,1.83093122016,73.70000000000009
371,0.40492601709,-26.9718131549,-2.492896578,1.43800526481,73.70000000000009
372,0.258015717925,-21.0743304676,-0.776147192088,0.0873600302681,73.70000000000009
373,0.335810112398,-7.23843286941,-3.72904642716,-4.83404957392,73.70000000000009
374,0.153677486872,-24.6083622505,-1.2647359015,2.96114337166,73.70000000000009
375,0.113932852047,-7.96115942958,40.3567909299,3.18875349987,73.70000000000009
376,0.736481546557,-23.0209059778,-27.7042372118,9.87046766254,73.70000000000009
377,0.412204727366,-44.6560902854,27.1021235298,16.4249857264,73.70000000000009
378,1.55888516534,-19.2496659314,-2.35325406351,5.08355547804,73.70000000000009
379,0.56948540491,-26.2556436682,-0.860946080672,-1.62010204879,73.70000000000009
380,0.155917471535,-15.0319428055,-19.8267777757,-17.4963023233,73.70000000000009
381,0.220249283358,-23.2968956798,2.10779638208,-3.68483304116,73.70000000000009
382,0.694795391767,-24.6438890105,-0.115541896191,2.24096217781,73.70000000000009
383,0.152171734975,-21.289374179,-3.18444929078,-0.867251564864,73.70000000000009
384,0.891012288286,-23.5290431319,-1.24929094247,0.818182109177,73.70000000000009
385,1.3000090345,-24.1002344324,0.174802147525,1.31662686981,73.70000000000009
386,0.107559415982,-23.8551714797,1.54729112364,1.21640380087,73.70000000000009
387,4.0990828151,-23.7587388026,-0.833857129079,1.215262867,73.70000000000009
388,0.117842853119,-16.2225842653,-1.47520617362,6.81986543804,73.70000000000009
389,0.584468093158,-22.2141117099,-2.49645203789,1.44418058948,73.70000000000009
390,0.111152886379,65.6390253727,115.957993317,-41.2791589912,73.70000000000009
391,0.39266748569,-22.9521219086,-2.03949466391,2.90520465225,73.70000000000009
392,0.309663826885,-22.4070376783,-0.519426870318,2.99278588785,73.70000000000009
393,1.03445392837,-22.3356107177,-0.144842688052,0.107950581471,73.70000000000009
394,0.159298893412,-23.6666482728,-2.38971817704,3.57769442536,73.70000000000009
395,0.36109222525,-61.0883363726,-12.0754197763,15.8998641017,73.70000000000009
396,1.55215001696,-25.1026013034,-0.76786658691,1.18502702878,73.70000000000009
397,0.134645324387,-22.4379481846,3.83708184998,1.42000162104,73.70000000000009
398,0.127110756028,-19.6089431882,20.9540160853,-3.77401043331,73.70000000000009
399,1.31485537047,-22.536012007,-2.98643197882,-0.301489280027,73.70000000000009
400,0.621527588113,-18.7009759295,-0.756008770873,2.13488156673,73.70000000000009
401,0.128178725693,15.8437360613,5.96849216662,30.129924072,73.70000000000009
402,0.113274381935,-6.44230197435,-14.4286850295,-18.7623846441,73.70000000000009
403,0.4964022136,-28.5536238204,-7.17404554236,-4.04555078459,73.70000000000009
404,0.261268914576,-26.4338565236,-3.58030628806,13.2241786414,73.70000000000009
405,0.923518602244,11.2111958535,95.3396138219,66.2366024522,73.70000000000009
406,0.144113255608,-27.5015677956,-6.3411990111,5.07150976054,73.70000000000009
407,0.101821844773,-24.698714418,-3.12652017181,-3.03257670054,73.70000000000009
408,0.142245935493,30.3544098117,-4.07306833674,47.5000307619,73.70000000000009
409,1.31830145071,-23.4908296531,-4.97424925137,1.95915716488,73.70000000000009
410,0.350997878382,-21.9030975603,-8.37596325448,1.32719785872,73.70000000000009
411,0.211522508598,-26.1782497225,-0.278800724318,3.12354467042,73.70000000000009
412,1.00210954679,-23.9997335867,-2.3326046583,-1.1375713918,73.70000000000009
413,0.190481061159,21.0866661127,-13.0529481194,10.4762143828,73.70000000000009
414,0.758737943973,-19.8074341025,-9.43667257636,-1.63564502216,73.70000000000009
415,0.168852464957,-26.2293178335,2.93167105654,1.48949765941,73.70000000000009
416,0.917892559616,-21.1568184071,2.44805936016,-1.02245922692,73.70000000000009
417,0.262885253815,-13.4613469751,-2.85772749818,5.36148022335,73.70000000000009
418,0.115923394366,-4.28450541342,-5.96491322002,-1.61553611958,73.70000000000009
419,1.23029436472,-24.3445261215,-0.251897228922,2.02148446721,73.70000000000009
420,0.414895977754,15.0344568019,51.0682091183,-15.7158711068,73.70000000000009
421,0.122441628323,-24.8281266053,-2.28311679728,3.56972760942,73.70000000000009
422,0.339003658764,-26.5771676182,2.98490957103,-6.02328584568,73.70000000000009
423,0.635894757661,-5.53885406774,-64.4253391765,-28.8310283997,73.70000000000009
424,0.667199788076,-22.7621332644,-4.42450902529,-4.7670532384,73.70000000000009
425,0.115104406624,-24.6853299869,-1.47703248444,-0.345882808579,73.70000000000009
426,0.364765405766,-22.8983831251,-4.14276197047,1.8772035857,73.70000000000009
427,0.143836486525,-22.2017945262,-0.0647661355082,-5.80496184164,73.70000000000009
428,0.101868323567,-20.6872107907,-0.681758470563,0.914694652512,73.70000000000009
429,0.135137263235,-22.3020882603,-0.366784460591,-5.31356938787,73.70000000000009
430,0.179470196384,-32.8719904509,7.28387816829,5.07825686588,73.70000000000009
431,0.206213170938,-22.9695504559,-5.2538249953,0.698446242584,73.70000000000009
432,0.713060820192,21.2368914835,-74.3076523496,-2.47858937438,73.70000000000009
433,0.335457674165,-19.5877639981,-4.92860688366,-0.140824804197,73.70000000000009
434,0.141362616337,-36.751204915,-32.214598633,55.0976252589,73.70000000000009
435,1.16273167932,-25.8310159711,-1.45597963848,1.71886523387,73.70000000000009
436,1.06840628098,-21.4050707973,-4.61843286834,1.72576023531,73.70000000000009
437,0.333933284224,-25.5239489317,-2.17269049815,1.497281633,73.70000000000009
438,0.729335344225,-17.8515036782,15.4631146725,-6.97780778517,73.70000000000009
439,0.352513033309,-19.2508997895,0.260856109781,4.21748664165,73.70000000000009
440,0.124607694829,-23.3811297765,-2.20790332031,1.01852558814,73.70000000000009
441,0.121035701149,-3.3864350511,-0.996848403079,-17.5867923175,73.70000000000009
442,1.40418197345,-27.0177496747,-4.19471356584,0.886643884424,73.70000000000009
443,0.101615788585,-31.1712814875,-3.04917613936,11.5230416184,73.70000000000009
444,0.109725407008,-31.7252403483,6.67638875711,-3.37650924895,73.70000000000009
445,0.200121293861,-25.8839567995,2.35617574483,2.64433758963,73.70000000000009
446,0.141370595424,-22.1489342102,2.20848644204,0.16105967066,73.70000000000009
447,0.101876060167,-25.3847872784,-3.31586298945,1.43515448098,73.70000000000009
448,0.164959117414,-22.3789363178,-1.55246933362,4.92364318418,73.70000000000009
449,0.112203402164,-23.9488303778,-1.77794407615,0.942997560775,73.70000000000009
450,1.15051242252,-22.033978318,-0.405819184046,2.89457640679,73.70000000000009
451,0.102865863391,-21.2608698776,-2.86352307398,2.16600357823,73.70000000000009
452,0.107151113268,-24.0186053372,-0.654642402605,0.0786935512845,73.70000000000009
453,0.481546189024,-26.1018730614,-3.33271011103,5.48458811734,73.70000000000009
454,0.114953724198,-26.7681782647,0.901770992576,3.82229692806,73.70000000000009
455,0.520959360831,-31.5552511793,-80.5342758319,2.42792173429,73.70000000000009
456,0.219909940059,-23.9704479004,-1.21498979812,2.20701977862,73.70000000000009
457,0.279656983338,-25.1270007855,-8.57144087226,-0.494027317289,73.70000000000009
458,0.271702750329,-23.6401334327,1.34224119384,-0.780017146336,73.70000000000009
459,0.351186194671,-20.3901538105,-1.07372903736,3.10696783404,73.70000000000009
460,0.638570246213,-24.5930777709,-2.5561134285,1.50162862944,73.70000000000009
461,0.575584368184,-22.7943977879,14.1738387944,-12.9884152873,73.70000000000009
462,0.273578505942,-8.67259468896,-15.0456006819,47.8478928392,73.70000000000009
463,0.228019592739,-20.8456892869,-0.0215257000107,0.687376377926,73.70000000000009
464,0.198680360482,-20.3046285791,-1.23521717066,-1.41009420801,73.70000000000009
465,1.28556394819,-24.2264766197,-0.194326435716,1.56802870422,73.70000000000009
466,0.170701968647,-24.1134240957,-1.98223190538,2.06843130477,73.70000000000009
467,0.840249061734,-24.1451885423,-2.64511541669,2.23737414589,73.70000000000009
468,0.280691293887,-27.8704299391,0.831940726977,2.98972500894,73.70000000000009
469,0.24936928978,-23.6128841936,-0.516247727208,-4.37669091924,73.70000000000009
470,0.906809957124,-11.8597960142,-24.8455588958,-54.9513837502,73.70000000000009
471,0.339484678425,-24.5690875598,-1.42293978213,0.924565799064,73.70000000000009
472,0.78949026114,-8.5209857166,2.0432416942,4.08783880763,73.70000000000009
473,0.213184919662,-24.614461918,-3.76207785328,8.44440786736,73.70000000000009
474,1.17446924117,-25.0598581215,0.592909187895,4.27049143413,73.70000000000009
475,0.602222792099,-25.3987380838,3.6554437207,-4.31953084936,73.70000000000009
476,0.164419060849,-11.9343141472,40.5793764067,43.1087463189,73.70000000000009
477,0.299703206189,-26.349119288,7.64162137046,-6.53032042525,73.70000000000009
478,0.202753152593,-43.3758930278,-6.61941513963,-47.7391395539,73.70000000000009
479,0.118470877269,-11.9810865692,3.32499540844,17.248171031,73.70000000000009
480,0.119998458543,-18.4261817541,-9.7006834224,24.4142451222,73.70000000000009
481,0.346306856853,-26.6594195392,-4.98973095881,0.0836069484066,73.70000000000009
482,0.243433447358,-32.3463186202,-7.06374641252,-0.575571154277,73.70000000000009
483,2.60508721295,-10.7659341507,-13.6101046948,7.5144382777,73.70000000000009
484,0.151254081648,-24.5672827705,-2.20817006014,0.291966750074,73.70000000000009
485,1.73958375017,-24.4091166597,-3.33322406702,-0.33310420681,73.70000000000009
486,0.12504007426,-20.0738926348,2.20229007619,-5.51314725525,73.70000000000009
487,0.475009361666,-20.935195081,6.33795208839,-9.67262623308,73.70000000000009
488,0.496054213033,-24.2530888834,-2.81496202867,10.3185246055,73.70000000000009
489,0.550372755471,65.1862506485,-47.3881336269,-23.1173165752,73.70000000000009
490,0.130835881294,-23.0122729961,-3.13325329726,-0.0500163836289,73.70000000000009
491,0.120685906118,-22.0713098168,0.944027890967,-1.28132928356,73.70000000000009
492,0.282615521285,-15.5874139616,-19.4335319155,7.33391346701,73.70000000000009
493,0.367490839357,-24.4530571339,-1.23854007219,0.314440407288,73.70000000000009
494,0.23539298502,-25.8015420321,-1.69395993758,1.0640333399,73.70000000000009
495,1.85117033798,-26.2015405009,9.15201838703,7.40529168946,73.70000000000009
496,0.284617589555,-25.5220028813,6.25423797197,14.5971929761,73.70000000000009
497,0.132007790442,-24.6186147809,0.669279667074,3.86183298449,73.70000000000009
498,0.288799361599,-3.5620869252,26.781387617,-0.205435482525,73.70000000000009
499,0.183014619592,-23.7566167066,-0.481411294495,0.19928237491,73.70000000000009
500,0.399617909456,-22.357926197,1.55440712959,3.68621781733,73.70000000000009
501,0.256331851158,-16.4185876313,30.6966979965,21.0101831234,73.70000000000009
502,0.407544748684,-20.3173078926,-6.66079341232,4.04118454602,73.70000000000009
503,0.120257843972,-21.1248763264,-1.73874724447,0.778448178746,73.70000000000009
504,0.477629636143,-19.2616146867,1.51125553289,1.84751097711,73.70000000000009
505,0.227745629177,-24.6183341756,-0.727950160838,1.08879132576,73.70000000000009
506,0.317374681497,-25.9390083272,1.27988139705,-0.237277798904,73.70000000000009
507,0.145005460764,-25.6339410685,-1.3782770102,-0.670254201486,73.70000000000009
508,0.293793119151,-21.9905055902,10.7316905439,27.5585480775,73.70000000000009
509,1.00813888946,-19.292631691,-0.082465391565,0.498658599798,73.70000000000009
510,0.818973449404,-22.5304056509,-1.0218423144,2.23152242328,73.70000000000009
511,0.482649306664,-29.697297063,-23.2767515012,12.4978705946,73.70000000000009
512,1.75661378555,-23.6905514865,-0.288615501954,2.37786613848,73.70000000000009
513,0.212667475963,-19.0058492382,-3.00816690286,10.3328244004,73.70000000000009
514,0.498104339688,-25.6264536592,-0.205473625637,-5.61528483425,73.70000000000009
515,0.159355875282,21.9637552397,35.8501887679,-8.4848732536,73.70000000000009
516,0.346576724872,29.983306433,39.0415796326,-8.63408342094,73.70000000000009
517,0.378988852733,-21.0795671122,-0.934396906579,-0.0196372631267,73.70000000000009
518,0.207234488351,-27.1574377269,-4.12036360844,-9.02267000485,73.70000000000009
519,0.456113535959,-22.8189114153,-1.97423281072,-2.39601064851,73.70000000000009
520,0.158335306306,-25.0304324954,-11.1887525622,-9.10537002151,73.70000000000009
521,0.935468253839,-23.1108378455,3.88626023699,-0.0335094048087,73.70000000000009
522,0.899880623906,-15.1616820464,1.90376111158,-0.512054363546,73.70000000000009
523,0.237854418214,-29.7590180709,10.3902853656,-5.94167998918,73.70000000000009
524,0.475738183152,-18.9734053751,-8.43762762394,1.88493918725,73.70000000000009
525,0.305097902916,-17.3082078104,-2.09305389214,2.95909315155,73.70000000000009
526,0.172031180025,-22.7080069785,-0.777168747296,-0.30690297273,73.70000000000009
527,0.154212039153,-30.968899912,-6.10607162698,4.68841097408,73.70000000000009
528,0.11137136413,-20.1084180199,-1.37352347584,-0.412175958996,73.70000000000009
529,0.349222218221,19.3109616147,5.041285856,-21.454246556,73.70000000000009
530,0.116106781353,-27.4036027308,19.1900582314,-8.46880717461,73.70000000000009
531,0.419860245486,-21.0032005846,1.55330160139,6.80370041146,73.70000000000009
532,0.331361304159,-10.4894751673,-33.8130549877,18.7925113275,73.70000000000009
533,0.100703791711,-6.80153362703,27.9007607698,-0.421176143495,73.70000000000009
534,0.738665543075,-22.3889612653,-2.73050460164,2.54049545097,73.70000000000009
535,0.688845641549,23.8279965313,14.9135891118,59.5577144741,73.70000000000009
536,0.421221474165,-18.9766095934,1.95261579063,-2.47446188647,73.70000000000009
537,0.413379012992,-21.3423882707,-31.4708960191,-33.1392650213,73.70000000000009
538,0.154722841061,-26.3525562047,0.11595679406,7.30365930313,73.70000000000009
539,0.133669287184,-20.0594643469,12.7156740357,5.26826805805,73.70000000000009
540,0.205063751725,-23.6814963763,-1.97373615432,2.87574095023,73.70000000000009
541,0.352133337975,-27.1540033885,5.90859521007,-10.0131090571,73.70000000000009
542,0.457393492582,-24.2136737974,9.61188952212,18.8147829564,73.70000000000009
543,1.11703388718,7.28279111957,-38.662742406,-29.8148367839,73.70000000000009
544,0.175051976363,-23.4903380378,-2.46933407901,0.30003884859,73.70000000000009
545,0.119785042298,-36.2049205098,-1.68651363435,2.4762524935,73.70000000000009
546,1.31900669328,-24.4500465106,-0.58638982556,1.36949723376,73.70000000000009
547,0.118413351375,-24.7146775501,-4.46968780505,0.841395052927,73.70000000000009
548,0.124916535692,-24.5979925571,-5.88098040559,4.213036338,73.70000000000009
549,0.128387532949,-45.7270953343,-8.74352889553,-55.4538889997,73.70000000000009
550,0.311317948657,-27.0714390534,-2.47982958961,2.6528915706,73.70000000000009
551,0.453681827343,-21.8006447878,-4.05650010542,3.44333173564,73.70000000000009
552,0.230062945174,-7.49581984802,50.222706284,29.4446614864,73.70000000000009
553,2.83398108984,-24.523117981,-2.1730657253,4.00418393355,73.70000000000009
554,0.251869953314,-20.9665531555,0.841302723022,4.67556693083,73.70000000000009
555,0.100688607099,-21.2993385103,8.27165899904,10.8819158524,73.70000000000009
556,0.102025225232,-22.7384487113,-2.06762797528,-2.90122141476,73.70000000000009
557,0.102773464086,-22.0404073647,-6.65552401748,0.0348581032149,73.70000000000009
558,0.165665581868,-22.4930557169,-0.239543365127,-0.839972604516,73.70000000000009
559,0.137332471626,-26.9611032583,-0.620075762116,0.956936975449,73.70000000000009
560,0.131460413061,19.7175775015,35.5931716343,27.6198105929,73.70000000000009
561,1.03362883904,18.8630326204,-76.8885818563,-14.9023015916,73.70000000000009
562,0.308935606355,-23.4979907697,-1.20027004966,2.51885187464,73.70000000000009
563,0.643649095373,-25.857972736,-4.09729875773,1.86044500182,73.70000000000009
564,1.12489790376,-21.689792735,1.16266908411,-0.473128153071,73.70000000000009
565,0.115957600375,-24.3412930884,-4.56795221725,2.78764556848,73.70000000000009
566,0.137348921391,-9.71455218173,-5.35242717107,26.4250511569,73.70000000000009
567,0.454076831165,-25.6471746845,-5.87411616722,-1.13840073562,73.70000000000009
568,0.239969962816,-23.9534825855,-0.0703192626456,-5.46463029653,73.70000000000009
569,0.473843255195,-24.6361492705,-1.59518032843,3.99553781677,73.70000000000009
570,0.21057612149,-27.7412084167,-29.1771728766,14.5567310005,73.70000000000009
571,0.256370928231,-24.3772032027,-0.228464945031,-0.525181382701,73.70000000000009
572,0.165198016207,-26.7724096856,0.468272158982,1.39874383036,73.70000000000009
573,0.115164778317,-23.5087585192,1.35846026125,-2.93740367074,73.70000000000009
574,0.569562888769,-22.0781986645,-0.975756952902,0.253550590193,73.70000000000009
575,1.019681053,-22.8130406047,-2.56741083511,0.312276491266,73.70000000000009
576,0.209469090145,-22.9073229279,-0.0107357889099,1.14596255877,73.70000000000009
577,1.18558537725,-26.3261351071,-10.3018229386,3.11195528825,73.70000000000009
578,0.118714068827,-27.9057400891,-1.42703311165,1.27018097342,73.70000000000009
579,0.304991660491,-25.5082370022,0.502253818406,-1.39077807753,73.70000000000009
580,0.571951545631,-21.4200713354,-5.17087962523,2.76350034435,73.70000000000009
581,1.18549321021,-20.0679310162,-3.95248829599,0.215635780276,73.70000000000009
582,1.21289644997,-22.0133973584,-0.0876588292182,-1.8149436407,73.70000000000009
583,0.102961199,-26.3762739274,1.05047131242,3.22234920452,73.70000000000009
584,0.383194742519,-21.2495940638,-0.581366691666,2.30769867136,73.70000000000009
585,1.46829744645,9.35532707821,-29.2474776116,-21.1808175438,73.70000000000009
586,2.40330342459,-23.3106956304,0.652475053744,0.681997758746,73.70000000000009
587,0.340960415759,-19.2598914635,0.637906791192,1.12978797722,73.70000000000009
588,0.164710163705,-23.9284687857,3.52855536346,-1.13190626972,73.70000000000009
589,0.339573259271,-25.0375585073,-4.04861341072,5.8988189151,73.70000000000009
590,0.32276372818,-25.6299039847,0.743874239703,-0.543037158148,73.70000000000009
591,0.10960075633,-28.1353009541,-5.57266723075,1.85987078531,73.70000000000009
592,1.35793591847,-25.4985503007,-2.06654708154,1.41218522751,73.70000000000009
593,0.586145063332,-21.1305619067,-1.67146375982,1.39219085434,73.70000000000009
594,0.142042553478,-36.5988664912,6.26975379588,4.49496951102,73.70000000000009
595,0.671364735436,-17.9869669516,0.865658460894,-0.920044346015,73.70000000000009
596,1.28511291723,-22.1981060859,3.92463906632,1.23228017251,73.70000000000009
597,0.324544502641,-23.9849084899,0.615435998167,4.49381542168,73.70000000000009
598,0.306732259889,-24.4170231568,1.54238922152,1.30647060807,73.70000000000009
599,0.18418973392,-22.052170116,-4.73321348316,-0.425542601858,73.70000000000009
600,0.609297288658,-21.28320537,-7.20607722605,2.66331062023,73.70000000000009
601,0.983701611164,-25.1785880592,2.98495111488,6.21360964296,73.70000000000009
602,0.64011397232,-9.83955983042,5.78174094313,6.98080092491,73.70000000000009
603,0.157684424988,-22.0014608566,-2.44800313466,0.2466591461,73.70000000000009
604,0.257799127,-19.9585809413,0.559830789784,2.36054241836,73.70000000000009
605,0.680267917942,-25.3021499803,3.53114828901,-2.35527382736,73.70000000000009
606,0.213189813603,-23.0348687922,-4.94047886803,0.512955673728,73.70000000000009
607,0.313289049233,-20.1949481243,-2.11846701896,0.57122670538,73.70000000000009
608,1.12090837037,-25.6331513045,-2.47524567025,1.85604592505,73.70000000000009
609,0.459046790861,-76.6320970722,19.4394972907,39.5456262603,73.70000000000009
610,1.6250341151,-22.0138154702,-2.08291219526,2.05243360883,73.70000000000009
611,0.330371766786,-26.0634717979,4.84582364147,5.18033592176,73.70000000000009
612,0.257503301223,-12.4510698667,19.9668542784,-86.6939168304,73.70000000000009
613,0.532155222209,-25.1840784615,1.42967172683,2.56467746375,73.70000000000009
614,0.137763087931,-24.3335821882,0.601642751007,4.50537461123,73.70000000000009
615,0.156455983079,-23.2826813266,-3.42832004394,21.3420947866,73.70000000000009
616,0.472251080912,-24.6564690709,-0.699469173644,-0.0754494531582,73.70000000000009
617,0.145801344235,-25.1478186974,4.90655797784,3.58274880241,73.70000000000009
618,0.174600187162,-28.9321888471,-6.5235335236,-18.9256981121,73.70000000000009
619,0.562097994645,-25.2631844221,-6.02125624449,-2.0999097229,73.70000000000009
620,0.557527641054,-24.1189109383,-1.37375557594,1.21912180791,73.70000000000009
621,2.99311772126,-24.0923477672,-2.20337674559,3.77751395495,73.70000000000009
622,0.13473333069,-22.4528198082,3.29953667695,2.60456238668,73.70000000000009
623,0.154898266097,-23.3483706185,-0.674413720985,0.678076681221,73.70000000000009
624,0.375596467616,-21.6163871852,0.0474488323868,2.3225030433,73.70000000000009
625,1.11361806445,-15.3711285006,-15.2928678411,11.4524011343,73.70000000000009
626,0.95128678529,-26.5108981244,-3.11944083553,5.0968266448,73.70000000000009
627,0.147420491966,-25.0871156125,-2.94185000453,-0.0893094307663,73.70000000000009
628,0.114503032274,-12.4928210838,-8.53303586946,15.0199166216,73.70000000000009
629,0.355093589866,-23.9274795925,-1.04762248262,0.920833482055,73.70000000000009
630,1.02628050757,-16.807325437,-4.52072461908,-4.02875751304,73.70000000000009
631,0.278123627556,-27.5647144975,6.84377009963,-3.77345875403,73.70000000000009
632,0.162807230053,-0.245419240895,-1.34507244834,8.29973106117,73.70000000000009
633,0.273820460282,-23.0272398996,1.11695785219,0.268738809105,73.70000000000009
634,0.294260761893,-29.8124128172,-1.20071831876,9.25172711018,73.70000000000009
635,0.16134557772,-24.5254466388,1.27469526699,4.30493267161,73.70000000000009
636,0.335705180956,-27.7023891791,3.17586548243,-1.57563007468,73.70000000000009
637,3.85200045815,-27.8489785465,3.23970113754,14.9713518224,73.70000000000009
638,1.18915525031,-23.4517971892,-2.06946863131,3.13594670295,73.70000000000009
639,2.03916481142,-28.3345201916,1.90310831283,0.573340481544,73.70000000000009
640,0.155802317262,-24.6850017168,-0.0624556056956,-0.769670561357,73.70000000000009
641,0.59273597063,-21.9333989709,0.50191863972,-3.21144046583,73.70000000000009
642,0.211079415207,-20.0945796482,-1.02816873153,1.11363775646,73.70000000000009
643,0.464082958414,-26.2548560017,-4.86154119625,-0.400478927847,73.70000000000009
644,0.166833923653,-27.5481549865,4.49496129705,6.25056393253,73.70000000000009
645,0.177014378409,-22.7160098709,1.51943394102,1.22359677874,73.70000000000009
646,0.136786531095,-23.4896092305,-9.31499460603,-1.14783017317,73.70000000000009
647,0.407606666176,13.2733071214,-4.87394512385,19.1444073991,73.70000000000009
648,0.419329189027,-25.1773565979,-0.695867747996,0.221978302094,73.70000000000009
649,0.461120253622,-22.2892239311,-0.580456303829,0.897299661504,73.70000000000009
650,0.522323419551,-39.4595186156,21.9193636679,-6.24996586342,73.70000000000009
651,0.426593051544,-8.03354310861,11.3449573844,69.9678424341,73.70000000000009
652,0.595542680867,-23.0989014666,8.70846619871,-11.3395480089,73.70000000000009
653,0.437759811886,-28.6505745338,2.95223318016,1.55301962559,73.70000000000009
654,0.201675875464,-17.4483874806,-33.7280277092,-15.9169915981,73.70000000000009
655,0.850872941085,-22.922641959,-0.0235793282037,6.49675672555,73.70000000000009
656,0.193026113466,-20.2986942484,0.253000140754,-2.94823480377,73.70000000000009
657,0.22348546812,-18.1510216663,11.4857577611,-22.3661934631,73.70000000000009
658,0.19629531184,-21.244260869,0.581355591202,1.38227781262,73.70000000000009
659,0.31006912279,-23.3712941887,-1.16066104071,4.03007943334,73.70000000000009
660,0.332769871438,-9.020219707,64.1932947667,0.735780011101,73.70000000000009
661,1.0723085121,-24.0025544014,-3.29572589275,2.98056817073,73.70000000000009
662,0.161815686859,-24.4106561241,1.56274783766,-2.37152811876,73.70000000000009
663,0.677570653606,-20.7862452879,-10.9605774257,-0.0918475224715,73.70000000000009
664,0.20805071468,24.4714438236,-34.0296645711,-21.5001489599,73.70000000000009
665,0.288424068014,-3.3196615216,-15.075035084,-17.2310753739,73.70000000000009
666,0.259480552812,-28.1722566956,-3.32391620343,-9.47420959903,73.70000000000009
667,0.156224606335,-23.5212420189,-5.74632573989,-0.0502037321092,73.70000000000009
668,0.372611757728,-25.7976625725,-1.9922088403,1.19545967946,73.70000000000009
669,0.215565276381,-24.5985662905,-3.21512948199,2.69878376927,73.70000000000009
670,2.16104584217,14.0617437449,-21.1767011677,-7.80215578673,73.70000000000009
671,0.118830428525,-22.3509927349,-2.98590462396,0.0923557472385,73.70000000000009
672,0.424833888682,-24.9649432181,-1.86993725481,1.57358595877,73.70000000000009
673,0.59901537075,-27.0298108165,-0.538196852364,3.00110819415,73.70000000000009
674,0.613998073715,-25.3892745551,1.42296809003,0.552111368577,73.70000000000009
675,0.734383086116,-20.0364174811,6.16926170219,-8.15098772987,73.70000000000009
676,0.175493517707,-22.8581099127,0.0418880207679,-1.20707348846,73.70000000000009
677,0.279442894637,3.49786830469,-43.7658843186,29.4836630259,73.70000000000009
678,1.09957938667,-25.4940822136,-0.741252871331,3.69475032493,73.70000000000009
679,0.158085195912,-28.5011632967,-22.3474269559,-5.46024971269,73.70000000000009
680,0.581533201861,-6.31915069821,-3.94115197379,-23.9092776869,73.70000000000009
681,0.21116725424,-24.399663136,-0.494525191823,-0.831050962115,73.70000000000009
682,0.138357861036,-10.0676016647,2.17572566116,-5.20422929203,73.70000000000009
683,1.01427244945,20.8847821547,-37.2795507139,45.4953456782,73.70000000000009
684,0.254137630223,-17.832630212,0.424838606914,3.5170390885,73.70000000000009
685,0.100229800388,-24.0417043424,-3.416718611,1.10023123163,73.70000000000009
686,2.20684053128,-23.8524010404,8.47258271913,0.406366273823,73.70000000000009
687,0.129414095711,-21.7563846353,-3.42547796276,0.846972874823,73.70000000000009
688,0.238709593158,-30.8134230699,27.9826403053,-12.9751715244,73.70000000000009
689,0.252998760115,-23.1423111039,0.214717686611,3.00866843281,73.70000000000009
690,0.138398741544,-18.7321857139,3.00696872209,10.7117529502,73.70000000000009
691,0.161130587254,-24.3937843322,-0.583883323305,2.03085319012,73.70000000000009
692,0.694114952905,-23.887686695,1.94755532646,2.56291887553,73.70000000000009
693,0.698043382279,72.6829223983,21.6644034887,-12.5895767238,73.70000000000009
694,0.132390738815,-22.675511661,0.466428122049,0.446889812507,73.70000000000009
695,0.193445619217,-22.1622119836,-0.559627163507,4.00346903797,73.70000000000009
696,0.738238492336,-26.4722740249,-0.525769607113,0.735315835855,73.70000000000009
697,1.1095103601,-22.2157660799,-1.23879668753,-0.0558188442874,73.70000000000009
698,0.127260642096,-26.8325098635,-2.11321091949,1.53137123381,73.70000000000009
699,0.106974647302,41.9427956391,-5.57906068147,1.18638913326,73.70000000000009
700,0.923945562344,-23.4500586583,-0.648591444753,0.555830029725,73.70000000000009
701,0.232658461113,-20.897670001,1.97849930337,-3.437662033,73.70000000000009
702,0.226000819637,-21.2830986253,1.83723362782,2.1617117886,73.70000000000009
703,0.124240764288,-2.36436355162,13.9143132965,-12.0547223877,73.70000000000009
704,0.343462926958,5.94095087695,-1.95100194719,4.21653679708,73.70000000000009
705,0.130525401198,-26.0367899655,-1.69646575089,0.797471560105,73.70000000000009
706,0.101107677915,-24.1227620551,-4.78774965758,4.86490637099,73.70000000000009
707,0.315122410247,-21.6715771537,0.784897444554,1.40784877872,73.70000000000009
708,0.2352618486,-20.6913791467,-2.26221092532,4.45345133858,73.70000000000009
709,0.41290597546,-25.3054824419,1.52587506244,8.53263733273,73.70000000000009
710,0.142734763159,-22.7001190812,-0.372888716474,1.91591058083,73.70000000000009
711,0.265216646036,-21.769559513,1.149888196,1.74928940536,73.70000000000009
712,2.99629243057,11.2330919796,-16.0413796185,21.9561156655,73.70000000000009
713,0.620395066796,-23.0651058173,-1.02494891108,0.716460876971,73.70000000000009
714,0.103124103256,-23.8263624735,-1.02027436952,-3.98850380022,73.70000000000009
715,0.426741379627,-27.0405461094,-1.429819638,5.1035128599,73.70000000000009
716,0.338887535262,-22.6050955036,-1.73172956081,6.60626375634,73.70000000000009
717,0.10780348085,-23.8287900928,1.75509055415,-2.64028884004,73.70000000000009
718,0.895791572131,58.601660531,6.52821207642,12.8832871079,73.70000000000009
719,0.841406424945,-22.6444664129,-2.33170493681,2.82868488818,73.70000000000009
720,0.154134407075,-20.4999845437,-0.832972179187,3.1670155235,73.70000000000009
721,0.602506444203,-25.9283572387,5.66370463206,1.83991071725,73.70000000000009
722,0.153772328585,-21.2726909185,3.45610045932,7.9571448059,73.70000000000009
723,0.736748795687,6.31592278459,-8.12193984434,5.89722862402,73.70000000000009
724,0.570003509026,5.07049858428,3.3489292497,27.1578498418,73.70000000000009
725,0.657718675911,47.929963138,53.5323710712,0.644073814225,73.70000000000009
726,0.202717407607,1.15490903949,-19.6389181156,-7.71338649157,73.70000000000009
727,0.125714131746,11.3739229824,30.6743655167,-56.5272531874,73.70000000000009
728,0.304890968248,-14.624115989,-14.5710314484,-9.67139228895,73.70000000000009
729,0.136701714356,-24.6522738021,5.4728826703,1.23300954495,73.70000000000009
730,0.141769825997,18.1642911013,4.05718163229,-9.770481459,73.70000000000009
731,0.467907297662,-25.9392535134,-4.4760308415,4.28199271682,73.70000000000009
732,3.13869447223,15.0669936599,-27.40984834,42.7829930663,73.70000000000009
733,0.114416416032,-25.9887476766,4.56801712755,0.862430923953,73.70000000000009
734,0.191687285293,-24.4821652545,-2.03800256055,1.53131947697,73.70000000000009
735,0.163046646321,-21.3586674895,-0.569532461028,3.56466517841,73.70000000000009
736,0.158227517867,-25.3362601471,-0.924170589276,1.02566608176,73.70000000000009
737,0.136035837616,-17.8954052965,-14.2541305701,99.8529043091,73.70000000000009
738,0.342043856527,-46.4626718888,-14.7230354043,40.1320290472,73.70000000000009
739,0.435750560078,-10.1247143373,-15.0518282142,41.9522803214,73.70000000000009
740,0.268386425603,-23.8029028372,-0.00601370300304,1.79753440591,73.70000000000009
741,0.146252977489,11.3932443145,-39.1578500692,9.48427701415,73.70000000000009
742,0.127434146263,-33.3582186776,23.0798887999,-10.2091880126,73.70000000000009
743,0.167595234794,-21.1287541881,-0.225466334141,4.9425881128,73.70000000000009
744,0.457607765006,-39.741704942,6.79394707654,1.51207651414,73.70000000000009
745,0.10820960929,-18.3373408403,-4.55413625871,1.35390390527,73.70000000000009
746,1.22262625278,-23.6223598159,-2.06541686152,1.77215630294,73.70000000000009
747,6.53267525436,-23.7128786369,1.1186973273,2.05001374403,73.70000000000009
748,0.154798036044,-24.2351973536,-1.44398991359,0.666094322059,73.70000000000009
749,0.309816172882,-23.9099377734,1.88952532511,0.682448825014,73.70000000000009
750,0.185925453716,-22.4337170132,-3.37967655372,1.33741863683,73.70000000000009
751,0.319891592794,-25.6426830517,-2.1999171308,2.6517027989,73.70000000000009
752,0.101974817875,-32.8738801197,0.31648471234,0.662422932288,73.70000000000009
753,0.250126250049,-24.4107683287,-3.50218023562,-11.8263826003,73.70000000000009
754,0.11754680715,20.0544808918,4.83261079273,-28.0106860466,73.70000000000009
755,0.174154588462,-23.0927921903,-4.0805380625,0.865691434737,73.70000000000009
756,0.131876057237,-28.5797004029,-16.0882005463,11.8560236693,73.70000000000009
757,0.990599863892,-30.0844574079,-20.6913423659,1.11757343124,73.70000000000009
758,0.23232439344,-23.2840002645,-1.5453474954,2.28772433668,73.70000000000009
759,0.10417263074,-24.3015855467,-0.535602647578,0.747945286234,73.70000000000009
760,0.681794040584,-26.3639412796,-1.1553388687,-2.50204775554,73.70000000000009
761,0.132190058256,-39.464171265,23.2627972753,-27.5663978007,73.70000000000009
762,1.62617412062,-23.2285373509,5.03949297102,7.46839386388,73.70000000000009
763,1.08239471174,-26.7663527303,-0.665070903536,-1.08023849728,73.70000000000009
764,0.929778943624,-47.2970611712,-33.7458033835,-24.9389405658,73.70000000000009
765,0.194473021575,-20.9939037647,1.15719942284,-2.80515276837,73.70000000000009
766,0.107643297562,-23.812334635,-5.96818914121,-11.0626239742,73.70000000000009
767,0.689680933277,-21.7778480301,-2.12492550129,2.37672464698,73.70000000000009
768,0.24471551175,-20.3089064906,-0.283316102596,0.772907734852,73.70000000000009
769,0.408535241626,-22.8519427904,-1.50243690478,1.64918370883,73.70000000000009
770,0.21755211243,-24.9099047126,-1.58373061476,2.85816324398,73.70000000000009
771,0.186524350602,-28.0793933221,0.44459186112,-1.31536442511,73.70000000000009
772,0.261924777958,-21.6767755543,-2.387256846,1.31126591568,73.70000000000009
773,0.121351263405,-31.8068023389,1.54221385434,0.049006556572,73.70000000000009
774,0.144382197209,-16.8716158042,2.05915023687,-0.79738620768,73.70000000000009
775,0.456958417434,-22.3032745756,-2.50876931631,0.859460387859,73.70000000000009
776,0.15281414432,-19.6193789874,2.38050066007,2.50373827806,73.70000000000009
777,0.193814740437,-58.4561285197,-10.0632509024,63.3780283457,73.70000000000009
778,0.528774654261,-15.5318543317,0.602095198623,-7.43103710267,73.70000000000009
779,2.15791982511,-27.3357428017,-3.07098496935,2.14678048117,73.70000000000009
780,0.106150937195,-24.6382130301,1.90363751149,0.749404895788,73.70000000000009
781,0.126038099335,58.2710897464,8.83947546686,38.9056678169,73.70000000000009
782,0.353764305211,-22.9085614278,-1.14932417993,0.198441729004,73.70000000000009
783,0.14279367747,-22.0657636697,-2.46087824463,0.362661014323,73.70000000000009
784,0.149444232599,-22.7605031133,-2.81702159307,0.365706143163,73.70000000000009
785,0.424187775376,-30.8521607844,-2.28988957885,3.05048473284,73.70000000000009
786,0.961676304222,15.6464819077,-28.4458481682,49.2300460969,73.70000000000009
787,0.226742242007,-21.1526517035,-1.99361173346,4.18529308951,73.70000000000009
788,1.7852975496,-23.1047084721,-0.596117156791,0.858549398179,73.70000000000009
789,0.132659047298,-25.462121796,0.00612798644687,-0.964503979856,73.70000000000009
790,0.119889281019,-25.053728606,-2.62871944464,-0.315575122137,73.70000000000009
791,0.292262850904,11.9496034743,-7.08886048064,8.42532342581,73.70000000000009
792,0.251552094621,-23.7675106266,0.600820035407,2.28714867703,73.70000000000009
793,0.123972078408,-23.9843361089,0.0174130875463,3.90204378566,73.70000000000009
794,0.113757496472,-25.6951800017,-1.57705949209,4.39136796389,73.70000000000009
795,0.306608857451,-20.229967461,-2.38972510756,0.564732696946,73.70000000000009
796,0.220084582935,-23.8121727482,-1.02634280748,0.369270173549,73.70000000000009
797,0.116879386311,-23.7695392435,2.83553492134,7.11569692109,73.70000000000009
798,0.987570430116,-27.0359517967,-6.3875668155,0.109360981276,73.70000000000009
799,1.13499479779,-23.7843940309,-2.90293768455,1.82951289387,73.70000000000009
800,0.634788381211,0.487287548237,8.89306568357,-7.39563909685,73.70000000000009
801,0.102620929918,-24.5963667687,5.10180064853,1.92148720821,73.70000000000009
802,0.227654597964,-24.0620038996,1.46008861369,-1.72703367146,73.70000000000009
803,0.463467781353,-37.3799822435,-52.9261842689,-18.488695037,73.70000000000009
804,0.47603762992,-0.854064331338,35.9071281993,20.7677758503,73.70000000000009
805,0.163465579308,13.6953205819,44.9037943522,-13.605842941,73.70000000000009
806,0.167861512605,-21.2984194354,8.53266770297,-21.6206717119,73.70000000000009
807,0.103093274235,-28.3270895401,1.45797822176,5.14822469549,73.70000000000009
808,0.130592667046,-22.8350868224,-40.1789854401,-58.732193632,73.70000000000009
809,0.123644835665,-25.8120730768,-8.66480988626,0.0139185658874,73.70000000000009
810,0.516639444016,-21.4485695004,0.874293966478,1.26648031101,73.70000000000009
811,3.13469436737,-38.2188204416,54.192530601,-22.8747942374,73.70000000000009
812,1.09949397174,-20.5027710369,1.60740537552,0.480454696141,73.70000000000009
813,0.254841219742,-17.8844608297,0.0934652581283,0.151448291929,73.70000000000009
814,0.376021676783,8.16021567476,24.3550529029,-18.2014536358,73.70000000000009
815,0.126870910043,-20.6957391809,4.0615742149,0.126452547687,73.70000000000009
816,0.2101666793,10.8558870987,-14.6308313084,29.3535033313,73.70000000000009
817,0.209312007832,8.2177728514,93.250860249,13.4220858792,73.70000000000009
818,0.147937779673,-24.9979905708,0.0741950369798,3.83980933208,73.70000000000009
819,0.113320571103,-0.14791736782,17.8246767938,19.3779370596,73.70000000000009
820,0.958276749755,-23.6441872699,-0.51280999712,0.75854742711,73.70000000000009
821,0.117912078955,-16.8490989996,0.936269239868,-1.23193095041,73.70000000000009
822,0.10319173099,-26.4383021051,-1.7786506031,-0.205225686719,73.70000000000009
823,0.669672420849,-24.075283904,-1.51433429011,0.732710033055,73.70000000000009
824,0.131111676895,-17.9815343026,-23.7391558855,6.51811151421,73.70000000000009
825,0.419430913373,-34.0662577186,-22.9532733441,-10.3203930262,73.70000000000009
826,1.90531913537,13.6183813186,14.2167187932,2.11091474836,73.70000000000009
827,0.110181775239,35.4454615514,-22.2313077935,46.6470948234,73.70000000000009
828,0.237198631489,-21.4635241357,0.0661190501546,1.75016514063,73.70000000000009
829,0.252300747504,-22.7178998256,1.37244389316,1.21537807216,73.70000000000009
830,0.594210489747,-28.6886740953,-1.31459859716,-0.856223463892,73.70000000000009
831,0.108992460469,-27.3323685671,10.7021476795,11.4967296954,73.70000000000009
832,0.150385246309,-27.5424013785,1.25617156009,-1.50394808765,73.70000000000009
833,0.288408520729,-9.0760213792,32.0506085063,3.96791976422,73.70000000000009
834,0.130708126322,-24.5614430858,-2.71576932509,1.92051170324,73.70000000000009
835,0.139181698098,5.35897301323,-7.05412212289,-35.7424081424,73.70000000000009
836,0.203652858215,-18.8162433481,-0.504541516972,-2.84992012835,73.70000000000009
837,0.200112000804,-25.1047161488,0.779719948068,1.54028591306,73.70000000000009
838,0.166693308857,-24.5214013729,-1.67088062292,0.857932357477,73.70000000000009
839,0.32676824663,-24.7698341951,-0.0299378919602,1.80633256996,73.70000000000009
840,0.561649295766,-22.9143781166,1.214145502,3.18150320966,73.70000000000009
841,1.2788880997,-40.8316344391,35.1078249247,-53.0645980493,73.70000000000009
842,0.299116616815,23.9956300175,-5.93419756458,-9.52190230521,73.70000000000009
843,0.136721219226,54.5881397859,-16.9835866477,23.155251957,73.70000000000009
844,0.101837401648,-23.1074124338,-2.31209324974,0.101954335131,73.70000000000009
845,0.747963415717,-20.431020748,-3.65368890891,4.96748523861,73.70000000000009
846,0.165400472257,43.9534114419,19.3432132802,112.644296006,73.70000000000009
847,0.141486973846,-21.4731561831,-3.23997532809,2.49341003953,73.70000000000009
848,0.102152065899,-17.5603501201,-5.76205987017,-1.28008087146,73.70000000000009
849,0.353471877615,-7.6412288359,8.60409704796,-47.5131881644,73.70000000000009
850,5.13646931754,-23.9919531163,-1.18788899132,0.64513397991,73.70000000000009
851,1.67719028512,-20.9466154065,-2.48334439387,0.377887855889,73.70000000000009
852,0.91025539897,-23.6531009165,-0.896880019829,1.72888400091,73.70000000000009
853,0.650286660995,-23.6672639,-1.26160555786,4.70714725685,73.70000000000009
854,0.319967480834,-17.8578062653,-0.781078681485,7.27546118394,73.70000000000009
855,0.235999204292,-24.7001839,-48.4174260372,-56.3045643756,73.70000000000009
856,3.25576616892,-23.75137174,-0.0221383901351,-0.165682988359,73.70000000000009
857,0.733285231891,-28.422255161,-5.96681583905,-17.8595840041,73.70000000000009
858,0.486236013001,-18.6761820058,-0.629922558742,-6.66802166019,73.70000000000009
859,0.20587524038,93.4294377107,-14.8783915752,-9.14045728494,73.70000000000009
860,0.182038272476,-27.5461417381,-3.29173237226,-1.56302693255,73.70000000000009
861,0.156136333712,4.65188327515,-7.77138841437,30.4989514179,73.70000000000009
862,0.797853144974,-18.7715669194,56.4578976136,13.2439904834,73.70000000000009
863,0.16751150415,-24.2111763516,2.84325437413,-0.560499599476,73.70000000000009
864,0.162296524955,-26.2339891655,-8.14738429612,6.67729453516,73.70000000000009
865,1.72423707066,20.4117812833,41.8422456337,24.0113128653,73.70000000000009
866,0.290180897111,-26.807818241,-42.0835472278,74.9180504859,73.70000000000009
867,1.05233488001,-22.5998633402,2.19760927959,2.96574267383,73.70000000000009
868,0.716036649905,-27.7050768561,-9.08661815135,14.6860765921,73.70000000000009
869,0.272703099291,-20.5358181092,-2.93658651041,3.37779408778,73.70000000000009
870,0.104546940704,-22.4668863512,-0.497728423827,1.22301166538,73.70000000000009
871,0.130183620051,-21.9173399597,-0.890324437171,2.52273709443,73.70000000000009
872,0.246111839095,21.4717997458,-14.5881219472,-17.861540117,73.70000000000009
873,0.543487284963,25.6148150138,45.0312171479,90.7912854344,73.70000000000009
874,0.976567020844,-22.120471609,-1.05911990941,1.85245643582,73.70000000000009
875,0.124508118969,-25.6597134896,-1.14967272585,0.179802724114,73.70000000000009
876,0.43241493421,-23.8410324615,-1.53248636761,0.249556446051,73.70000000000009
877,0.308661152162,-19.0367362189,2.50723743425,4.12599962801,73.70000000000009
878,0.467978884831,-24.8530930969,4.74376464591,-2.03096191975,73.70000000000009
879,0.479909787674,-23.1522677813,-3.21611642793,1.41791657003,73.70000000000009
880,1.4161662659,-23.4696422357,-1.40048756436,1.49644529344,73.70000000000009
881,0.119637578147,-23.4453072282,-0.0309007960854,-0.588781495366,73.70000000000009
882,0.118933957072,-22.9321167851,2.17458415112,1.24097777951,73.70000000000009
883,0.672256316267,-26.2161878639,-6.16070119311,-0.60668505946,73.70000000000009
884,0.702826482292,-23.7026937969,2.69816692112,1.35804842539,73.70000000000009
885,0.245471980387,-17.4293498047,-3.63783323556,10.2629770633,73.70000000000009
886,0.170973170795,-20.7736949029,3.22621695519,-3.99776139422,73.70000000000009
887,0.407321449747,-23.2147393693,-0.869997870699,0.834575257505,73.70000000000009
888,0.145830607995,-23.4700280758,-3.30526951773,1.91900451237,73.70000000000009
889,0.494733896032,-19.4851138775,-0.814830091027,2.6768895221,73.70000000000009
890,0.519454894846,-21.5954889126,1.53745389417,-2.25622367667,73.70000000000009
891,0.795182434894,-23.9985030668,0.190861927215,1.22485164533,73.70000000000009
892,0.422831456854,-39.4618278442,-20.086498483,28.6469972598,73.70000000000009
893,0.880253018606,-29.9019048732,-1.9656393738,3.35198694143,73.70000000000009
894,0.232881445677,-13.7536166758,-28.7161103815,-56.00675536,73.70000000000009
895,0.411187532935,-24.0514589761,-0.0860368324403,1.82211052294,73.70000000000009
896,0.183653487592,-17.4714593943,-10.3109866184,37.2638032086,73.70000000000009
897,0.283551606949,-31.8140405317,7.57579874244,0.315823101793,73.70000000000009
898,0.588824789646,-22.0367434256,-0.797865085616,0.912467406484,73.70000000000009
899,0.129583617156,-6.68136440051,32.2027800363,3.58280593227,73.70000000000009
900,0.123861280735,-23.9289944627,28.1136420466,-19.111565763,73.70000000000009
901,0.566429261405,-21.9709613676,1.17119082178,-2.70508716963,73.70000000000009
902,0.269607060471,-26.4077606461,-0.320756838352,0.520397773162,73.70000000000009
903,0.940051071934,-22.0911210628,-6.40784101925,-1.26690411631,73.70000000000009
904,0.1122462836,-22.1113772784,-2.81767186429,5.83873124213,73.70000000000009
905,0.605889730412,-20.2216717524,5.25111042838,-6.61627355021,73.70000000000009
906,0.533712041986,-26.0903859418,0.372912649944,-0.204199707104,73.70000000000009
907,0.124562691934,-34.5125718428,4.87096847768,4.3462336078,73.70000000000009
908,1.37627146574,-22.7016615097,-2.07530892823,-0.340582708697,73.70000000000009
909,0.102161056448,-24.3516257176,0.538275037049,0.773112885956,73.70000000000009
910,0.346681735289,-22.1832296617,-2.285112761,6.92482905794,73.70000000000009
911,0.166842970589,-20.6797712439,-1.37671495342,2.94654311657,73.70000000000009
912,0.36824599624,-23.3599829068,-2.59903334522,-0.887250335652,73.70000000000009
913,0.118261859629,-15.2425102807,-11.7838097277,57.6482457543,73.70000000000009
914,2.41209789581,-24.6632051799,0.658862525518,0.995799699138,73.70000000000009
915,0.408826148743,-25.7537199302,2.82890272841,-1.87247260164,73.70000000000009
916,0.488178875759,-19.5799226734,-7.61324212612,9.42158639219,73.70000000000009
917,0.338346073802,-24.0088044719,0.296863374957,1.38356018794,73.70000000000009
918,0.414388576654,-10.5524850804,-21.7843313829,12.2180146409,73.70000000000009
919,0.379200508373,-6.55242795142,-14.5364177979,-18.7457620619,73.70000000000009
920,0.278980757526,-22.8708370588,-0.088372532397,3.06380928936,73.70000000000009
921,0.15448601003,-23.2783701943,3.9257841864,12.2696011113,73.70000000000009
922,0.184652922747,-22.7597749192,0.683276870004,-0.864246582913,73.70000000000009
923,0.622784515871,-23.9394899588,0.255971348501,3.38969447466,73.70000000000009
924,0.115098716169,5.95203243785,-30.1094955796,-29.3938108075,73.70000000000009
925,0.349791340133,-19.6299944655,-1.54644463786,-1.9077486705,73.70000000000009
926,0.133133379742,-23.3808774765,-2.2196724509,1.62704817562,73.70000000000009
927,0.208107361247,-21.6702946169,-6.93563831867,-3.71163175294,73.70000000000009
928,7.80506312497,-25.0509827215,-2.18827033254,1.68409190487,73.70000000000009
929,4.44401350521,-24.1947180019,-1.32369949756,0.659339345784,73.70000000000009
930,0.242940427556,-40.3985759913,-8.25402400016,-46.5703516381,73.70000000000009
931,2.34655876818,-24.2713602884,-1.97883581119,1.99158462022,73.70000000000009
932,0.97797489121,3.12894999199,11.0959034091,20.6225799591,73.70000000000009
933,0.297718429839,-17.3502474285,9.13165046095,-11.8540418775,73.70000000000009
934,1.00581154873,-23.4586895307,-5.04313579665,4.81142094037,73.70000000000009
935,0.796038957083,-30.5475791996,-10.2218501494,-3.70537695283,73.70000000000009
936,1.29853569683,-49.9529257115,24.3630410237,-26.7419767837,73.70000000000009
937,0.265586034973,-16.7810791116,-0.37794260482,6.66036320571,73.70000000000009
938,0.133714293608,-23.9312014858,-3.34223398029,-4.99730652549,73.70000000000009
939,0.193646116762,-25.8099988355,-1.05015370384,-1.03831510383,73.70000000000009
940,0.167040929978,-37.7894137851,1.27173401029,-61.5825003753,73.70000000000009
941,0.168184702803,-23.0783471535,-2.28839491685,3.97833649656,73.70000000000009
942,0.117411461655,-24.8605742943,2.99935424288,3.67509897831,73.70000000000009
943,0.102832615735,-24.370511645,-1.09354777212,0.872057069545,73.70000000000009
944,0.163847123763,-21.3817556248,0.980236663236,0.843832732538,73.70000000000009
945,0.155144757998,-27.6452859131,1.02560564164,2.32205945666,73.70000000000009
946,0.226066912378,-23.4384814049,-0.185132117629,1.69165512348,73.70000000000009
947,0.110550509931,-29.2033177009,-1.4288352409,0.578985432292,73.70000000000009
948,0.285231285535,-22.973811797,5.98591452201,-3.57412403575,73.70000000000009
949,0.24773280217,-25.9652714568,-2.22148471455,0.456578231717,73.70000000000009
950,0.100928136529,-32.3120816518,1.92432704814,-2.36737405614,73.70000000000009
951,0.201293259952,69.6902077404,9.604142518,-3.4002670305,73.70000000000009
952,0.126085463491,-54.4255082794,-3.62628457248,3.88692516328,73.70000000000009
953,0.184478711071,-23.7760217629,-1.79364277227,1.7899878437,73.70000000000009
954,0.161132406094,-24.0875239496,0.5417362948,1.43542585654,73.70000000000009
955,0.495765971612,-22.5527817361,-3.06997279376,0.205526293668,73.70000000000009
956,0.189313436866,-21.6092226491,-3.2289800889,4.60973311055,73.70000000000009
957,0.104489056887,-23.3052877835,-1.09206111694,0.435590254588,73.70000000000009
958,0.487192449548,-29.6932003446,-8.60825203237,2.99298369517,73.70000000000009
959,0.230170331216,-28.523700352,0.108812631135,2.89143045259,73.70000000000009
960,0.341593587157,-25.6630242878,-0.794305940788,1.55396248047,73.70000000000009
961,0.352854260773,-16.5014948855,-7.18160421477,5.03152544597,73.70000000000009
962,0.626729107046,-26.8067556742,-4.56257254755,0.453639244118,73.70000000000009
963,0.461305983502,-23.8846171888,-1.18078312641,4.02553497653,73.70000000000009
964,0.151379049182,-29.4626652931,-3.55521821403,-1.98559820626,73.70000000000009
965,0.333389904017,-4.22071826654,87.1713027727,-37.8820245802,73.70000000000009
966,0.281176302239,-21.7925274025,-0.635963955626,18.3146577412,73.70000000000009
967,0.545661312786,-46.5249683381,-22.8905357896,-24.6374652106,73.70000000000009
968,0.919936481541,-35.9714859684,-2.08516371007,-12.3488026933,73.70000000000009
969,1.56800996233,-38.9733613565,85.1574064787,46.4767102098,73.70000000000009
970,0.206933597188,-19.867014609,4.77942907502,1.96768052403,73.70000000000009
971,0.259810876093,-25.2655604894,-2.44439741782,0.467108841499,73.70000000000009
972,0.109426270973,-24.0803100056,-6.65017713947,17.7224578165,73.70000000000009
973,0.352862276684,-24.2379434049,-0.0359311295012,4.24758160222,73.70000000000009
974,0.149711695284,-21.4453228743,0.38717817817,1.20565578986,73.70000000000009
975,0.157147455984,-23.6899952878,5.49287852417,4.62677051,73.70000000000009
976,0.441457525917,-23.8880231522,-1.99499045647,2.25636169435,73.70000000000009
977,0.395408786377,-18.3513108386,14.8994019816,-7.86009318669,73.70000000000009
978,0.596254927995,-21.7079396522,-2.75693222589,-17.2259336405,73.70000000000009
979,0.309468396087,-17.8534763282,2.57588584938,6.46036937692,73.70000000000009
980,0.204359624804,16.6545491329,-47.1628977484,-13.4131587747,73.70000000000009
981,0.551045267243,8.98719975549,-18.4891504132,21.0585719903,73.70000000000009
982,0.887612418431,-11.5249436433,12.6428766936,-40.3817642299,73.70000000000009
983,0.159244375336,-25.3997259087,3.2883579781,6.46126287142,73.70000000000009
984,0.103966792076,-24.3261946244,-2.16096978904,1.30937106085,73.70000000000009
985,0.252630230456,-27.6180001259,-1.33689628014,-0.68461751884,73.70000000000009
986,1.56781503841,0.905401959039,14.9063560907,-8.68734854706,73.70000000000009
987,0.274523544981,-23.1381456705,-5.19896765039,5.5966458008,73.70000000000009
988,0.452580921472,-23.0959478236,-3.05205180232,-0.561114389472,73.70000000000009
989,0.647528351708,-22.779554708,0.0252612247657,3.68723072963,73.70000000000009
990,0.316370519439,-21.3422671106,-0.0897774743478,-0.0742402211313,73.70000000000009
991,0.164755598403,-28.7221361525,-5.19303703906,1.81587083172,73.70000000000009
992,0.125955030816,-22.5434032488,-1.01765411157,-0.394957934904,73.70000000000009
993,0.530311478473,-25.6004423846,-1.50076326418,0.535989737938,73.70000000000009
994,0.184502411576,-15.9110405056,-4.37051574668,-2.39879834998,73.70000000000009
995,0.195830978575,-24.7647061604,-1.28344728082,1.83940267893,73.70000000000009
996,0.102695225834,-22.7856953661,-1.02893434691,4.7958201093,73.70000000000009
997,0.25014459086,-27.0546528767,-1.57489953319,0.719235607774,73.70000000000009
998,0.605573041974,-25.8220013879,-24.0639401047,-4.42418525993,73.70000000000009
999,0.733178266447,-28.0668310565,6.78285577331,8.06604373219,73.70000000000009
