Star_ID,Mass (MSun),X (pc),Y (pc),Z (pc),Simulation Time (Myr)
0,0.168602132053,-8.14831728305,2.64975452386,-5.03263176142,43.70000000000035
1,0.156111133065,13.4067549627,105.443277814,-42.1187570153,43.70000000000035
2,0.648573721314,17.7915107377,-18.6051598684,-4.34128029257,43.70000000000035
3,0.224490334975,2.71840304904,2.14747199827,1.93257248253,43.70000000000035
4,1.09678141285,0.361507789096,1.29644443427,-1.74469150104,43.70000000000035
5,0.340210121566,51.2293469671,-14.857942816,-8.0813019308,43.70000000000035
6,0.306500571482,-8.16457131017,-20.9070726549,-11.8553526136,43.70000000000035
7,0.217869333792,3.00257900202,1.39393550177,-0.391689763332,43.70000000000035
8,0.189756067086,0.333141252907,1.47573723607,-1.37820489494,43.70000000000035
9,0.159639261123,7.73967323663,27.2721711413,28.6688473063,43.70000000000035
10,0.497542776288,2.70168122516,2.74113060767,5.30406325982,43.70000000000035
11,1.2003174392,0.424282001068,1.44643830255,-0.224046863656,43.70000000000035
12,0.124440825684,0.905084600196,1.84477958171,-1.55370549178,43.70000000000035
13,0.104069100609,19.6696934177,3.1657372959,24.1795670542,43.70000000000035
14,0.563499765453,0.360739748623,2.64958037475,0.427772076443,43.70000000000035
15,0.19617000415,-2.15702702608,2.37866385273,0.443716146157,43.70000000000035
16,0.53246475015,6.12938062684,5.88703244144,-1.27823221324,43.70000000000035
17,0.180065914893,-5.03375278728,-3.97655988228,-0.401897659118,43.70000000000035
18,0.383960584328,0.125725148905,1.66760014095,2.63253450368,43.70000000000035
19,0.480209921034,0.593649838439,1.61415147087,0.0776021922012,43.70000000000035
20,1.56186267006,2.70346117596,-0.562738651012,0.825720453471,43.70000000000035
21,0.143829159458,16.9860059234,1.25986154068,-4.75547604787,43.70000000000035
22,1.33133767868,3.05461988563,-3.32218926831,1.68911127246,43.70000000000035
23,0.364049572851,0.322076156252,1.19462422913,-0.560602420466,43.70000000000035
24,0.109106567523,1.68156820431,0.556787365465,-1.9911101845,43.70000000000035
25,0.456965555937,2.06024000719,0.96772146618,0.411475036828,43.70000000000035
26,0.310821514756,-0.142525707514,2.95878393171,-0.861374545339,43.70000000000035
27,0.115978799949,2.10790326765,1.48773848918,-2.33174396319,43.70000000000035
28,0.137965479226,-1.59129069177,1.88068816062,-1.77149881402,43.70000000000035
29,0.266130640705,1.10173013678,1.70340826716,-0.588147198221,43.70000000000035
30,0.140972418111,-1.42309829262,3.10076984496,-2.31085787675,43.70000000000035
31,0.417638951219,0.455979760953,1.47963686487,-0.00156308160309,43.70000000000035
32,0.445351712618,2.09888867414,-5.71033352585,16.1817936326,43.70000000000035
33,0.203016929093,1.68285661562,4.25109315988,-0.62646902454,43.70000000000035
34,0.274932529162,1.71694152314,3.00758911751,1.14878837555,43.70000000000035
35,0.623509372954,19.0078294496,9.56554367358,-1.02113676499,43.70000000000035
36,0.102987593605,2.79973822628,2.15655964024,1.04849422231,43.70000000000035
37,0.786982970324,0.874495223513,1.63111618172,0.183325077128,43.70000000000035
38,0.151569067411,1.41517037824,1.91946775612,-1.04348006929,43.70000000000035
39,0.24913553413,1.65612505183,2.5392081993,0.750796870069,43.70000000000035
40,1.73703195733,31.2985863661,-2.02607334545,-5.64948398408,43.70000000000035
41,0.393228266746,1.77204385805,0.777020711319,-0.638511818493,43.70000000000035
42,0.99026410156,-2.69956359011,1.76890009911,2.51781929619,43.70000000000035
43,0.427438561344,-1.27525618617,1.90953263768,0.25459982085,43.70000000000035
44,0.37844173363,1.22847755334,-5.91780295666,-4.39295758709,43.70000000000035
45,0.580755494505,1.26074481643,1.82521975384,-0.0627348196085,43.70000000000035
46,0.11851182286,-41.0682228125,14.3341571585,-16.4237592943,43.70000000000035
47,2.31799412165,-3.57802717513,3.96673943585,1.46205125405,43.70000000000035
48,0.254504640981,2.20113025568,3.55726508067,-0.0600714291822,43.70000000000035
49,0.129121889717,12.2609477892,-11.3130624914,36.7218366983,43.70000000000035
50,0.271989554446,0.688152116388,4.02056317653,-0.685835599771,43.70000000000035
51,0.270042556353,6.77937282983,5.5930429,-0.488856452348,43.70000000000035
52,0.109047056298,0.589475842902,1.24784881229,-0.451025207164,43.70000000000035
53,0.472860608596,3.64149698191,-1.53661201984,5.68426521829,43.70000000000035
54,0.297236870568,0.228884674316,0.757287498494,-0.680451197557,43.70000000000035
55,0.110595218422,-0.792204292427,2.85165558926,0.210746853309,43.70000000000035
56,0.511691242636,1.68497198846,-2.18417262702,-6.26660584803,43.70000000000035
57,0.256298975574,-0.0543534036332,1.54763185106,-0.184526524554,43.70000000000035
58,0.275068905054,2.14188404924,-0.198698435529,-1.42241308046,43.70000000000035
59,0.658712727873,-1.61392925306,3.46935247506,-0.618424439744,43.70000000000035
60,0.105321193864,-0.634222530684,1.74652863611,-0.312516976237,43.70000000000035
61,0.111425510821,0.613483460712,0.759648268854,1.38618903986,43.70000000000035
62,0.14308094492,1.68440388959,0.425197807623,-0.789617472731,43.70000000000035
63,0.220823159898,4.73565710134,1.03595832699,-0.753061192957,43.70000000000035
64,0.332729008651,-0.265835589309,3.3202905792,-1.04289183144,43.70000000000035
65,0.293629607209,2.68483442022,0.673044239909,-0.865004953224,43.70000000000035
66,0.146183580257,-1.80880217443,2.10055354262,-0.161912451637,43.70000000000035
67,0.209387949375,0.865025948087,1.57399589089,0.323220320749,43.70000000000035
68,0.257008748164,0.474219710684,2.7122143429,1.52738111645,43.70000000000035
69,0.284687202183,4.71362698113,9.48975271981,-3.67832114671,43.70000000000035
70,0.505146837868,-0.895250426197,2.04639405306,1.76829854909,43.70000000000035
71,0.237857727804,4.40127122749,1.73420312007,0.485441069669,43.70000000000035
72,0.383646239848,0.502225995556,1.39378721703,-0.306634499198,43.70000000000035
73,0.309033163266,1.30279863251,1.12172675911,-0.302478590223,43.70000000000035
74,0.137021034841,3.31221654111,-5.57163117555,4.31331800625,43.70000000000035
75,0.434706836562,1.01280806062,0.383920899986,0.753451321235,43.70000000000035
76,0.26852877609,8.92091324299,11.2375797442,-18.829894333,43.70000000000035
77,0.681054919995,9.70498304434,-4.1805633968,-5.48072899902,43.70000000000035
78,0.127857355037,-4.35344285224,1.3940573604,2.06088364083,43.70000000000035
79,0.229286723246,1.81813689284,1.46866496768,0.504421789871,43.70000000000035
80,0.249295786869,-1.06942406575,0.444078286364,-1.28895399426,43.70000000000035
81,0.125074505078,12.3059252184,29.251900562,3.09881582847,43.70000000000035
82,0.433142266099,0.00193702191866,1.03365625767,-0.608601909413,43.70000000000035
83,0.134207577619,5.30773098655,11.5393730808,1.33331058351,43.70000000000035
84,0.437389138348,-8.7557829626,2.23983838744,3.98291062172,43.70000000000035
85,0.177552314221,9.20289313863,47.6123793815,27.7838196745,43.70000000000035
86,0.179350257043,1.88305330172,-1.58786851511,-1.44373162346,43.70000000000035
87,0.530015832934,0.412044715568,1.60643872298,-0.561248992114,43.70000000000035
88,0.177539354484,2.17896393515,2.33710969933,-0.577567263792,43.70000000000035
89,0.360951980146,7.27398805652,4.48984401667,2.30310880849,43.70000000000035
90,0.104256708891,4.49277132088,-48.549100538,19.0986634489,43.70000000000035
91,0.527710020159,0.293146171104,0.592858334639,0.224882689953,43.70000000000035
92,0.724331486924,2.3584429438,3.56560733969,0.205160170734,43.70000000000035
93,0.553943878725,2.43975164996,0.894090140741,0.0837601498608,43.70000000000035
94,0.530243557596,14.0116835461,-14.0880013133,24.518444733,43.70000000000035
95,0.111471572958,9.12583289649,21.2809022827,3.19081486767,43.70000000000035
96,0.114845067911,13.9113400295,-37.7796994816,23.1248557546,43.70000000000035
97,0.565505352104,6.49895303979,-1.16522941908,-1.78196105825,43.70000000000035
98,0.101144401133,1.38624079673,1.98500779682,0.615570917631,43.70000000000035
99,0.304133349365,0.883845757331,1.42959950806,-2.97358561179,43.70000000000035
100,0.140467460958,3.04719867446,1.27903410052,-0.116540459473,43.70000000000035
101,0.873880548632,1.27105151561,0.977940762596,4.52006919814,43.70000000000035
102,0.168813791261,2.88059133913,1.86213717344,-0.876796631507,43.70000000000035
103,0.425735289795,2.66990403576,2.78514493875,-1.12859491715,43.70000000000035
104,0.330503151313,-14.931813233,23.3090900501,15.7433680003,43.70000000000035
105,0.773929695542,24.1066230229,26.5265596633,12.7683109173,43.70000000000035
106,0.122760023436,1.24782675866,1.3556010183,-0.406421752615,43.70000000000035
107,0.24794711027,1.48669256493,2.76526279597,2.87018713715,43.70000000000035
108,0.178915183334,-1.19248745951,3.99612774075,-4.49584515329,43.70000000000035
109,0.138388516872,1.94269437506,3.00873121724,-1.79433925135,43.70000000000035
110,0.373004962669,-16.3046765617,-20.8481920134,-5.42600735277,43.70000000000035
111,0.714786663335,-0.656034382508,1.38165821997,0.248776188917,43.70000000000035
112,0.481424498905,-3.64441005644,2.52987499904,-2.3095924863,43.70000000000035
113,1.23581015765,10.0836572063,11.8247406314,1.23098291634,43.70000000000035
114,0.288102671627,-5.25990720265,-2.73405454133,4.399094524,43.70000000000035
115,0.162934324701,1.93049149863,1.12706399711,0.536877997421,43.70000000000035
116,0.109500758888,-2.37266234332,1.3469986953,-0.941537444615,43.70000000000035
117,0.174546727184,-0.311873864399,0.863306764017,0.25910916872,43.70000000000035
118,0.444609005835,2.16198809663,0.977519492457,-0.492553318221,43.70000000000035
119,1.3476657787,0.754820111162,2.53052428328,-0.568152149849,43.70000000000035
120,0.183079880731,1.87234731803,2.81663389627,-0.2883965513,43.70000000000035
121,0.168623855744,2.22565852744,3.41232915442,-0.830276655238,43.70000000000035
122,0.877314808533,-7.24344108522,-1.91359363557,-2.68120474035,43.70000000000035
123,0.15923873577,-3.21622389773,-4.44129839111,-1.66900747722,43.70000000000035
124,0.180437706542,-3.86777611164,5.63686886246,-0.761941032428,43.70000000000035
125,0.532035646825,73.204296245,110.654624995,46.2995558643,43.70000000000035
126,0.148322662169,2.91721742957,2.0911573733,-1.12572933878,43.70000000000035
127,0.239667193905,-28.7213847167,-11.6211722012,22.7935400316,43.70000000000035
128,0.112473585168,1.44263456156,1.60422294287,-0.801464437428,43.70000000000035
129,1.01999101078,-0.833058779863,1.34714846184,0.0600330786468,43.70000000000035
130,0.84485372913,2.04710629457,3.81984130901,-1.33889306125,43.70000000000035
131,0.245295061017,0.990034124726,3.13868183325,0.010318410378,43.70000000000035
132,0.336274197226,-17.5304363616,-0.605027490608,-2.45477252691,43.70000000000035
133,0.115102208584,-3.77039217265,-4.67823523843,-2.2158014154,43.70000000000035
134,0.324752318419,0.632169469533,4.99943350696,-0.780531560062,43.70000000000035
135,1.62004882702,3.47422694246,1.53698606442,-2.08416589788,43.70000000000035
136,0.114531283229,3.31325283969,-1.39731218457,-4.03501727843,43.70000000000035
137,0.155044424281,3.82681903271,-0.398759049762,0.448222764612,43.70000000000035
138,0.220147404161,1.89808150975,1.90800640311,-0.0658834449547,43.70000000000035
139,0.104122643238,-0.554217081567,1.22929925623,0.836109317573,43.70000000000035
140,0.11918381008,29.4229711211,-12.8291943426,-10.310869965,43.70000000000035
141,0.184315905629,3.76336910837,3.73287229803,1.73240452217,43.70000000000035
142,0.201239760889,6.79326167546,5.65754641926,7.2642148487,43.70000000000035
143,0.205568144225,1.16671130162,1.0006931932,-0.328661604057,43.70000000000035
144,0.108839303342,27.4638551129,-19.1660622848,-8.60829844237,43.70000000000035
145,0.405670339231,1.65967859842,1.66522239048,-1.37049435366,43.70000000000035
146,0.428009994308,-3.94384101975,-5.25845856345,-3.18710123253,43.70000000000035
147,0.276327451945,-1.48692442516,8.88708666758,-0.941632601167,43.70000000000035
148,0.428472462754,1.27567868503,1.4994804787,-2.13642047746,43.70000000000035
149,0.378015608174,0.0669730962936,2.37349252934,-0.400392094468,43.70000000000035
150,0.159009069989,-3.08329365339,0.645128574833,-0.443525758337,43.70000000000035
151,0.201478320925,5.03251281722,-0.149597699552,-3.47193908482,43.70000000000035
152,0.40000851306,1.66903776143,0.556461003674,-0.754128017544,43.70000000000035
153,0.122954667369,1.6926015528,1.18114395716,0.114498890831,43.70000000000035
154,0.141133980932,10.2578781814,23.7625062624,-20.2543453001,43.70000000000035
155,0.179668564229,-5.23967697,-3.92433979529,-0.165038283498,43.70000000000035
156,0.180552069365,1.41317382189,2.62683665549,-0.321857517381,43.70000000000035
157,0.363155766235,5.18208142671,3.11190710342,-5.77133568069,43.70000000000035
158,1.01641090511,3.03809181456,1.4426227628,-0.249010260297,43.70000000000035
159,0.692921053777,0.878606794361,-0.145235844333,0.442880303549,43.70000000000035
160,0.173548817765,-1.0863089358,0.721335366406,2.10625670569,43.70000000000035
161,1.96909675726,2.47612205638,4.24262313736,3.56733536754,43.70000000000035
162,0.143872595108,2.24858261155,-3.91974702178,-8.85071098135,43.70000000000035
163,0.146300015216,28.5646643638,43.3766934503,26.3442454848,43.70000000000035
164,1.89856284446,0.830261468614,2.2575765164,-0.754263524959,43.70000000000035
165,0.428133469826,5.30683631579,0.944000731792,-2.24250531909,43.70000000000035
166,0.142627064739,-74.9695166682,-32.0973247637,16.6607821582,43.70000000000035
167,0.366968190453,-2.53856364441,-3.15560777118,3.68153907419,43.70000000000035
168,0.154009150547,0.399425089481,-0.590971232857,-2.92982111727,43.70000000000035
169,0.170290128803,0.77635430648,-0.296494272802,-2.59208773114,43.70000000000035
170,0.553666169039,0.481956120216,1.76650347433,-2.68855635015,43.70000000000035
171,0.558284870382,0.6833506844,3.07765077961,0.528393393483,43.70000000000035
172,0.307962344114,26.5181031047,13.7300780188,7.22204324987,43.70000000000035
173,17.3914965271,-0.526816155449,0.605332849881,-1.85160655014,43.70000000000035
174,0.316373752761,-26.3190075225,-8.99597250654,-45.0485962279,43.70000000000035
175,2.13050534497,2.570270272,-0.634796308451,0.377376235416,43.70000000000035
176,1.11012111656,19.9881697479,23.4239628849,16.602362454,43.70000000000035
177,0.145913802083,0.168259590708,0.863993017881,-1.61411880769,43.70000000000035
178,0.248669681456,2.01669083778,-0.344025266806,2.11846452479,43.70000000000035
179,0.42086269135,2.14202335489,1.17586027498,-4.27754877572,43.70000000000035
180,0.126183202612,31.1426245752,-0.00160379398228,-5.16385419822,43.70000000000035
181,0.181884225612,11.6594596078,-11.2590229424,3.31134247313,43.70000000000035
182,0.413358186676,-5.23000407749,0.575834875109,8.74198606597,43.70000000000035
183,0.129745776054,-0.411044091039,3.78111525391,0.155455462626,43.70000000000035
184,0.313572140351,-0.385643978661,1.84592699313,-0.714669191253,43.70000000000035
185,0.107296095423,6.55420347555,-2.09087031545,0.68804069419,43.70000000000035
186,0.107415858733,2.04324092903,2.00082927034,-3.03089041221,43.70000000000035
187,0.702648784337,-2.74123972843,-1.17077296082,-1.28032841768,43.70000000000035
188,0.266303809112,-3.55215833753,3.33072093541,1.03444512299,43.70000000000035
189,0.121150320964,-13.6822314204,7.98835099113,-20.0636064797,43.70000000000035
190,0.142473998377,0.911084670178,1.12810104934,-1.49793064437,43.70000000000035
191,1.40890587258,1.65707253165,0.524397136192,-0.410705276273,43.70000000000035
192,0.468470665347,0.859534721004,0.822153670702,-0.408440121159,43.70000000000035
193,0.109052083365,-2.46438836973,6.44317314169,13.8664747258,43.70000000000035
194,0.360929342557,1.66059911905,2.82533532855,0.0457805925371,43.70000000000035
195,0.230223608785,0.913074870992,4.67717020447,-0.565829135053,43.70000000000035
196,0.143559774666,2.56174482593,1.08127999316,-0.739682871234,43.70000000000035
197,0.181465927287,-0.681061629725,-2.13317319824,-0.803325518232,43.70000000000035
198,1.01230353815,21.6244232143,-9.01308270974,-2.43626160805,43.70000000000035
199,1.62571339079,1.29504174652,2.15642712017,-0.44955175182,43.70000000000035
200,1.04227600313,-0.916992568483,0.204015009051,0.535883726174,43.70000000000035
201,0.137728507759,-0.608864920915,0.202213160024,-0.207369979225,43.70000000000035
202,0.116545978239,0.0556059514229,1.9739619422,-4.67123496808,43.70000000000035
203,0.114369255907,0.176838393126,1.65542005335,1.16003072758,43.70000000000035
204,0.370486545302,18.1406750522,0.0149655569122,-8.09210941032,43.70000000000035
205,0.265276900472,-7.64716958003,0.490843548687,-0.593757919527,43.70000000000035
206,0.602037393326,2.54470690812,1.98961944663,0.465915059625,43.70000000000035
207,0.336034742389,-14.1271988923,14.5545461535,16.7786425503,43.70000000000035
208,0.234658724253,-1.82144349155,5.67975250478,-4.28856072519,43.70000000000035
209,0.103627111031,-0.00333772069639,0.804047739934,-0.959953242546,43.70000000000035
210,0.41993445441,2.11920700549,4.52864279716,0.712740408151,43.70000000000035
211,0.104482856647,2.40725406447,3.74254237643,0.36331018141,43.70000000000035
212,0.141789322414,2.77530179132,0.561684385226,0.540834702273,43.70000000000035
213,0.129967378378,2.81689042728,2.24865648361,-1.10320565132,43.70000000000035
214,0.942984356212,3.15259170233,0.608279947343,0.889458678924,43.70000000000035
215,0.667463229974,-0.904862271972,2.11087049333,1.04771210679,43.70000000000035
216,0.104884707518,1.77964340558,0.368563379135,-0.41136653713,43.70000000000035
217,0.471630111741,2.53785109683,2.15987394182,-0.111436285618,43.70000000000035
218,0.164254477718,4.21112949269,-3.05702360296,-3.77865643869,43.70000000000035
219,0.155523221665,0.622716538766,4.02149081335,-1.09672956093,43.70000000000035
220,0.151484975882,2.13457983844,4.28377014582,0.476457858357,43.70000000000035
221,0.125842504319,1.14891151655,-1.98986404061,2.16352544594,43.70000000000035
222,0.141973037216,-1.32635287685,-1.461855202,-4.68982380725,43.70000000000035
223,0.165720472021,1.78258628626,1.88925767684,-1.67510062874,43.70000000000035
224,0.283069838995,2.6539879555,1.06978429458,0.279494297664,43.70000000000035
225,0.239788266099,0.081622384947,1.36490329674,-2.13310444054,43.70000000000035
226,3.50203340464,2.73379751072,-12.6026554608,13.9474878316,43.70000000000035
227,0.459474289435,-0.55896577705,2.0389103848,-0.927307560824,43.70000000000035
228,0.351484084683,1.3197236982,-0.14417021336,-0.885109181301,43.70000000000035
229,0.207912874872,1.44934333503,2.10054024434,-2.87107293747,43.70000000000035
230,0.250360366605,9.32182713905,-4.81933484118,1.44317910877,43.70000000000035
231,0.482982761647,0.737301165343,1.51140948968,-2.93480049645,43.70000000000035
232,0.121231916532,-0.0171184264717,0.318365386152,-2.82929594002,43.70000000000035
233,0.199181102591,6.08611046727,8.68857969847,-0.296364906776,43.70000000000035
234,0.123375499474,1.91338889501,7.86595418394,2.44228634775,43.70000000000035
235,0.29795048395,-0.44797196366,2.37761594449,3.78371958549,43.70000000000035
236,0.195609891576,1.1363802426,2.35944466872,-1.87380589154,43.70000000000035
237,0.288826339083,-1.84188164073,-7.9271550461,64.8510865778,43.70000000000035
238,0.799376661158,4.35526998078,0.905080185302,-2.69007062821,43.70000000000035
239,0.114552425114,5.11699094514,1.19226237712,0.140329188584,43.70000000000035
240,1.16543395803,2.20422442394,1.30281298316,-1.3508653116,43.70000000000035
241,0.133508516469,2.87877184956,4.91242096526,2.16479842334,43.70000000000035
242,0.979847345269,2.54308596851,2.72121571501,-1.16853670927,43.70000000000035
243,0.118618999647,0.990217225503,1.82073077836,-0.724206317767,43.70000000000035
244,0.15676216044,-41.8619858085,-12.004456516,15.027462538,43.70000000000035
245,0.332846200104,1.84726957628,4.2627603626,-2.74183854932,43.70000000000035
246,1.55718457326,3.99211003347,-2.00218317408,-3.92038784939,43.70000000000035
247,0.125359444739,1.30536203121,1.32618086898,-1.04599496282,43.70000000000035
248,0.189880045352,0.792589980707,1.17405801005,-1.6834552942,43.70000000000035
249,0.391215541244,27.5966353987,-10.3509825027,5.07735535582,43.70000000000035
250,0.106828034515,-2.17247275159,4.07345708172,-1.23080056029,43.70000000000035
251,0.218580652952,-6.94827250527,4.73536297868,5.27881578661,43.70000000000035
252,0.954688866773,0.358245892351,2.65556510299,3.486971427,43.70000000000035
253,0.421757435114,-6.45207040423,0.890646718013,3.33071338157,43.70000000000035
254,0.196133240622,0.145658344242,1.42141974889,-0.894979671764,43.70000000000035
255,0.24652245302,2.32776201576,0.278518025284,1.62639210853,43.70000000000035
256,0.595027198145,0.413596454631,0.502460152213,-1.87423132332,43.70000000000035
257,1.20862000432,2.86878204524,1.71608010568,-3.94391777135,43.70000000000035
258,0.523563502407,2.76629855853,0.695483917795,1.29786293187,43.70000000000035
259,0.103518519327,5.54368589363,-2.02520168222,8.48174105478,43.70000000000035
260,0.122445558914,35.4371271824,29.1523152428,2.55453505969,43.70000000000035
261,0.340318369833,-21.7519033397,-15.0287079298,-9.73347754785,43.70000000000035
262,0.478601976485,-1.27070364061,3.89656289509,0.471977908851,43.70000000000035
263,0.445775444982,1.6419990918,1.9431537403,-0.994934459948,43.70000000000035
264,0.424665371488,4.11833165142,15.4903769814,18.3089972039,43.70000000000035
265,0.11723424091,18.015626688,-51.4682197997,9.20989851132,43.70000000000035
266,0.298267962632,1.28847203776,0.92276135475,-0.380739743291,43.70000000000035
267,0.445617424455,-8.43900157185,-10.8658694245,-4.90364209435,43.70000000000035
268,0.217864682897,2.77404854941,2.00318328173,1.51284181592,43.70000000000035
269,0.658886545501,12.6028367732,-5.486245615,-7.57535260427,43.70000000000035
270,0.136224908482,0.1928170044,3.09222600286,3.30614723134,43.70000000000035
271,0.642757546616,7.65163018602,6.38992935443,8.68716580146,43.70000000000035
272,0.156613746292,1.3126864494,0.804572396224,2.04124677086,43.70000000000035
273,0.273342914955,-0.777115729154,2.25187279918,1.96282367801,43.70000000000035
274,0.926296316528,19.7945829456,4.04763125117,6.05907934045,43.70000000000035
275,0.110569435468,1.93306703098,3.12767154232,-0.485025568837,43.70000000000035
276,0.362608979709,2.31170499785,1.28197660629,-1.2217640572,43.70000000000035
277,0.19276897936,-0.839249125764,1.03438052233,0.490775798093,43.70000000000035
278,0.149499809431,-10.4784593596,22.1458887278,-7.19012637448,43.70000000000035
279,0.736833651202,-0.863967695493,2.3629079667,-0.486295563159,43.70000000000035
280,1.59314568442,2.76535537226,-7.17985156862,3.88880443942,43.70000000000035
281,0.113837340052,0.190012927897,0.677392193229,0.715523203552,43.70000000000035
282,0.157314975654,1.69606847876,2.03719540097,-0.554670887471,43.70000000000035
283,0.148353760823,1.32181278652,7.96377102748,-0.839155958805,43.70000000000035
284,5.33904750417,1.45998170525,1.28150661486,-0.0406284934356,43.70000000000035
285,0.106916329102,0.0493402272237,5.3292798441,2.19170930005,43.70000000000035
286,0.277329511578,0.830736528696,1.92398616548,0.312285961689,43.70000000000035
287,0.1069457476,-4.05817045831,0.593504280674,0.0158118240854,43.70000000000035
288,3.04704409607,1.23731866899,1.18263461943,-0.482421384096,43.70000000000035
289,0.168321772702,0.686346068335,7.9829979336,-1.20892663268,43.70000000000035
290,0.402322737119,9.26037980498,-2.52419475118,-0.597753156119,43.70000000000035
291,0.911395619951,4.47603352052,-1.0592320697,-5.07959397636,43.70000000000035
292,0.124760290767,-4.02501511926,-27.3016543738,-16.0652246328,43.70000000000035
293,0.126243610983,-8.93933480431,-13.1018102663,-12.9114477839,43.70000000000035
294,0.125366535075,2.97172645821,8.20912135895,0.901795659845,43.70000000000035
295,0.151569753085,-25.2919694528,16.2130516608,-14.1607990712,43.70000000000035
296,0.143404946553,15.3991190836,12.3607605563,-9.89407750118,43.70000000000035
297,2.00202932061,2.17978200709,3.00037008056,-0.260666401217,43.70000000000035
298,0.206818686706,1.11493295191,1.16981101978,-0.56191243592,43.70000000000035
299,0.134298328159,0.471005410512,2.72010922611,0.524043559993,43.70000000000035
300,0.12038982614,6.68183638302,6.40451925214,-1.7482637758,43.70000000000035
301,0.368637490954,1.09810663696,2.0154639112,0.298895968166,43.70000000000035
302,0.183542855679,-1.06241121382,4.28723710291,13.3728358501,43.70000000000035
303,0.135618442559,24.9345436572,5.67094132231,-7.21740980897,43.70000000000035
304,0.125029677108,-3.36167098024,-7.8027519697,-5.98965236819,43.70000000000035
305,0.428195575917,-5.1171520603,2.47349694883,-0.24256783161,43.70000000000035
306,0.362017783725,-0.941798848515,1.54225569195,-1.49436644658,43.70000000000035
307,0.106080072545,-3.01060942565,0.358873170102,0.957668421629,43.70000000000035
308,1.91544607018,12.923162709,4.5294882601,2.72360985076,43.70000000000035
309,0.499537479578,43.9105602792,14.0984956265,-6.04015955589,43.70000000000035
310,0.4511536986,-5.93284633505,7.44143873111,1.75924013108,43.70000000000035
311,0.181721257092,0.613764898698,3.56827097248,-3.58173556583,43.70000000000035
312,0.254795164542,-0.590994284504,2.26810585795,-2.46681507355,43.70000000000035
313,0.282502714647,3.86886763114,2.45267576492,-0.320363529069,43.70000000000035
314,0.651060002821,1.17601476454,2.06156200391,-1.34425275161,43.70000000000035
315,0.200713735887,-0.621265995987,18.4547080369,12.6595663188,43.70000000000035
316,0.134333616799,-10.0498154925,30.7605240673,2.33813117583,43.70000000000035
317,0.169890945117,1.26813953655,1.644414339,-0.577757926147,43.70000000000035
318,0.372808498267,5.34049521378,0.891342604618,2.0750277872,43.70000000000035
319,2.48400349103,-1.39630351779,8.29496797077,-2.44063222251,43.70000000000035
320,0.324370445389,0.0479039688889,0.887021146109,-0.921017117607,43.70000000000035
321,0.170801941384,-4.21583624895,-1.78895773357,1.74053837465,43.70000000000035
322,0.353449595342,1.0239105822,2.03574883523,-1.16232392729,43.70000000000035
323,0.155984829524,9.89681967618,-13.9833844354,16.0894550918,43.70000000000035
324,0.269431433088,0.877594898659,2.25954019259,-0.172518107335,43.70000000000035
325,0.741985495949,2.11347294809,2.45765839433,-0.601252377743,43.70000000000035
326,7.0801581034,29.4005218985,-11.6309540321,-2.89229629838,43.70000000000035
327,0.566786019609,0.947460805506,3.68429557372,-2.05228474542,43.70000000000035
328,0.385180867128,-19.2403295652,12.2010238564,12.881687194,43.70000000000035
329,0.322247577826,-2.98742737006,2.20154943207,-0.427625049627,43.70000000000035
330,0.105358467358,10.1762481011,-26.1050746184,-24.5653150962,43.70000000000035
331,0.127051689884,1.72956874788,0.948588074624,-1.06686433919,43.70000000000035
332,0.77986627878,0.528301606505,2.12602241166,-0.586157969265,43.70000000000035
333,0.154310536982,5.25131327623,7.45074712676,2.62980314294,43.70000000000035
334,0.381268911067,12.3748706212,2.96235749647,-3.70572920297,43.70000000000035
335,0.153400938332,0.639060199028,4.82215432943,-1.4710630367,43.70000000000035
336,0.790041222547,0.699981644132,4.1623290618,-1.90123745464,43.70000000000035
337,0.274327255237,0.536218935551,0.261069870417,-1.06120902479,43.70000000000035
338,0.927696972112,-0.674209348771,0.965212860155,1.94604665628,43.70000000000035
339,0.433814556968,55.1362145725,-8.6574929382,-11.9107231151,43.70000000000035
340,0.25880629882,0.918209387489,5.60612170669,0.0536562875222,43.70000000000035
341,0.1702857538,-0.606462366719,2.55631307872,3.30534258101,43.70000000000035
342,0.294874518526,18.6098921593,-1.72769457173,-14.9740857914,43.70000000000035
343,0.101930694135,2.19361406385,-0.544658947845,-6.77970527836,43.70000000000035
344,0.752149369304,0.589655109674,2.09715651833,-1.48028004982,43.70000000000035
345,0.158911872718,-0.305659648632,0.548172649891,-2.6839655192,43.70000000000035
346,0.161079346557,-38.6612791804,-18.2164989923,38.5687953373,43.70000000000035
347,0.139220205264,-19.4681761064,-19.2459115614,11.9659590312,43.70000000000035
348,0.307865087144,-0.536365730571,0.597210942327,1.60642310721,43.70000000000035
349,0.300745798834,1.40341732058,0.76076136877,1.33511907733,43.70000000000035
350,0.155394402299,1.08079379257,0.787951790826,0.0156808334915,43.70000000000035
351,1.3303603833,1.08051944964,1.5838079118,-0.0857720691358,43.70000000000035
352,0.635836775105,2.92955850323,0.174201928203,-2.05497171789,43.70000000000035
353,0.531218231349,0.71765189855,0.161780874416,-0.321353806954,43.70000000000035
354,0.430411830735,-2.40751483862,2.25016185284,1.14738503105,43.70000000000035
355,0.992231652286,-0.212067827147,1.13977178159,-0.500128377266,43.70000000000035
356,1.08802435172,5.85556698896,-37.688358045,0.158882128309,43.70000000000035
357,0.256359447773,-0.177217657151,-10.4666236439,0.853192614318,43.70000000000035
358,0.199206878496,2.0368382,2.06998360378,-3.80677449899,43.70000000000035
359,0.26692629192,1.34331921966,-0.280944159974,0.0222837452939,43.70000000000035
360,0.111735945319,2.34523255103,3.25873090089,-0.46534764022,43.70000000000035
361,0.34949924895,0.529358055185,1.21943267143,-0.920361507397,43.70000000000035
362,0.354674824607,-13.2065995397,21.5894144289,-4.81729040601,43.70000000000035
363,0.22363541907,0.0396558995225,1.15758726418,-2.53862020807,43.70000000000035
364,0.143709776307,2.27706003115,-0.722263664963,-0.193287752866,43.70000000000035
365,0.217325644181,6.97827623184,5.38877764537,-9.20598268195,43.70000000000035
366,0.389936801681,-0.329116059024,1.04500038302,0.284757875362,43.70000000000035
367,0.14168356386,0.566341305878,0.499855246005,-0.30974603517,43.70000000000035
368,0.29268920697,1.72381295672,1.7095624497,-0.274708475654,43.70000000000035
369,0.155836693332,2.79169397571,3.38757593058,3.00178282525,43.70000000000035
370,0.333004802103,1.0950081361,3.46979247567,-1.49945659583,43.70000000000035
371,0.334152218297,2.49311371932,1.19043977828,-0.000204462335624,43.70000000000035
372,0.480217115901,-0.132457029802,10.3992581081,-4.99117889105,43.70000000000035
373,0.610106274892,84.2131637827,-39.7745558693,-53.4426738974,43.70000000000035
374,0.142390763574,2.41677957532,0.764919105434,-0.500968300959,43.70000000000035
375,0.411455606947,14.1257224148,4.31853971057,-6.24684443701,43.70000000000035
376,0.470860301857,-2.67348801897,1.11234321406,0.136922899616,43.70000000000035
377,0.404780827135,40.5861945049,23.0967406319,-3.47407883388,43.70000000000035
378,0.260254607929,-0.992600808902,2.24909723512,1.30169187711,43.70000000000035
379,0.111966342261,29.9880987091,-9.16108056625,-11.6943468798,43.70000000000035
380,0.304355362985,5.59224541865,-3.48890996993,1.0697931411,43.70000000000035
381,0.608732125468,0.803590070295,1.55235883731,-0.691107855278,43.70000000000035
382,0.157160566546,2.96195233152,-0.338758572026,1.66349229476,43.70000000000035
383,1.54589345983,0.65304118515,0.912809544365,-0.842384902638,43.70000000000035
384,1.66894485271,1.51658882051,1.18321059874,-0.888002022866,43.70000000000035
385,0.266866437303,14.4705071462,-19.4564651882,16.1471262181,43.70000000000035
386,1.34426011737,-0.441999258019,6.17844040578,2.40011892923,43.70000000000035
387,0.227590136564,3.95090176425,3.29367206839,0.32057210274,43.70000000000035
388,0.195764108486,0.19002027331,1.16317306731,-0.71164357043,43.70000000000035
389,0.287921441603,-0.58723023292,1.61259327414,-1.56420541757,43.70000000000035
390,0.223505056683,-19.8797360678,-50.3538438308,-61.569452448,43.70000000000035
391,0.131677360556,-0.503350528047,1.72467672003,-3.2527635836,43.70000000000035
392,0.328784843763,1.69890046023,1.53601637,-3.98681082043,43.70000000000035
393,0.114695307984,-4.30528501928,2.97133193443,2.61484671124,43.70000000000035
394,4.00599072515,0.925062801101,2.14512495346,0.0274293906466,43.70000000000035
395,2.10295523498,0.768840593024,0.905100884217,1.38072901236,43.70000000000035
396,2.25755567031,-2.61931108746,-1.81705814218,4.36513751633,43.70000000000035
397,0.352337448079,1.80795501479,1.48623987785,-0.917320302604,43.70000000000035
398,0.143793451161,0.825543232255,3.32368976692,2.07311976872,43.70000000000035
399,0.358801461595,4.09803644061,-20.3137930195,21.6344838797,43.70000000000035
400,0.842066115305,-2.38058622404,0.698324078796,-13.6908667094,43.70000000000035
401,0.100066116144,1.54221157777,0.458694448134,-0.536502521457,43.70000000000035
402,1.23629039834,2.52383927453,-7.92128514553,21.7746474255,43.70000000000035
403,0.213520735312,30.7954687692,11.2915923789,-6.81209201903,43.70000000000035
404,0.744921924173,1.85183932132,1.79398859931,2.34074149146,43.70000000000035
405,0.439715837118,-2.74950019927,-12.3267400974,-12.5877393905,43.70000000000035
406,0.140796484026,0.737122949022,0.0289518309551,1.02119208167,43.70000000000035
407,0.514139520373,0.97519482722,1.25166123697,-0.405410239538,43.70000000000035
408,0.138520595413,7.0789957231,18.4784653881,-22.8280471328,43.70000000000035
409,0.658795335175,1.27377380034,1.69893023934,-0.218752828776,43.70000000000035
410,0.997970616584,2.11901607331,0.649979809102,1.43786165788,43.70000000000035
411,1.38982230814,5.24683786463,0.111134919286,-0.307375251308,43.70000000000035
412,3.27937299667,1.37608586763,-13.9628769156,15.8742795459,43.70000000000035
413,3.73433768168,31.7030756827,11.3739247473,-0.998930041889,43.70000000000035
414,0.28468767413,15.4943909983,-19.6355509361,-6.76502945887,43.70000000000035
415,0.205272459886,0.0802691148132,2.46416718234,-1.15216446991,43.70000000000035
416,0.167714548025,1.42336515377,2.31019192809,-0.0269555351592,43.70000000000035
417,0.25323551623,1.73896232987,1.03206573849,-0.564553075572,43.70000000000035
418,0.332471237711,2.44223751448,4.09996335368,-2.38030098736,43.70000000000035
419,0.345099705118,0.894127181598,4.68845895407,1.46696853072,43.70000000000035
420,0.592548698804,0.566892829958,1.13017355649,-0.250859001554,43.70000000000035
421,0.515704933461,23.176969319,-53.9150326042,9.41481252263,43.70000000000035
422,0.114486672998,-36.7985378111,23.9473691135,5.35641596437,43.70000000000035
423,0.108821144329,0.956336288556,0.930025850285,-4.9778591597,43.70000000000035
424,0.422786187202,17.5753620611,-3.32254337592,8.98987321552,43.70000000000035
425,0.251912493274,-25.556888741,19.5387386856,1.29956343733,43.70000000000035
426,0.293369331697,0.995755714464,-1.46857592156,1.20715531978,43.70000000000035
427,0.11625463835,-0.182915760515,0.983219926677,2.75546807683,43.70000000000035
428,0.247252350429,-10.4964876683,0.521897913201,1.57090314487,43.70000000000035
429,0.122937323612,-5.45736593659,-2.28708936982,8.4026204949,43.70000000000035
430,0.311036620555,-0.346114898553,1.04525385747,1.03465434073,43.70000000000035
431,0.169627237613,4.93522276267,-1.97789943673,2.03210364617,43.70000000000035
432,0.526053002607,4.85435279114,8.14533955367,0.988867135437,43.70000000000035
433,0.122704973106,-0.0710556767947,3.37781296611,-0.660772031593,43.70000000000035
434,0.364465586355,0.916287463248,1.7327875672,-0.247096022148,43.70000000000035
435,3.35275493194,-2.47361928636,8.41876044289,-1.24078456525,43.70000000000035
436,0.442353379132,0.00756406060295,0.632046364421,-1.69573916699,43.70000000000035
437,0.134580338132,0.678933073694,3.61948402249,1.24926701806,43.70000000000035
438,0.14489857278,-2.64039329066,1.16837151577,-0.49549348865,43.70000000000035
439,0.105944981026,-5.58847896804,5.6738991249,0.710571449458,43.70000000000035
440,0.144720181553,1.10783313958,0.529355557184,-1.8597445179,43.70000000000035
441,0.103137627676,-1.59373064217,6.45960523339,-2.42002136701,43.70000000000035
442,4.19082087122,12.851785668,-13.0938159114,12.4949727161,43.70000000000035
443,0.494173440686,-3.66829984764,0.26935415632,-0.608651582807,43.70000000000035
444,0.947559085668,1.88351518728,2.57905836129,3.62629859954,43.70000000000035
445,0.324178680114,-2.62235113133,-9.87693423099,-5.45051576532,43.70000000000035
446,0.974195722467,2.49906448014,0.977281846038,0.260677608235,43.70000000000035
447,0.583004635658,-26.2563645997,10.4866766706,27.0366145116,43.70000000000035
448,0.251382431225,0.337381959161,2.32370097247,-0.759559173051,43.70000000000035
449,1.65246076145,12.121080063,1.60698488868,3.16806878137,43.70000000000035
450,0.117669776413,1.63139596552,1.44814685602,-0.668741811123,43.70000000000035
451,0.227668714531,2.77747106995,0.541719504295,-3.10961707457,43.70000000000035
452,0.104551381875,10.1030706509,0.600828346355,-11.5119995355,43.70000000000035
453,0.164393975257,1.1823487627,1.22480819227,-0.287177720208,43.70000000000035
454,0.134331652447,3.05495080717,1.3520463473,0.321036425975,43.70000000000035
455,0.276135830963,2.85941174818,4.49958736109,-0.0954826415054,43.70000000000035
456,0.13984154907,2.56389949303,1.22113785563,-0.902703416124,43.70000000000035
457,0.349708066664,42.9818302395,30.3769292423,-13.0625676708,43.70000000000035
458,0.145852017473,-5.52289636254,16.0973950053,-0.151427123453,43.70000000000035
459,1.50157384208,0.943099390208,1.09441635093,-1.23566819414,43.70000000000035
460,0.608203504751,1.5677852192,4.41913907061,2.63554174745,43.70000000000035
461,0.104975383975,8.89322815017,-17.3238943269,-28.175248796,43.70000000000035
462,1.07474638854,1.97938617707,-0.498380237699,1.07089672958,43.70000000000035
463,0.412339397287,-1.17337417236,1.06033045312,3.60012482136,43.70000000000035
464,0.105394302075,12.4883839611,-0.664355192987,-4.50539813126,43.70000000000035
465,0.102304372096,0.765557846427,3.63351414378,-2.31078299881,43.70000000000035
466,0.119829042354,4.89410082762,36.0188241772,22.027657712,43.70000000000035
467,0.754315914838,1.15055587545,0.169905150459,-0.926211413616,43.70000000000035
468,0.813393268771,0.0238978786469,0.760442373415,-2.53724378581,43.70000000000035
469,0.206268155759,0.776930771053,1.37894425881,0.852456428525,43.70000000000035
470,0.182863888221,3.53061584954,0.862802720675,2.67410941165,43.70000000000035
471,0.401612523518,2.46464084827,0.334325859445,-0.187949106749,43.70000000000035
472,1.56664613772,-2.24364448361,-1.84910615023,-0.781874533232,43.70000000000035
473,0.80780782181,4.00843791276,2.76418951978,-0.430099569909,43.70000000000035
474,0.327172011153,1.89505411275,1.65463052104,-1.19992753949,43.70000000000035
475,0.144388079104,-5.32374403207,19.6305480484,-8.11324743622,43.70000000000035
476,0.13171692369,20.2280389539,0.498267598475,-20.1927173661,43.70000000000035
477,0.309647933223,2.18212670586,1.89607104312,3.46075823628,43.70000000000035
478,0.805495476084,0.291392071536,0.582205087429,-1.95208512816,43.70000000000035
479,0.112144431496,1.47379741961,1.72026526157,-1.63027990453,43.70000000000035
480,0.35357993632,-2.4060582202,4.22496117353,0.352760834878,43.70000000000035
481,0.154888827685,1.25915797663,-0.579889956576,4.79450018627,43.70000000000035
482,5.66481164742,0.766222536989,1.31013921899,-1.94611164203,43.70000000000035
483,0.67613380155,-0.925120117072,0.426582115162,2.5771969989,43.70000000000035
484,0.172490443564,-0.151076591591,5.23478594849,0.280905943708,43.70000000000035
485,0.133209514377,-0.106654475693,1.95456596483,-0.365290239899,43.70000000000035
486,0.149429336523,12.7654490644,33.3636344665,8.42433367865,43.70000000000035
487,0.302244640673,0.427656796608,3.21023133633,1.92905600701,43.70000000000035
488,0.667932846036,-0.609451749664,2.71443016573,-1.07581160319,43.70000000000035
489,0.191880986989,12.8283599583,-7.65836934271,29.3586571174,43.70000000000035
490,0.347958525304,4.57467306878,1.14843654626,0.868223496248,43.70000000000035
491,0.197986901276,-0.79531343276,3.16141537928,-2.58154428044,43.70000000000035
492,0.184608968252,1.94665944672,-14.1581610919,-4.09502586664,43.70000000000035
493,0.463284959204,-0.90668513647,-5.02529884913,0.182190144613,43.70000000000035
494,0.424688211264,-0.489732444129,-0.789035073141,1.60818983452,43.70000000000035
495,0.228938056026,0.809041954683,1.21561636148,0.414196193524,43.70000000000035
496,0.28356099147,-0.629058353858,2.62895368275,-2.3571921437,43.70000000000035
497,0.325705158476,6.913106446,-0.248617509768,0.00689163125189,43.70000000000035
498,0.249620950831,2.91234801491,-1.92945994709,-5.18595690204,43.70000000000035
499,0.263134431994,26.1596886303,5.7330388835,-6.27732658612,43.70000000000035
500,0.134738817395,-29.3961147872,-3.88621402407,-0.436777718256,43.70000000000035
501,0.103062662639,-3.01886997904,2.40576884917,2.42133116045,43.70000000000035
502,0.424444639578,2.16456753001,-11.2982750176,-4.94098603836,43.70000000000035
503,0.581828825723,3.15021218605,1.28138620942,-0.0992185268163,43.70000000000035
504,1.20328343923,1.57546256294,2.06820939445,0.217513774078,43.70000000000035
505,0.172501526353,-0.277692012065,4.36289146266,0.187688329751,43.70000000000035
506,0.109835082178,7.99919555912,17.5164371927,-0.161819104362,43.70000000000035
507,0.11771808019,-0.0241854897391,2.72870201334,0.667906658863,43.70000000000035
508,0.947582830661,-0.923528156305,2.89813730498,-0.841650340107,43.70000000000035
509,0.716649306649,1.00031609069,1.66436215318,-0.304765361092,43.70000000000035
510,1.82123841657,0.991493605785,3.39313491649,-1.57079721928,43.70000000000035
511,0.428860459199,1.91168376226,0.813462091435,-0.909003757318,43.70000000000035
512,0.290475862411,-33.9882792714,-1.91220367662,-36.3903033104,43.70000000000035
513,0.477922711757,1.29486780157,5.12765247628,-0.0220750272716,43.70000000000035
514,0.130157141684,3.76560968854,-0.882531354432,2.75509265806,43.70000000000035
515,0.981910598181,0.60277331221,1.41136845477,-0.494233587842,43.70000000000035
516,0.161385514626,-0.624978823775,-2.63399961577,-1.40653423333,43.70000000000035
517,0.162913469471,-1.94596146257,3.37829848188,-0.379579318244,43.70000000000035
518,0.132746848443,-1.48594842221,1.15427780734,-0.673244736655,43.70000000000035
519,1.4147487302,0.943641729354,0.615648763053,-0.729822804587,43.70000000000035
520,0.673229670877,-0.238737169539,1.39682492758,-2.27859377878,43.70000000000035
521,0.866117831071,1.54854746629,1.86050701004,-0.111647780304,43.70000000000035
522,0.238808915023,2.74214011578,2.63846502023,1.58616783728,43.70000000000035
523,0.107511539848,0.927679889483,0.837009203469,-1.66616922425,43.70000000000035
524,0.147521346474,0.680252306896,1.2803629497,-2.48257158366,43.70000000000035
525,0.13805553831,-0.266730088695,1.65504626651,-1.88055026819,43.70000000000035
526,0.128868362093,34.9566801559,-16.7806716256,-34.996959104,43.70000000000035
527,0.466826912771,2.04935679146,4.0972747843,2.56510744891,43.70000000000035
528,0.205548727636,-10.3032732776,10.4323304805,17.7226621513,43.70000000000035
529,0.237378303296,7.71501479854,-4.16115502276,4.33409847597,43.70000000000035
530,0.153734640991,7.07312950645,1.74012038079,3.77762296036,43.70000000000035
531,1.18999648698,1.01505808131,1.25453532727,-0.823239710413,43.70000000000035
532,0.136410400223,1.84229015969,2.53034317321,-1.01286357046,43.70000000000035
533,0.220979974088,1.85977666546,1.54839374976,-2.4240236799,43.70000000000035
534,1.36918773353,2.53193350077,-0.302306541161,5.97089082831,43.70000000000035
535,0.505221721764,-0.108428722975,-4.80639689188,0.919608840261,43.70000000000035
536,1.52952167532,24.544808348,15.8984632255,-2.72057785989,43.70000000000035
537,0.111069445326,-4.77643695745,-17.435672653,-80.9273660123,43.70000000000035
538,0.351535498127,0.356466945672,2.13026220323,0.286033591148,43.70000000000035
539,0.39168256196,12.397509523,5.78205612519,-6.24080115667,43.70000000000035
540,0.195347269923,-0.0913218398667,0.563627722721,-1.54930710362,43.70000000000035
541,0.235486961424,61.0174219954,-26.2997986635,7.14821411791,43.70000000000035
542,0.390286174215,0.764311942181,0.133034495453,-1.1574767007,43.70000000000035
543,0.226010479164,0.66577735195,3.75385985459,-1.46348802639,43.70000000000035
544,0.164062660984,12.7827908227,0.0968648150753,12.9450611914,43.70000000000035
545,2.1185872035,0.43940809943,3.30788709393,0.856428867343,43.70000000000035
546,0.106268267756,0.712965166472,1.33186803669,-2.18704514527,43.70000000000035
547,0.126660311507,3.08202157103,3.36286127727,-4.13438522503,43.70000000000035
548,0.212978949837,27.8781987733,48.5753239302,-5.70642437723,43.70000000000035
549,0.339923208961,1.45998948685,3.39399177282,-3.30660553483,43.70000000000035
550,0.862890337743,5.88392657776,4.26271150591,-1.32669605475,43.70000000000035
551,0.151710613373,29.769561648,6.78515182076,-46.6742612191,43.70000000000035
552,0.164394755288,9.44212433119,-2.36220117614,-5.41769970598,43.70000000000035
553,0.103614537773,0.0892154897831,1.83172255876,-2.08868229727,43.70000000000035
554,0.192916125242,2.45083441827,3.94974297504,2.9423397893,43.70000000000035
555,0.304222709263,1.13564819584,3.12067126074,-0.0823454184036,43.70000000000035
556,1.38226051143,3.52731462544,1.97895886818,-0.129839558207,43.70000000000035
557,0.623569175752,-1.87895459397,-0.703958465553,1.59595499164,43.70000000000035
558,1.48115771824,1.47214948484,1.84684490149,-1.91648754961,43.70000000000035
559,0.160659516264,-6.65376262866,-0.867993076336,-6.62316239698,43.70000000000035
560,0.13612558595,7.2659272954,-1.50753255107,-0.0407226455948,43.70000000000035
561,0.106462175895,2.24147547715,3.49979894124,-0.317290969954,43.70000000000035
562,0.265634130677,0.815677949253,2.91312895154,-0.104118640798,43.70000000000035
563,0.964474410802,9.74239407186,5.15943357546,-1.36847851955,43.70000000000035
564,0.160255144927,-1.26789560393,6.29338028049,-6.92599010396,43.70000000000035
565,0.327795024793,0.658867065944,2.11453277911,-0.00382318961424,43.70000000000035
566,0.389572929006,0.100520308664,2.67216549462,-1.06371938952,43.70000000000035
567,0.146667509503,2.1475956493,3.16476968947,-0.212462498682,43.70000000000035
568,0.250578682165,2.0383801331,0.463530660107,-0.261110886569,43.70000000000035
569,0.305862108775,-23.0896758748,18.5402280772,-7.64962591004,43.70000000000035
570,0.186127585599,0.245708380511,2.62293399782,-0.704629909807,43.70000000000035
571,0.429054794124,0.974632560812,1.4042375691,0.0907192934739,43.70000000000035
572,0.817413770011,1.83155662403,0.796540722041,-0.391684830684,43.70000000000035
573,0.390456530224,-2.31170735695,1.35204917937,-0.166838547934,43.70000000000035
574,0.180807046593,0.873058662125,-3.6934784931,-0.45039082514,43.70000000000035
575,1.88952784949,1.99445290487,1.11143911647,0.639683903853,43.70000000000035
576,0.354285666089,-2.69836439814,18.914350625,-11.9690294334,43.70000000000035
577,0.344403404946,-0.555987189345,1.72239230326,1.40730751287,43.70000000000035
578,1.61962124007,1.34961762995,1.15935283881,-0.109594464113,43.70000000000035
579,0.115658170745,1.23433870139,0.210376334404,2.87026439592,43.70000000000035
580,0.23859305945,-15.5727751179,36.7137578536,-32.6711792409,43.70000000000035
581,0.15681608814,2.30480725365,2.11791415593,-0.802864131448,43.70000000000035
582,0.462778901133,3.65705234264,3.97263131114,-1.92931948577,43.70000000000035
583,0.207215590645,1.33067964436,1.14293664593,-1.08454199592,43.70000000000035
584,0.140298453409,34.9623494538,50.2964894652,-20.4314268343,43.70000000000035
585,0.294245042735,1.74231177115,3.09828104288,-0.2402301956,43.70000000000035
586,0.103293428588,-3.04298104579,-7.19776322606,5.53280198064,43.70000000000035
587,1.44287820973,1.47686985672,2.77814701252,0.484965972818,43.70000000000035
588,0.525517473902,-38.6110420929,25.5477889471,-38.1687213708,43.70000000000035
589,0.100224882537,3.69835317073,7.00394287245,10.5907675174,43.70000000000035
590,0.328534837147,0.20533268664,1.55065305591,0.183156151636,43.70000000000035
591,0.279782495163,6.58331010053,-2.03063790495,-7.8127181218,43.70000000000035
592,0.478025412371,-0.871894998296,-10.38927384,16.3807966549,43.70000000000035
593,0.699085080478,-4.28258716601,14.8418795923,11.8458464315,43.70000000000035
594,0.487950807816,1.36169061276,1.78384827181,0.494273061126,43.70000000000035
595,0.160823021065,9.74299060195,-7.37570591732,6.6523671211,43.70000000000035
596,1.22981088699,1.33341327458,0.67439657506,-2.16680585801,43.70000000000035
597,0.161046293222,7.18408222828,0.285344066791,2.48370769197,43.70000000000035
598,0.504741453936,-0.0423133064855,11.1543865311,2.55103556303,43.70000000000035
599,0.638858227925,-0.741474987821,-1.52518328029,-2.14730536122,43.70000000000035
600,9.43165269289,1.08123909161,1.58685700719,-0.0858673645447,43.70000000000035
601,0.649183341681,1.94981733694,-0.384935245774,-1.34098616993,43.70000000000035
602,1.04972444639,-1.35223657088,-2.57977285406,0.238151144682,43.70000000000035
603,0.396945056536,0.899533825631,0.974327625159,-0.196431566103,43.70000000000035
604,0.357138125678,0.954463614879,-1.88692474947,-0.893205563126,43.70000000000035
605,0.451939781577,0.237133845135,2.10296249679,-0.829058217312,43.70000000000035
606,0.163633331226,-3.25938636375,-1.82357335955,-0.295068648261,43.70000000000035
607,0.323409033593,0.738607131716,2.08790435497,2.79958884663,43.70000000000035
608,0.252514996722,0.418348132834,2.10016841083,3.1584379482,43.70000000000035
609,0.170258876158,14.9275151274,-2.57268231443,2.66764843138,43.70000000000035
610,0.54121467077,-1.30138235027,0.910002960739,-1.05756976752,43.70000000000035
611,0.619233663161,-0.188225957001,-1.56841323219,1.69764250536,43.70000000000035
612,0.934393149778,-18.6934424688,29.8487097545,-43.7905284064,43.70000000000035
613,0.465422040419,1.80971228032,2.15277258221,-1.49440674131,43.70000000000035
614,0.571166424008,5.10447114207,5.81269785681,5.54304657832,43.70000000000035
615,0.164800125306,10.8107835668,1.88000819177,10.9074206077,43.70000000000035
616,0.296982208074,0.234540126988,-4.39349769004,-3.29580877554,43.70000000000035
617,0.544693371694,-0.243561769416,1.04267995191,-4.3085025376,43.70000000000035
618,0.641558973649,6.56426486382,-21.2743167522,-58.2873512834,43.70000000000035
619,2.00126995629,-11.9018489733,7.47718962577,3.48309416215,43.70000000000035
620,0.347157555852,23.4329936107,6.69979616531,-1.47519868373,43.70000000000035
621,0.173776419977,2.70657044507,-0.210817361188,0.279022183702,43.70000000000035
622,0.533332716173,0.638231691648,0.126173938185,-1.99611309705,43.70000000000035
623,0.672958666192,-0.149447416223,-0.121925101514,-3.9562159504,43.70000000000035
624,0.128745943611,1.30992978352,-0.120637508616,-0.429434819844,43.70000000000035
625,0.267684931637,3.33308177388,0.989287647366,-5.79627366474,43.70000000000035
626,0.30216329466,-11.6710852107,4.22731643749,-5.73926009784,43.70000000000035
627,0.478186449796,8.45087760459,13.3124318633,-4.14748079334,43.70000000000035
628,1.80221323285,0.87900754812,1.54006160092,-0.22156404737,43.70000000000035
629,0.147647829793,20.9717254409,5.87983016409,-2.73087449279,43.70000000000035
630,0.342173920821,0.200564459122,1.08102717621,0.139501958494,43.70000000000035
631,0.652846570161,0.555650861462,2.32384454066,-0.537968739493,43.70000000000035
632,0.323468267216,-1.51760423255,4.88210375297,1.54193495159,43.70000000000035
633,1.54140809516,3.02502884781,2.63607177572,-2.27551723586,43.70000000000035
634,0.14609300829,2.00239090582,-1.57037307915,-0.266552876974,43.70000000000035
635,0.109448985005,0.993338045864,5.32211900991,-1.12517584815,43.70000000000035
636,0.430310160806,3.02219181654,4.333702043,-1.59140576027,43.70000000000035
637,0.568289619936,3.34466394352,1.83690490365,7.13537074316,43.70000000000035
638,0.365818354705,-1.38772531551,1.44145848064,0.915886917667,43.70000000000035
639,0.573106194213,1.24544089486,0.522089248297,0.511723444193,43.70000000000035
640,0.226395586032,1.32124447454,2.38162950475,-1.37451768878,43.70000000000035
641,0.675022121958,6.63971173953,5.43049903345,-28.9028581291,43.70000000000035
642,0.343219515587,-8.31527838953,-19.9799202896,16.9137131106,43.70000000000035
643,6.96245846361,2.23367699719,1.94952307894,-0.539244459255,43.70000000000035
644,1.62127094551,6.27695876962,-1.32098170896,-2.5071850865,43.70000000000035
645,1.10345224977,1.72514646221,-0.988687266288,-1.23645239595,43.70000000000035
646,0.167233878992,10.614140505,-1.28998082734,-3.11029355288,43.70000000000035
647,0.153920503702,1.25636223436,0.817224975807,-1.47726924223,43.70000000000035
648,0.113804322391,3.20121802698,3.22461264514,-1.89352349008,43.70000000000035
649,0.264844001872,1.16541831516,2.26784079154,-0.263426074953,43.70000000000035
650,1.66182648762,0.169340572954,3.35045953368,-13.6848183153,43.70000000000035
651,0.207458142843,-1.70522821092,3.18709771026,1.56568619504,43.70000000000035
652,0.357141771198,-3.04952646951,2.82657062761,2.42252357763,43.70000000000035
653,0.144691335738,-1.04674649017,0.246579198022,-0.815461753467,43.70000000000035
654,0.20716676834,2.1434951805,-11.2022031424,18.2034780383,43.70000000000035
655,0.21403961648,1.31989980945,1.89046157873,0.245817129658,43.70000000000035
656,1.4816101909,4.8622029656,-0.420298256996,-4.99023076453,43.70000000000035
657,1.15130757295,-1.15669429887,9.6380369978,2.26016890744,43.70000000000035
658,0.112416839435,2.69177028151,0.989486759028,-1.47517531817,43.70000000000035
659,0.220894558157,0.857673671231,-3.66915053837,5.0747065454,43.70000000000035
660,0.111618997564,-25.8429056396,-30.1791493072,18.9122328445,43.70000000000035
661,0.236961372326,0.40903782477,0.808280856494,-1.11957200562,43.70000000000035
662,0.272701052895,0.788566721023,2.15835733889,-0.86451571117,43.70000000000035
663,0.178761188669,2.01726364745,-3.99950572966,-3.78504198677,43.70000000000035
664,0.100875121416,0.713059111804,2.6562364088,-0.810642913524,43.70000000000035
665,0.384043167253,15.146648509,-13.6439928905,15.8385651887,43.70000000000035
666,0.180199607418,3.09227669853,7.08667074501,17.1117454779,43.70000000000035
667,0.231267588902,1.67856313837,1.03440291965,-0.491047092322,43.70000000000035
668,0.120631293635,1.17525651891,0.782451217903,0.0023194655121,43.70000000000035
669,0.398171649643,1.5998556432,2.85522759382,-0.0619954131351,43.70000000000035
670,0.114758872825,-3.9886303761,3.34876793695,-3.91080690701,43.70000000000035
671,0.20460824169,3.64493173286,4.8754741573,-1.11512100624,43.70000000000035
672,0.444766267973,0.648746673678,1.37286668355,-0.233098997486,43.70000000000035
673,0.145452965605,0.397505810004,2.08353651006,0.411561022629,43.70000000000035
674,0.309705373718,0.0875598742419,0.0698807012035,-0.276661324308,43.70000000000035
675,0.198496016582,-0.423645547023,0.464811034033,-0.355935526028,43.70000000000035
676,1.82670967732,9.4455732395,19.0840893765,1.05267443249,43.70000000000035
677,0.464526137872,-4.07810769264,-2.7837912861,-5.29641379386,43.70000000000035
678,0.83798435585,2.81424985614,5.68299498081,-3.22484468109,43.70000000000035
679,0.721765403466,5.03621408574,-0.256709791103,-6.49833956232,43.70000000000035
680,0.119114291084,3.3284047923,2.30081427847,-0.99182625287,43.70000000000035
681,3.70732690074,0.849754156592,1.64010861938,-1.04341911801,43.70000000000035
682,1.28537159249,-0.989169546669,10.8666402048,1.61132871961,43.70000000000035
683,0.589435236529,3.57571352108,3.98101490641,-5.68433382292,43.70000000000035
684,1.54012603804,1.74191522992,2.98828439273,-0.0293918017689,43.70000000000035
685,0.465308112004,10.5540604295,-10.2027739068,-3.07702160587,43.70000000000035
686,0.104475343547,17.9717181142,-15.7120971249,10.6046718218,43.70000000000035
687,0.143013504667,4.1532871828,-0.480475934171,-6.27648061996,43.70000000000035
688,0.184678503223,-0.208784575542,-2.02352295706,-1.05556191302,43.70000000000035
689,2.22363908294,3.34483448553,1.21884793874,0.666639317729,43.70000000000035
690,0.154728062251,0.944466912681,0.607725759223,0.390720489189,43.70000000000035
691,0.406579940618,1.30789173153,1.25513788222,-0.156086180119,43.70000000000035
692,0.487677833923,-6.06198922172,2.14674381256,-3.88333749084,43.70000000000035
693,3.92067265513,0.797241412897,1.25732358256,-1.20530343796,43.70000000000035
694,0.109142111619,-147.451569195,9.00606997099,-118.74996832,43.70000000000035
695,0.229210891496,-24.814019016,34.3310187649,-22.9179005514,43.70000000000035
696,0.282487453656,-1.91794157889,4.53644585718,-2.30279075133,43.70000000000035
697,0.510821355568,-0.303193519049,2.44774184629,-1.96755333639,43.70000000000035
698,0.383068101151,4.15110479587,3.63449587791,0.603906020001,43.70000000000035
699,0.275379379305,1.374447806,0.700423177921,-1.98629880572,43.70000000000035
700,0.11667850533,1.26703669479,1.55644126404,0.15637723735,43.70000000000035
701,0.305776414911,-2.3860866757,1.20516711944,-1.0688170356,43.70000000000035
702,0.493455796864,-1.71362246802,0.460430061212,1.09531193854,43.70000000000035
703,1.14042316244,1.51457966163,1.58643284486,0.178098784459,43.70000000000035
704,0.843540462601,0.646210468431,1.94709675147,0.167095644509,43.70000000000035
705,0.115389657568,-0.38356357782,2.49696701644,-0.490663264052,43.70000000000035
706,0.375038498471,1.4012457737,1.17441350921,-2.34179768132,43.70000000000035
707,2.33928049272,34.1275631532,24.5055485686,-20.1529450518,43.70000000000035
708,0.758222137925,2.16718358387,0.778319948111,-3.04894624586,43.70000000000035
709,0.18946372729,1.17812636667,1.38304675659,-0.100178918172,43.70000000000035
710,0.970299235556,-3.67368394799,7.16947162038,0.245901398638,43.70000000000035
711,0.234639131043,4.70469793285,-1.08840582765,-8.1511620952,43.70000000000035
712,0.244839316641,4.52563594693,0.358751349445,1.6175353922,43.70000000000035
713,1.50514763404,2.55578461911,2.67936692316,0.0243431947311,43.70000000000035
714,0.388559019549,1.35665326411,2.01438132999,1.29851035413,43.70000000000035
715,0.242739336313,2.49085755288,0.0130451126603,-1.22303671509,43.70000000000035
716,0.298240864856,-1.74491376219,2.94584718286,-3.58712097785,43.70000000000035
717,0.566639795525,1.88177197733,0.334431474972,-2.05221296913,43.70000000000035
718,0.193944665487,-0.937224580864,1.64531549651,-2.95990481832,43.70000000000035
719,0.137972244738,-10.3744737835,-22.5932666938,20.5704062905,43.70000000000035
720,0.543612086989,18.021838901,76.2388770414,11.8711130282,43.70000000000035
721,3.40348350505,1.75983113255,1.82903326868,0.578814946875,43.70000000000035
722,0.36434982954,-2.29259608569,-0.292440925561,-7.90830424804,43.70000000000035
723,0.682281066327,3.81688587498,7.63252774811,9.95554570347,43.70000000000035
724,0.604276977848,1.20031825042,1.92962297057,-0.594334579762,43.70000000000035
725,0.440714817407,-4.53390447627,-6.82248203592,-4.3378284399,43.70000000000035
726,0.124687637993,6.65221761291,7.3751840469,19.95102625,43.70000000000035
727,0.211823915045,-0.196443772814,5.34186428323,-4.10121823781,43.70000000000035
728,0.133736117813,3.75664366275,-1.73745521979,6.04858309359,43.70000000000035
729,0.387791350866,22.5013051032,-7.92916104131,-5.81603102354,43.70000000000035
730,0.373357409498,9.27727206018,-9.1160595569,-9.11123055055,43.70000000000035
731,0.133443826959,63.372198414,0.872754099785,-9.72050388892,43.70000000000035
732,0.392484161227,0.127742146201,4.87592437241,-2.12954944971,43.70000000000035
733,0.185639605124,5.22783441226,0.299145543261,-0.650569472453,43.70000000000035
734,0.277421355466,5.65714031349,4.94521262478,-0.107185062045,43.70000000000035
735,0.163567620381,-0.0335462881924,2.71455598936,-0.335034906219,43.70000000000035
736,0.119690160231,-1.62530718981,1.17381083977,-0.0329396212812,43.70000000000035
737,0.11247047059,8.98677100459,10.2968419203,-7.13127470361,43.70000000000035
738,0.522810581967,-1.99629752295,3.59925520973,-0.368703551556,43.70000000000035
739,1.15767232462,2.93371658337,2.26353736992,1.65175830894,43.70000000000035
740,0.105094008801,-0.928210316632,2.99962706576,-0.67656760546,43.70000000000035
741,0.130296642721,-17.2470279049,17.7555117812,-26.0582834945,43.70000000000035
742,0.179501759603,-6.1708073114,2.57259898351,-2.18044366105,43.70000000000035
743,0.526443118755,0.397612722346,1.07958137522,-1.82156125848,43.70000000000035
744,0.481815603317,2.33525734858,0.0688797155162,1.88939903671,43.70000000000035
745,0.390773631963,-0.131789285239,3.13659353984,-0.861047466457,43.70000000000035
746,0.122035443386,1.09665703255,2.74543552844,-2.26119881106,43.70000000000035
747,0.287972193527,4.32945158997,-4.1761884858,-1.20748801808,43.70000000000035
748,0.859345026337,-9.64031349848,-5.87238933468,-2.06825161791,43.70000000000035
749,0.361376020835,1.16934130382,2.06911717885,0.295267115331,43.70000000000035
750,0.119017266889,0.782113373212,1.6960701875,1.62570838577,43.70000000000035
751,0.291414678438,-2.40087364131,3.32119102426,-1.30027481277,43.70000000000035
752,0.315324440417,2.81808552561,1.33558696076,-0.946186393981,43.70000000000035
753,1.68072710481,-0.415876273119,6.53151903816,-0.909114478648,43.70000000000035
754,1.24080184174,-1.02060478523,6.07314343537,-2.45691474966,43.70000000000035
755,0.342610699408,-2.14981490816,4.03038364824,1.32616936113,43.70000000000035
756,0.152781021743,1.69113183391,2.45499414612,-1.16790883921,43.70000000000035
757,0.21026946059,9.19533258283,4.46307550915,14.2376550114,43.70000000000035
758,0.152822062207,0.2179958659,5.72574733145,1.60603915579,43.70000000000035
759,0.25873809477,2.03848656951,2.33264877943,-1.60311514477,43.70000000000035
760,0.240247678174,-5.64131443672,-3.71626717919,-3.11955083801,43.70000000000035
761,2.12017698901,-17.7671389957,3.0179523911,-9.76202187338,43.70000000000035
762,0.26356416618,3.61504692559,0.965290607957,-0.855578137979,43.70000000000035
763,1.98680401469,-1.1438868126,1.71566179067,2.08003321823,43.70000000000035
764,0.163929056354,5.75917180758,23.59355859,-44.4649969985,43.70000000000035
765,2.5760569366,-20.4481725649,13.2562429891,20.1442517752,43.70000000000035
766,0.101847485726,1.16638039045,0.976969862666,-0.163213443069,43.70000000000035
767,3.85239989187,0.58220330929,0.39374143215,-0.720322369641,43.70000000000035
768,0.581830414333,1.41728796477,9.8288757892,-5.89711703222,43.70000000000035
769,0.205285779941,2.79809471042,-0.420954160658,-1.3027033324,43.70000000000035
770,2.64883116897,1.4137080962,1.21492121437,-0.510335122094,43.70000000000035
771,0.157073205081,6.70827353694,5.48137048463,2.66193596767,43.70000000000035
772,0.124469653165,-52.1919635329,4.52588552545,13.8218639537,43.70000000000035
773,0.161827348122,0.0172791820833,2.77769802536,-0.586410032794,43.70000000000035
774,0.711929797183,54.6161461211,30.889169972,61.3567862083,43.70000000000035
775,0.377023957804,1.76412985854,2.79184487484,-0.0886916284967,43.70000000000035
776,0.535911369004,1.33314200307,0.682459327449,-1.04894115333,43.70000000000035
777,0.613425607276,0.348904222974,3.0872805375,0.191172962354,43.70000000000035
778,0.100678792584,-1.07826298984,1.47197656653,0.384902598699,43.70000000000035
779,0.218357135883,-0.0875097821613,4.60581973375,-0.245716610095,43.70000000000035
780,0.227699256742,2.07342965258,-0.935316078308,-3.15387012726,43.70000000000035
781,1.23700175799,-8.71068235088,3.14970973659,-0.847071846412,43.70000000000035
782,0.226915041905,0.0851518253312,5.1693449091,38.5343767741,43.70000000000035
783,0.692687387718,3.72032407262,1.03051592234,-1.53922319674,43.70000000000035
784,0.376409832278,0.200348531997,-0.16120751228,-2.13417627704,43.70000000000035
785,0.701554924908,1.03361546929,1.51060299279,-0.0793802435432,43.70000000000035
786,0.18044571031,-3.3411755095,0.718759496588,-1.9731750447,43.70000000000035
787,0.141389039193,14.6662297988,9.13441600327,-9.72050931256,43.70000000000035
788,0.163157730454,0.128447765577,-1.85595748096,-4.45290859772,43.70000000000035
789,0.134325602736,-7.62866180363,1.46248787477,3.24929505217,43.70000000000035
790,1.25601493277,1.29436952328,1.71341179998,-0.647292150402,43.70000000000035
791,1.04213810346,1.97662211484,2.16477909054,-1.79489819008,43.70000000000035
792,0.101671503847,0.404172028043,2.8705768531,0.0127480513149,43.70000000000035
793,2.06072080076,-0.253912614534,3.19086377549,-0.576246559925,43.70000000000035
794,0.626651731058,0.264444698387,2.23994003582,0.739817882689,43.70000000000035
795,0.292061666055,2.03739849159,0.23627118418,-1.277971185,43.70000000000035
796,0.160354685866,-0.259965786504,4.71523397937,-0.457133760507,43.70000000000035
797,0.390493950375,0.575124110834,1.36676741861,-0.768920116954,43.70000000000035
798,0.151335580982,0.553435123717,0.45367077637,0.485562354308,43.70000000000035
799,0.180477326203,-18.0406476024,13.7618088622,-8.05233974165,43.70000000000035
800,0.843904154937,2.60232306937,-0.0525569623754,1.9484585424,43.70000000000035
801,0.144655474755,0.125941224553,0.977411512888,-0.556505324381,43.70000000000035
802,1.37642745615,5.02743831644,-0.0427762109513,-9.59240847943,43.70000000000035
803,0.359434384341,2.70095028551,-0.39575518566,-1.75904642308,43.70000000000035
804,0.459464151989,28.244485121,-11.0943333861,-2.81333288888,43.70000000000035
805,0.346671710947,23.0511208308,-47.3274185002,-30.5949347087,43.70000000000035
806,0.370864905863,1.15361981036,-0.68473710325,1.39717040723,43.70000000000035
807,0.191117074186,-1.57213777546,1.04599722225,-1.99094503929,43.70000000000035
808,1.0569328494,-14.226978545,-29.7325974417,-25.18438948,43.70000000000035
809,1.07330843768,-5.94552213784,38.2707810867,6.59675068013,43.70000000000035
810,0.613191792171,-0.563955177828,5.90415132697,-0.540661923102,43.70000000000035
811,1.31963392723,0.78512413159,1.64289089833,-0.658912446092,43.70000000000035
812,0.363319489515,10.3504233559,5.54915590155,-20.4217793136,43.70000000000035
813,0.298548644078,1.0194477629,0.762478995595,-0.814204394687,43.70000000000035
814,0.224523384164,1.50303228942,1.43817466625,-4.6994869861,43.70000000000035
815,0.113878511747,56.7867240022,40.9546980184,9.20282386629,43.70000000000035
816,0.109141966598,2.45893540064,1.29804196107,-0.0251603331728,43.70000000000035
817,0.252294730438,0.177472646012,0.913751630485,0.355219056161,43.70000000000035
818,0.259126152641,-4.60445750001,0.891489567427,3.30304617289,43.70000000000035
819,0.510841971365,0.848428685249,-0.129317847522,-0.664179492845,43.70000000000035
820,0.187661814485,6.8916296787,-1.20626310334,1.18003826308,43.70000000000035
821,0.133676034414,-2.20114204448,1.32698939289,-0.368092562456,43.70000000000035
822,0.10444451234,2.78562510527,0.462657269509,0.564247995743,43.70000000000035
823,0.12964596515,-0.798203346851,-1.10526581118,-2.47170529832,43.70000000000035
824,0.143398353229,1.32293389882,2.53615279462,-4.94376870689,43.70000000000035
825,0.117900290293,-1.46218019325,2.29742324957,2.16028169244,43.70000000000035
826,0.530778523686,-1.91314633215,-14.9384138885,4.71355827314,43.70000000000035
827,0.42542629762,0.50179668704,-1.2178304316,-4.15572050186,43.70000000000035
828,0.338683745609,-10.8808157124,43.8786607907,91.2192293074,43.70000000000035
829,0.170165218279,-6.23553658639,-4.09639196107,7.52238861012,43.70000000000035
830,0.325616165362,0.787472769912,-1.36254891337,-0.890979549562,43.70000000000035
831,0.102478000785,0.871467604458,1.59516875241,-1.16797303018,43.70000000000035
832,0.143498893253,-10.2134698925,7.48168535492,2.3067914156,43.70000000000035
833,0.521992757987,-3.36802687595,12.4272057843,5.36496447663,43.70000000000035
834,0.164094171292,1.77068474247,1.50998068698,-1.36766470432,43.70000000000035
835,0.358210169793,36.2881669024,19.9269582381,-0.667318633783,43.70000000000035
836,0.126280345055,9.29201851966,15.3913917435,-2.82117084328,43.70000000000035
837,0.190031044524,-0.746165687966,1.55031544649,-1.19086766634,43.70000000000035
838,0.158376105891,-13.5093637618,10.9161875159,15.6873190373,43.70000000000035
839,0.236785634837,32.4355675888,-21.5499782372,5.74779721086,43.70000000000035
840,0.220751752184,-8.19718710067,1.08138783355,14.0589058591,43.70000000000035
841,0.410721933922,1.93822945193,0.52421192296,-1.43422724382,43.70000000000035
842,0.128839263036,-1.84364776953,4.95674273231,0.662027820925,43.70000000000035
843,0.11443288523,1.06618967353,0.259940424857,-1.98842391122,43.70000000000035
844,0.240445591506,2.2591613226,9.88797035079,-5.38196975544,43.70000000000035
845,1.10791435587,0.631430270486,2.17585177316,-1.16685534926,43.70000000000035
846,0.202897520704,0.61534936591,1.865807516,0.857506926008,43.70000000000035
847,0.135652867339,-22.4822510368,-5.41765532809,-5.97786696722,43.70000000000035
848,0.154370943527,-4.909835967,0.900017345009,4.79392929195,43.70000000000035
849,0.231344604691,0.974757623682,1.3079056373,-0.389314750654,43.70000000000035
850,0.791650812094,1.05498979971,3.37941540676,1.40257645696,43.70000000000035
851,0.141023999947,1.1168263909,2.14594274435,-2.48832166293,43.70000000000035
852,0.202654392302,11.1797473618,2.47487497031,2.56498654551,43.70000000000035
853,0.320598564116,-0.599333797037,1.78372820519,-0.424850382808,43.70000000000035
854,0.845194352368,1.26204954797,-0.0114088197378,-1.91516654419,43.70000000000035
855,1.87167082087,2.20074340869,1.71594484974,-0.957818593361,43.70000000000035
856,2.85401617398,1.07554897293,1.00167690092,-0.269309640579,43.70000000000035
857,1.51306998475,3.78309059536,0.799478224506,-1.49292173419,43.70000000000035
858,0.115976228982,-0.805386817759,1.58198165772,0.38630865219,43.70000000000035
859,0.376958519984,-20.3704761566,55.2816311704,-31.9411950675,43.70000000000035
860,0.103359655603,-2.29609684861,3.8444483353,-4.04568843415,43.70000000000035
861,0.154161417517,10.8075810083,3.93341643805,3.54067426873,43.70000000000035
862,0.500644782923,12.478726557,-15.0998555766,8.9539161575,43.70000000000035
863,0.210993348291,0.648852019875,13.3057729868,3.76547542236,43.70000000000035
864,1.22866081429,1.82508302542,3.12922534696,-3.08881538507,43.70000000000035
865,0.546980586743,-0.567844957463,0.520492246968,-2.0718555484,43.70000000000035
866,0.238008982048,3.52004874331,2.77090132452,-5.26454982147,43.70000000000035
867,0.139077578312,19.8755474957,-1.54794835017,-6.82948609996,43.70000000000035
868,0.378429780309,3.44266014947,-2.19516937007,0.10982315554,43.70000000000035
869,0.136678374434,-2.5103146991,0.0122429844856,1.24536662146,43.70000000000035
870,0.951348980559,15.3484575342,4.97916489082,0.249440871147,43.70000000000035
871,0.792928586655,4.63253075428,3.97576783674,-5.21250667331,43.70000000000035
872,0.346266390176,1.51714466878,5.57217862407,0.73980857605,43.70000000000035
873,4.6105608985,1.17184867296,1.39071909605,-1.11114437676,43.70000000000035
874,0.163752135444,0.368478433815,3.72257186126,0.867495169995,43.70000000000035
875,0.359241796049,11.2279134867,14.5010149142,-2.40976977742,43.70000000000035
876,0.725895676096,0.770014327075,1.27611315905,-0.840479680213,43.70000000000035
877,0.162292188996,0.709153836285,7.9531410255,-1.04568161646,43.70000000000035
878,0.512659903037,-7.10648408487,0.55381193083,-7.24296153506,43.70000000000035
879,0.100964544599,-0.497345410888,0.975195256335,-0.177681590026,43.70000000000035
880,0.537154837143,-0.0385385890212,0.954104106057,0.519144395604,43.70000000000035
881,0.164548538392,0.842932833356,1.62468846598,-1.86316177396,43.70000000000035
882,0.223768516551,-12.0079463464,51.6030345033,-24.5456873386,43.70000000000035
883,0.114835002796,-11.594184102,-2.60767262796,-3.16659281167,43.70000000000035
884,0.243376895857,-0.567116099756,4.5279032722,-2.57894569744,43.70000000000035
885,0.23393550178,-0.274551718309,1.51736214349,-1.31080507457,43.70000000000035
886,0.182514639265,2.47093417608,2.12152311288,0.4819200022,43.70000000000035
887,0.196824086084,0.950809229254,0.536521449989,-0.208249918934,43.70000000000035
888,0.376284138078,-1.54928899059,-6.84778824224,4.45934931238,43.70000000000035
889,0.13431807019,1.43075008047,-5.18451901585,3.58956852533,43.70000000000035
890,0.143400046166,15.2917128947,8.29293608213,-13.4523798216,43.70000000000035
891,0.25155624527,-33.6568510886,-136.798956586,15.8814384008,43.70000000000035
892,0.396198412386,-1.71575908689,4.69137384191,-5.4675038631,43.70000000000035
893,0.756574466376,0.929054912249,1.07361789625,-6.78792396606,43.70000000000035
894,0.414651020463,-1.20063799873,1.25254094634,1.70788294318,43.70000000000035
895,0.144154393999,0.397958681628,2.39063184973,0.768627707288,43.70000000000035
896,0.257726765091,4.24452569677,-3.2214063142,0.867442533651,43.70000000000035
897,0.137073848876,-2.2230823278,-0.0447525158206,0.541942662129,43.70000000000035
898,0.442177280319,36.2344556385,-39.6526952958,-37.0904942516,43.70000000000035
899,0.378886023447,3.91226157851,17.4878760795,-8.65643213551,43.70000000000035
900,1.56588777937,2.15637999972,2.174458864,-1.93724153495,43.70000000000035
901,0.131303515935,3.30025550726,10.1075702554,-3.08809152078,43.70000000000035
902,0.811263428019,-11.3144535826,16.1123223217,17.8223537833,43.70000000000035
903,0.333460289519,-1.2697533045,-0.792872784164,3.30256152854,43.70000000000035
904,1.99415631137,-1.60148339042,1.39633230172,0.611676311356,43.70000000000035
905,0.168814726286,0.897663224028,1.66939779463,-0.233032696889,43.70000000000035
906,0.108881313435,-0.353165952356,-0.782417705182,-0.639372064495,43.70000000000035
907,0.216943423396,1.07763448304,0.955350859506,1.84184807953,43.70000000000035
908,0.228191756929,0.00840974400179,2.85611881579,2.68324743593,43.70000000000035
909,0.134640074555,13.5870800074,-27.205844862,-39.3176615199,43.70000000000035
910,0.319380296869,-0.779745989897,3.7510499849,-1.12072632877,43.70000000000035
911,0.181042255282,1.47964883616,1.35910196041,-0.193664813755,43.70000000000035
912,1.18310875879,-2.40726156902,4.18635909301,0.579858473118,43.70000000000035
913,0.130883377524,0.857733065713,0.719185977843,0.5228574074,43.70000000000035
914,0.265937086896,-3.44513714408,21.1646896002,26.5124674803,43.70000000000035
915,0.362144991639,0.562157222089,2.21055316822,-0.586687737903,43.70000000000035
916,0.15982459494,0.693961628865,1.7668415455,-1.12008176759,43.70000000000035
917,0.494011589061,7.89870805638,-13.9096480952,16.1204397115,43.70000000000035
918,1.18894162713,-6.02172122797,0.0692467864981,1.53492180175,43.70000000000035
919,0.183857541529,-1.77782668353,-1.4596853154,6.01664441296,43.70000000000035
920,0.227950418691,-69.7924460784,25.8850878701,-36.9967114143,43.70000000000035
921,0.357726550985,-0.276838013309,0.26198526719,3.87689881042,43.70000000000035
922,0.256007207912,-7.94711606257,7.94370556829,-20.5068543551,43.70000000000035
923,0.314786473669,2.0869763069,0.934581760869,-1.26417281093,43.70000000000035
924,0.525875047976,0.389598263755,-0.773870491709,1.10602883585,43.70000000000035
925,0.130041379719,1.6391252932,0.509451833936,2.12823918351,43.70000000000035
926,0.457274793598,0.538384872889,10.7753761395,4.49395315992,43.70000000000035
927,0.294532073743,3.87455656153,10.8572837819,-18.7558090778,43.70000000000035
928,0.122473653875,-33.4366260528,19.3214812914,2.15421904714,43.70000000000035
929,0.438584149374,0.137977502287,1.77393630634,2.01431586491,43.70000000000035
930,0.101807273447,5.01652305861,-2.1160805877,2.6438774739,43.70000000000035
931,0.139531756341,9.49955691151,2.61775932041,-16.1799989173,43.70000000000035
932,0.345529936984,1.07182531888,3.33650257011,0.782391697091,43.70000000000035
933,0.213498579145,1.10480514315,0.674680281082,-2.33373879182,43.70000000000035
934,0.143256758224,21.2158388282,3.59496603923,-23.4874393701,43.70000000000035
935,0.226244366447,-1.5327028104,3.0404069797,-1.13233227342,43.70000000000035
936,0.181133759775,-2.03670143426,-13.5684668287,-13.2623088764,43.70000000000035
937,0.203502920473,12.8230052849,-19.8721434912,-6.45364749389,43.70000000000035
938,0.121521215069,0.977894859082,0.387857124582,-0.708065357116,43.70000000000035
939,4.88425259687,-15.5134706664,-2.70242958981,12.4388184889,43.70000000000035
940,0.141498099879,0.780775816179,2.53058578264,-0.581221708233,43.70000000000035
941,0.169428053951,1.49664433626,1.19590885681,0.480943485418,43.70000000000035
942,0.111983881005,1.5405006496,2.45455497244,-1.52825403481,43.70000000000035
943,0.156279186625,0.786707760114,4.45765020491,4.25748846405,43.70000000000035
944,0.272650710644,4.31986057891,0.214108635891,-1.24448231779,43.70000000000035
945,0.78394234965,-0.425132511588,1.53847593508,0.0370566592108,43.70000000000035
946,0.234318008192,9.81356714056,-13.3548110196,37.3747212883,43.70000000000035
947,0.23868710888,2.57874435451,1.10838657657,-0.10648399169,43.70000000000035
948,0.207434575703,0.608929797353,3.20111283564,-1.42811479933,43.70000000000035
949,0.127903353786,1.25512229526,0.0956307028502,-0.693807174673,43.70000000000035
950,0.368348040858,8.06978326192,16.774306573,-3.10661726501,43.70000000000035
951,0.118487680471,1.82332049396,13.1157453289,5.29588462425,43.70000000000035
952,0.278619173376,0.638781002176,2.71755296101,-1.2844512879,43.70000000000035
953,0.330986486069,0.632954307233,1.92633983282,0.820207511058,43.70000000000035
954,0.10906411759,2.71065869217,5.2738278544,3.20426805886,43.70000000000035
955,0.636365008208,1.16564398102,1.61285955792,-0.11456468083,43.70000000000035
956,0.62576229013,2.85082249883,2.72154952229,-1.57396594798,43.70000000000035
957,0.20473845683,12.1980422717,-9.38130783536,-11.2446903281,43.70000000000035
958,0.182533077169,-20.6597582454,8.87908610178,12.920474252,43.70000000000035
959,1.07546004917,0.396699324125,1.40801144584,-0.100954477783,43.70000000000035
960,0.1186090803,-1.67146110151,0.693143328495,1.98734312474,43.70000000000035
961,1.70096023953,1.75193070384,0.981426030724,-3.21474041809,43.70000000000035
962,0.211972047267,4.64594978594,0.942452873701,-1.60708061678,43.70000000000035
963,0.258701078311,-1.82033954422,5.46355674938,-0.701823643849,43.70000000000035
964,0.892082560054,-0.664472679854,2.59509668222,-1.94323248384,43.70000000000035
965,0.718854772877,-3.34095718004,0.898440699798,-0.744900858393,43.70000000000035
966,0.106143527267,0.414318152161,0.935039336655,0.295665907127,43.70000000000035
967,0.629850344179,1.41962933922,2.34960167875,-1.00317020757,43.70000000000035
968,0.629336004716,-1.03550562229,6.35319907795,0.310416285856,43.70000000000035
969,0.541629698669,-0.160692385575,-0.983172512286,2.0292107486,43.70000000000035
970,0.16520049194,1.72318572443,2.85036953712,-0.788908626633,43.70000000000035
971,1.92700980005,0.359552804166,4.04551479589,0.937911893053,43.70000000000035
972,0.111685652184,19.4755585669,-4.43426077996,-1.26498156365,43.70000000000035
973,0.219474475591,-0.2240040982,0.737970278504,-0.527995505612,43.70000000000035
974,0.457840762529,0.409070507943,1.12990374169,2.6932317366,43.70000000000035
975,3.29662597893,-57.8763196122,21.4887696495,-3.73817414199,43.70000000000035
976,0.991109123676,0.59796413251,2.40940528991,0.849445816526,43.70000000000035
977,0.185222199276,-5.7142840125,-10.9439239802,0.959440570689,43.70000000000035
978,0.405267662603,10.0421086446,7.50751899309,-19.4057379235,43.70000000000035
979,0.348830777984,-5.36263633358,-10.3288798982,40.5334641628,43.70000000000035
980,0.220891530964,0.976193221527,1.87132688377,-1.7550494603,43.70000000000035
981,0.158629215737,0.87640086423,2.26581510369,-0.0910632783099,43.70000000000035
982,0.147898250758,-24.8824261917,13.8174448791,-35.2759524531,43.70000000000035
983,0.164410354252,2.69770849903,0.175838099407,0.332079315421,43.70000000000035
984,0.139786410944,-4.37533053623,3.15718695818,1.22329513048,43.70000000000035
985,0.209526824011,-1.61460167018,1.94364107813,-6.68995925857,43.70000000000035
986,0.397532987864,0.0862654730975,11.3932274704,-1.46755777654,43.70000000000035
987,1.19412110142,0.207663191617,2.12047317791,0.960972707469,43.70000000000035
988,0.132189202695,1.18154308615,4.39363595205,2.15228424488,43.70000000000035
989,0.755333939062,3.51233939738,0.105309332475,0.606828859568,43.70000000000035
990,0.140490836122,2.01186123771,2.31712843223,2.46808642558,43.70000000000035
991,0.165196721128,44.7200317785,-29.6843980635,30.8193474975,43.70000000000035
992,0.259100484011,10.1337083012,-5.33246864417,4.96926913771,43.70000000000035
993,1.13799793583,3.27559162232,3.7375697803,-1.00154967915,43.70000000000035
994,0.187105252144,3.05961555797,-1.09473835863,0.648048236153,43.70000000000035
995,0.286671349456,2.53813985369,-3.27193288641,-6.44448824279,43.70000000000035
996,0.413654966431,5.57650589489,9.62011686748,7.69875788163,43.70000000000035
997,0.146689958094,-0.980748915219,6.81426600429,1.20219564831,43.70000000000035
998,0.11123887046,2.82883405804,1.75089683454,0.641887933067,43.70000000000035
999,0.343554733427,-0.119373592411,0.75735293531,-0.225984408093,43.70000000000035
