Star_ID,Mass (MSun),X (pc),Y (pc),Z (pc),Simulation Time (Myr)
0,0.583863284785,9.54552766098,-19.0647937249,4.50189122797,97.49999999999874
1,0.238934655605,3.78618853594,-5.46318606369,2.57865196533,97.49999999999874
2,0.142663315697,10.9878300245,-13.4404104871,2.63321557039,97.49999999999874
3,0.274817750606,14.1858038366,-17.4428186457,-5.99622339742,97.49999999999874
4,0.126937235784,-65.1983315133,-40.2827814688,14.9351420334,97.49999999999874
5,0.147190170653,1.61699610993,-15.5571424873,5.05446309939,97.49999999999874
6,0.149793139829,8.39662961019,-13.6237465473,0.162217727392,97.49999999999874
7,0.132242770353,12.3743875837,-15.7388928943,-0.0705255442186,97.49999999999874
8,0.341503600866,12.5224149444,-18.4565554538,0.234087719054,97.49999999999874
9,0.300016400328,11.0638567222,-13.1716719207,3.14848297415,97.49999999999874
10,0.322463895212,19.4491949369,-21.0966955017,-1.3070107048,97.49999999999874
11,0.104465845747,-96.0499253112,-29.5505248642,-0.48956322916,97.49999999999874
12,0.595382384937,16.4522969053,-10.960847722,5.14006225054,97.49999999999874
13,0.544327759546,9.89032920452,-15.1773336206,2.93806002194,97.49999999999874
14,0.287385017844,-58.521867786,0.731545752627,-55.4126669489,97.49999999999874
15,0.108798267173,31.100152579,-27.3246119648,-14.057734832,97.49999999999874
16,0.115287956044,16.2588586819,-22.1776157777,5.7668439438,97.49999999999874
17,0.518744518604,11.2413285377,-11.4793116737,5.09396692457,97.49999999999874
18,0.121176413768,20.9561651962,-20.8293483626,0.698020532655,97.49999999999874
19,0.84818246488,51.7050026703,-11.4653283149,57.8944664422,97.49999999999874
20,0.121875990516,-38.0977775981,-50.7129013097,79.3394291332,97.49999999999874
21,0.482893176656,48.4365207016,-65.7761071492,1.49478321259,97.49999999999874
22,0.412012057718,-6.18583800063,-12.0062708596,-1.05952876238,97.49999999999874
23,0.285760248265,11.9307446668,-31.5156978492,-11.174297074,97.49999999999874
24,0.270334269763,10.1346150839,-14.4146283531,-11.7402579091,97.49999999999874
25,1.06484891046,11.8457332601,-13.9757017949,1.38056860408,97.49999999999874
26,0.126117417672,16.7103336718,-12.4162914619,8.06816939597,97.49999999999874
27,0.245331020104,-77.2085479589,-7.4440684695,17.7534099303,97.49999999999874
28,1.76807769609,9.06881233703,-21.8435058001,12.0791616907,97.49999999999874
29,0.244831689822,10.3952031814,-14.0754918582,2.93357847399,97.49999999999874
30,0.121710061542,10.9591952117,-17.0857921749,3.6139872116,97.49999999999874
31,0.765540805181,3.81072975138,-19.0251747689,-0.11030194187,97.49999999999874
32,0.532873786813,20.2631473943,-8.28391680305,13.119923744,97.49999999999874
33,0.133717188266,12.7208200343,-27.5018578538,6.93429021401,97.49999999999874
34,0.277623004362,13.2598324506,-10.1553146029,-2.86431667336,97.49999999999874
35,0.161782724839,-69.9641247497,-23.1617843177,41.6811854258,97.49999999999874
36,0.524931080082,17.2235184739,-17.2798496115,3.00196458989,97.49999999999874
37,0.353774053205,12.3993218055,-14.2895072733,3.4393045301,97.49999999999874
38,0.139673515104,14.9704046456,-13.6402605158,7.32568153705,97.49999999999874
39,0.140781359391,4.22112328203,-6.12598167022,-1.41505911213,97.49999999999874
40,0.429343284378,12.078305423,-14.2646236655,-6.81493444525,97.49999999999874
41,1.13913924949,8.25587351096,36.5703168736,-6.264385833,97.49999999999874
42,0.186980915057,16.9493246083,-27.139828822,11.1264209092,97.49999999999874
43,0.330747658892,7.57683535165,-9.46380812863,-5.94539006106,97.49999999999874
44,0.871423505063,14.3120508029,-10.3687989655,3.85080627944,97.49999999999874
45,0.427859438624,27.5754274814,-10.8153496468,79.4759331087,97.49999999999874
46,0.789137968294,16.0229019463,-16.5405020069,6.9790573059,97.49999999999874
47,0.315557700034,-10.4427630995,-23.200340951,-6.70398949708,97.49999999999874
48,0.723188360911,6.7560403236,-12.6106500978,1.69755414405,97.49999999999874
49,0.393287021711,17.653209795,-18.2468796268,8.25792069984,97.49999999999874
50,0.19253821697,7.38626245524,-17.8859765491,-7.67150058,97.49999999999874
51,0.135833397349,8.18448588151,-8.94660314143,4.24342088969,97.49999999999874
52,0.415739877624,12.8199334604,-11.9576612857,-6.10818607135,97.49999999999874
53,0.746256814484,9.06981751659,-11.0375660853,1.2939031598,97.49999999999874
54,2.1282414431,12.1957641802,-19.2717967922,-3.2177524731,97.49999999999874
55,0.374489928919,6.75124916723,-13.4437730023,-1.49464887347,97.49999999999874
56,0.333448109426,13.2391610298,-14.827162282,5.54923401545,97.49999999999874
57,0.103219504866,72.6450116455,-59.346278718,26.1160453067,97.49999999999874
58,0.561742716336,-2.79112022601,-16.9792477713,-0.0496633176065,97.49999999999874
59,0.241595998095,20.3625344498,-16.3748647616,-0.305491176846,97.49999999999874
60,0.25136499795,5.77646936619,-24.6584624283,70.52967134,97.49999999999874
61,1.30458264881,-8.02302881243,-19.6624311536,9.01797344608,97.49999999999874
62,0.650086501172,10.088356886,-13.253281088,5.26233692163,97.49999999999874
63,0.311771136257,10.5743159295,-12.4820287404,2.68720625323,97.49999999999874
64,0.934779757274,18.9647866444,-33.6956570461,40.9750184175,97.49999999999874
65,0.127257329257,16.8515676811,6.15352659863,-29.8795509269,97.49999999999874
66,0.949938647728,38.8178425304,-62.6307441164,-26.4841953666,97.49999999999874
67,1.18244282974,0.207866242045,-5.55224542351,-6.04412301813,97.49999999999874
68,0.299863590187,32.4253574422,3.0540959272,1.00404857425,97.49999999999874
69,0.274964702032,-24.3810146874,-15.866786548,22.0086049318,97.49999999999874
70,0.69316696124,12.9516261011,-12.9796297747,0.266985272499,97.49999999999874
71,0.101579595482,25.6791943555,-10.5583906262,-33.2973112421,97.49999999999874
72,0.221062654332,44.7337510519,-7.97636915242,37.9687002395,97.49999999999874
73,0.125899235024,8.2223857202,-11.2818561945,-2.55521273994,97.49999999999874
74,0.131209455081,10.5627505794,-14.6042601447,2.28828431324,97.49999999999874
75,0.28728551904,-75.2017863103,108.521854815,56.6714142632,97.49999999999874
76,0.602012685115,12.5246437044,-17.7070393511,3.52581705743,97.49999999999874
77,0.367150625351,75.223089556,-39.1328054614,33.9691742948,97.49999999999874
78,0.18919068872,2.53681396216,-13.7939975392,-2.41442658422,97.49999999999874
79,1.4843406725,13.5132901689,-13.8636999744,1.03491880915,97.49999999999874
80,0.162805777851,8.1647509087,-13.873875927,-4.50837051382,97.49999999999874
81,0.333739250165,-70.3346830618,-35.606972866,-52.5391738387,97.49999999999874
82,0.308663287934,2.5829878437,-35.4577531609,-39.5709374263,97.49999999999874
83,0.491234174703,12.7996748083,-18.0027297748,5.20982151277,97.49999999999874
84,0.109860981831,7.31759701042,-12.5986866335,0.640041839251,97.49999999999874
85,0.121052073033,-13.8147065157,36.383724519,107.180926499,97.49999999999874
86,0.459922643347,8.37218480893,-20.6148404528,-4.73503286896,97.49999999999874
87,0.78733620265,54.4009209574,6.48365506715,5.76716743635,97.49999999999874
88,0.531979424827,10.4261895265,-17.5440050819,5.21948126584,97.49999999999874
89,0.141295995486,23.5440099861,-15.0568361685,15.488133707,97.49999999999874
90,0.389529670496,12.1646617282,-10.7597998344,-0.50766702928,97.49999999999874
91,0.316527764372,5.61696319153,-14.9558950074,-2.02911904445,97.49999999999874
92,0.121319573097,14.8940163111,-51.3767205331,7.61044436583,97.49999999999874
93,0.106052021337,-28.7458135224,43.0528892621,-5.56365073408,97.49999999999874
94,0.872847765618,20.7965816393,-40.3067038615,-22.0752887708,97.49999999999874
95,0.140671261072,-26.2647440744,-22.536600389,54.697683396,97.49999999999874
96,1.52745883785,75.4093185951,-27.8223546181,-69.3128596926,97.49999999999874
97,0.22040757821,-21.0205556543,4.95094489445,27.463785696,97.49999999999874
98,1.38444283423,21.0648378792,-15.3824012488,2.34068533864,97.49999999999874
99,0.288921575646,17.5648741556,-8.28316593469,5.15277663487,97.49999999999874
100,0.100659266996,-23.0103907348,-100.940164605,140.453266374,97.49999999999874
101,0.288018620545,15.5723490766,-11.4694979456,-0.374008435113,97.49999999999874
102,0.110152497124,9.47193779761,-12.7351888333,-2.90809372745,97.49999999999874
103,2.86699026729,12.264822603,-18.6905975784,-0.149950756029,97.49999999999874
104,0.186780835904,11.1106813735,-14.0144256307,0.40138022672,97.49999999999874
105,0.108544906107,-2.21527746634,-13.7034509036,2.71999883646,97.49999999999874
106,0.667788408751,5.43746410821,-13.57689689,-1.39687418046,97.49999999999874
107,0.733053605235,17.7264055537,-20.4977887264,-6.10024687335,97.49999999999874
108,0.460923849727,14.7056245069,-10.3142386044,-2.07136437055,97.49999999999874
109,0.146218567209,12.1913465819,-20.1345337242,2.50311205519,97.49999999999874
110,0.265295844332,12.3142041607,-9.18385419742,-1.96939665499,97.49999999999874
111,0.230119999132,106.210109592,-75.519157944,49.2624781356,97.49999999999874
112,0.455573297316,-3.01173334098,-58.6759055032,3.76460336215,97.49999999999874
113,0.125230884613,63.6840129231,0.541251216542,-11.1770453786,97.49999999999874
114,0.180727722595,59.2916458175,56.2490255845,7.4962026047,97.49999999999874
115,0.170346281918,17.2460024017,-11.7152065987,-4.69672498208,97.49999999999874
116,0.160682065527,12.4265292174,-18.1280131835,4.64780947347,97.49999999999874
117,0.356029369281,11.0132778248,-14.1036137316,5.91825760052,97.49999999999874
118,0.390214863092,0.351950054269,-1.23551686263,-33.1397145108,97.49999999999874
119,0.168589272606,51.8097377759,-16.5401304388,34.0422069628,97.49999999999874
120,0.145293765283,6.18528079979,-15.2142479347,-3.74854397186,97.49999999999874
121,0.265169438132,15.5050551148,-2.74187900052,29.7378183898,97.49999999999874
122,0.112299804049,11.4920413428,-11.2854110708,5.0026148872,97.49999999999874
123,0.368331458298,11.7799988551,-13.0723565183,10.1817732542,97.49999999999874
124,0.113663515677,7.19409665297,-27.9970291186,10.2463174529,97.49999999999874
125,0.231620921479,25.3554255956,-69.783560099,42.6132604592,97.49999999999874
126,0.172206073467,15.1165200408,-6.52922107281,4.95151120094,97.49999999999874
127,0.483798977432,82.9323477487,-63.6212442955,-2.13944611485,97.49999999999874
128,0.278835651946,11.3865906785,-18.486190977,2.74144657814,97.49999999999874
129,0.15869038805,12.0162045049,-13.0815399896,6.30113367902,97.49999999999874
130,0.164062527983,11.3522346427,-12.531372701,-0.23261363833,97.49999999999874
131,0.108768464932,63.2277430947,-2.96541453383,-34.1863152527,97.49999999999874
132,0.174082150335,14.0938186644,-15.4628510907,-3.81419879455,97.49999999999874
133,0.43527382462,15.6286617951,-14.9739354769,0.0125783422198,97.49999999999874
134,0.350708238534,10.1417164541,-12.8106517229,3.29509887174,97.49999999999874
135,0.708382696866,11.9125760341,-16.1482077883,2.0992633422,97.49999999999874
136,0.241651080066,13.5942255152,-18.6554107144,-3.45211053618,97.49999999999874
137,0.133308224734,9.79407641153,-17.4839642566,-0.705592765367,97.49999999999874
138,0.274369232905,-7.57902634563,-34.4429958109,32.7440059544,97.49999999999874
139,0.668055476241,17.1908291254,-5.99595636764,4.89261251982,97.49999999999874
140,0.552251903088,9.63583623973,-19.0618417128,7.13666486051,97.49999999999874
141,0.314653576082,16.7331357612,-34.9093690567,3.52000746958,97.49999999999874
142,0.14784110288,11.0026798649,-15.9431872117,4.42853819659,97.49999999999874
143,0.170717085685,7.65971164982,-5.92562866058,-4.4591296015,97.49999999999874
144,0.113237808924,12.8295535181,-17.1255488536,4.67077297534,97.49999999999874
145,0.502550233284,-85.2679338127,20.1108928674,-67.1884427697,97.49999999999874
146,1.40624284011,11.0197366688,-17.0009442936,3.70728309901,97.49999999999874
147,0.171693688195,16.1026331254,-17.5081337618,4.29497644874,97.49999999999874
148,0.15542674267,52.5683059996,-62.8801043553,-4.75889582748,97.49999999999874
149,0.479006887513,8.01778647115,-21.783449255,0.0715953229404,97.49999999999874
150,0.105750382684,6.38230409267,-20.2543537049,-1.92528751941,97.49999999999874
151,0.183962913355,11.6058144364,-15.714674812,-1.34557237361,97.49999999999874
152,1.33211972325,11.7099403037,-14.008133653,0.478934496601,97.49999999999874
153,0.128455721691,87.4479449654,-35.6669253807,125.251596708,97.49999999999874
154,0.192285268832,-30.9034891229,-65.8416375106,-32.5962296079,97.49999999999874
155,1.36900028237,10.884809105,-14.4803603604,2.12205873613,97.49999999999874
156,0.592964485423,14.8096049465,-11.8752411038,-9.0644847361,97.49999999999874
157,0.345575059071,16.311430083,-8.6167565459,6.00955754925,97.49999999999874
158,2.79534498005,6.03163317615,-21.3091426574,4.0683558293,97.49999999999874
159,0.118662610708,9.94611781976,-13.89536385,1.63475217056,97.49999999999874
160,0.141218901208,16.9031177849,-22.2218207001,6.42592748069,97.49999999999874
161,0.199388778875,22.0572762157,-19.7036504536,-13.7903552923,97.49999999999874
162,0.173025645688,41.4697815848,0.590870581787,23.0305459639,97.49999999999874
163,0.716142457019,15.7282955319,-7.98804628926,-6.56569173912,97.49999999999874
164,0.802699931329,12.6373533057,-19.0160374465,1.34470773971,97.49999999999874
165,0.259011825303,25.8672685291,-33.6627655266,-3.00148041854,97.49999999999874
166,0.404106846515,10.7148923489,-13.7170948608,-0.627200098307,97.49999999999874
167,0.419234168346,8.75570502995,-15.5632172574,1.34435860946,97.49999999999874
168,0.415201678885,9.81941724006,-13.1615318973,7.39436972717,97.49999999999874
169,0.710287391508,11.6163524904,-18.8490614257,-1.88830722759,97.49999999999874
170,0.335157522528,11.3050037164,-16.0909296662,-0.713232154805,97.49999999999874
171,0.248725918394,11.5387414603,-13.7982658007,-0.442675564275,97.49999999999874
172,0.104098051756,29.10582238,-24.2781943635,7.30813994003,97.49999999999874
173,0.186057628082,7.81205784183,-10.4037271566,0.859400183372,97.49999999999874
174,0.134783674385,-11.1473667942,44.1206327577,-69.1091515234,97.49999999999874
175,0.916575497363,12.6716775851,-12.5651408475,-3.78483238364,97.49999999999874
176,0.234471659228,48.9807191262,-7.42493472032,46.280063246,97.49999999999874
177,0.39465766462,10.4831300425,-12.9715185465,0.0393022513087,97.49999999999874
178,0.190329018165,14.1420055718,-11.7529089128,3.10350063528,97.49999999999874
179,0.360594964644,14.6034064894,-15.3299426226,-0.364038393075,97.49999999999874
180,0.134793972652,14.8718328387,-20.4738769572,0.738491176425,97.49999999999874
181,0.432022563641,11.5696019214,-9.18634093087,0.904387189132,97.49999999999874
182,0.136306252751,19.7127459226,-26.956813955,22.3364477801,97.49999999999874
183,0.311553929705,54.5774312826,82.4273559407,52.4857433821,97.49999999999874
184,0.244334384464,12.4245834804,-12.1195168435,-2.10519486965,97.49999999999874
185,0.137160459135,-10.2655407601,36.0615946773,-16.0565209871,97.49999999999874
186,0.276264122119,15.0312902898,-28.1214397316,5.11224269473,97.49999999999874
187,0.295458447729,13.9625371257,-18.5229077881,0.0690832855579,97.49999999999874
188,1.19589798271,8.61018092118,-13.2517971185,3.22275448991,97.49999999999874
189,0.11930754748,10.5027665093,-14.0341204123,0.618160963262,97.49999999999874
190,0.281909760189,7.56266838279,-17.1761165162,-7.08280921615,97.49999999999874
191,0.396206499057,4.05483733145,-9.38286299908,1.99867886842,97.49999999999874
192,0.163196628855,20.5752079251,-14.8420943819,-3.11394741507,97.49999999999874
193,0.235340557236,10.6307381333,-16.2251894755,3.4720726393,97.49999999999874
194,0.222352942967,-0.986894299937,-43.3256185261,-43.4161699453,97.49999999999874
195,0.470099678948,14.5436582611,-16.2080888965,6.17200151224,97.49999999999874
196,0.163809916978,-14.4876838596,-16.2832010183,15.2902448956,97.49999999999874
197,0.203423277926,-0.47557345231,-19.8880058384,-1.63826465602,97.49999999999874
198,0.222966772175,-126.942527184,103.907773869,26.8173470216,97.49999999999874
199,0.39239639727,7.25533215142,-11.2430250391,-0.228264148017,97.49999999999874
200,0.177520802915,10.4284708989,-15.4216140782,-1.29536315983,97.49999999999874
201,0.626208611457,14.7565429127,-15.3228798124,-0.953294258097,97.49999999999874
202,0.117381528229,1.59357221085,-13.0013687052,-3.01569573904,97.49999999999874
203,0.133460921807,99.3897851619,34.5251888894,-59.94587562,97.49999999999874
204,0.101562869281,77.5533825124,11.6393222945,-18.6575339796,97.49999999999874
205,0.376492240103,9.03335087174,-19.0805251681,-2.92327646049,97.49999999999874
206,0.408799146211,12.0660900225,-14.4571898228,2.71312581549,97.49999999999874
207,0.281201065082,-30.3206637143,-26.8530820546,-22.5379555151,97.49999999999874
208,2.10623966303,-0.177791967655,-5.90930833335,1.84790464413,97.49999999999874
209,0.107815434707,11.4341238927,-10.9065770522,2.58357010229,97.49999999999874
210,0.963212772351,10.9392556303,-11.6526171772,-3.5036839435,97.49999999999874
211,0.710820506461,8.31145352732,-9.59766893818,-8.10176689212,97.49999999999874
212,0.251601003952,8.57076476454,-13.0196766451,0.434137473313,97.49999999999874
213,0.335110818974,18.1741879412,-16.9760518798,3.59404153767,97.49999999999874
214,1.64698973358,11.7198073492,-15.6209942562,1.36574529137,97.49999999999874
215,0.389601594248,54.6909990682,15.0460776248,45.0113749161,97.49999999999874
216,1.43569569691,10.5851230384,-3.62554659323,2.4016278961,97.49999999999874
217,0.276539802632,9.90395823874,-11.4141250422,1.86520574973,97.49999999999874
218,0.191390514729,7.9870597318,-16.7711926739,-4.94931646624,97.49999999999874
219,0.538858915508,-36.0784057159,133.499679161,42.2225861264,97.49999999999874
220,0.246149845696,4.59017377511,-19.2889843773,-0.534973210748,97.49999999999874
221,1.75863742469,6.21112993665,-18.2749102399,1.18121934042,97.49999999999874
222,1.39968749545,44.5376051888,37.8003159513,-98.6814887136,97.49999999999874
223,0.802522891414,-29.789815058,-58.5318487994,70.57253388,97.49999999999874
224,0.543416591028,-12.1139565796,-8.38326095541,-6.26460614016,97.49999999999874
225,0.642990656551,33.3614795958,-114.809228309,-13.6238786473,97.49999999999874
226,0.147626202157,9.81955689661,-21.7515803453,3.66771362857,97.49999999999874
227,0.871168626449,-83.8444580867,45.9236826864,-103.190885667,97.49999999999874
228,0.252629845547,15.0481747026,-17.0025119819,-0.110078180612,97.49999999999874
229,0.202169015844,10.1748378724,-11.0770516674,7.88490988524,97.49999999999874
230,0.16535358608,34.1266064282,-61.7302824532,-68.2871503013,97.49999999999874
231,0.129889489629,67.8184609883,-1.31136120931,-29.8576775344,97.49999999999874
232,0.168948979044,9.98207790451,-15.6465622604,7.68865268919,97.49999999999874
233,0.218720263852,13.0875614178,-100.24665539,36.5685163272,97.49999999999874
234,0.598438150095,-18.3909229135,130.962411357,-35.2617527372,97.49999999999874
235,0.115404471861,8.02602458378,-19.9380179175,0.0801431472922,97.49999999999874
236,0.108537981984,10.5831729335,-11.8161451257,-0.74430092974,97.49999999999874
237,0.378145264626,13.0383857624,-17.2509288865,3.83819964267,97.49999999999874
238,0.220921978345,16.5766265778,-14.1699105499,2.30515594575,97.49999999999874
239,2.61352063595,20.1837879813,-26.2576407417,13.1641851246,97.49999999999874
240,0.2088676231,4.32079375884,-7.25873494669,1.59609116122,97.49999999999874
241,0.10882764619,8.78595153284,-15.8001262187,-4.84323038391,97.49999999999874
242,0.233030752614,7.14957972019,-19.8729621293,4.54354938785,97.49999999999874
243,0.136859525733,12.42132818,-7.08363449326,9.40646615105,97.49999999999874
244,0.12348905186,13.0461646062,-15.4233439618,3.09625370072,97.49999999999874
245,0.335733192151,11.2961740353,-14.2947401665,-2.16013213223,97.49999999999874
246,0.674703534146,7.79988001045,-13.2909867576,-0.290649099974,97.49999999999874
247,0.106577870974,-1.09595458089,17.2858549544,-7.58173104575,97.49999999999874
248,0.540191634415,21.3948530342,-43.753908017,-41.4796128583,97.49999999999874
249,0.674916466244,15.5092410704,-18.5484316756,-1.02573607111,97.49999999999874
250,0.369856013268,21.1820344769,50.8263342871,-16.6047358319,97.49999999999874
251,0.282131332545,5.02201608473,-15.821408335,-1.19948021463,97.49999999999874
252,0.105554174427,11.0014992357,-19.6136884821,2.71843224863,97.49999999999874
253,0.288385573102,10.9702990124,-9.34887092093,-3.40618322278,97.49999999999874
254,0.144979312849,-83.886504404,-40.0891464037,-0.908925241959,97.49999999999874
255,0.153186299472,117.21248271,-52.1646669061,36.6529116012,97.49999999999874
256,0.125576408321,30.7967597714,-24.0390393398,39.6083351615,97.49999999999874
257,0.232230565619,10.5773204788,-18.1743735059,-2.01915376662,97.49999999999874
258,0.217308270234,10.439475007,-15.3656804578,0.0615436432728,97.49999999999874
259,0.224099031262,-10.4037069654,-12.0342929061,19.100895592,97.49999999999874
260,0.80577099414,1.77362738541,-27.4638957426,-0.872900285392,97.49999999999874
261,0.180897132527,13.2689589087,-17.5014233539,0.156482573765,97.49999999999874
262,0.15203949025,11.3919221729,-13.6557548892,6.21615941745,97.49999999999874
263,0.156683607714,13.2493694011,-14.1296116401,-3.28804963197,97.49999999999874
264,0.256054940566,26.7721925475,-13.5514510406,-27.9871828177,97.49999999999874
265,1.75983715418,-49.2686937296,17.5711266684,-15.2977072744,97.49999999999874
266,0.207774420471,19.8690587956,-13.6665066235,0.684133172257,97.49999999999874
267,0.13694123068,14.5161267321,-8.81067883325,3.74659214658,97.49999999999874
268,0.260114692499,17.5348009304,-13.9450943353,8.15095134741,97.49999999999874
269,0.217427109068,14.3432572382,15.5334418887,38.7414515194,97.49999999999874
270,0.500940993768,11.8803737505,-14.4673035906,0.782330230002,97.49999999999874
271,0.136683675278,10.7748284713,-17.7176858478,5.13735567819,97.49999999999874
272,0.284547598934,-13.694494051,-33.0428772246,37.3403187677,97.49999999999874
273,0.141031562154,20.4711331972,-41.1116557306,21.6071432799,97.49999999999874
274,0.301375996689,7.01388137355,-15.5030762494,-5.00448367016,97.49999999999874
275,0.12938404238,11.4354044396,-13.098647421,-1.58008570734,97.49999999999874
276,0.332754385391,14.1179767758,-13.805870406,4.25069857338,97.49999999999874
277,0.117508108015,11.126489211,-8.94336297121,2.46600293129,97.49999999999874
278,0.461463830668,17.2452555616,-16.0177695124,4.11553134804,97.49999999999874
279,0.134428224848,7.17878813855,-16.8887176617,3.7359928036,97.49999999999874
280,0.304194872073,10.4735716678,-10.7395561283,-13.470524075,97.49999999999874
281,0.112104369631,10.8039469574,-11.873728797,-3.53564883299,97.49999999999874
282,0.131454394303,14.2594334235,-18.5148108407,-0.974136995263,97.49999999999874
283,0.135316304726,8.88370657656,-7.02837312726,-1.57637792804,97.49999999999874
284,0.210020957006,13.2405949548,-15.9069777096,1.89155615078,97.49999999999874
285,0.24170269384,6.76948419756,-15.7084859281,6.32025548468,97.49999999999874
286,3.24699598518,-28.0111040651,52.3149749448,-65.1327176603,97.49999999999874
287,1.07626726419,8.781659352,-16.0404258978,6.2604957438,97.49999999999874
288,0.222131244001,-3.34736863828,-9.10942864769,1.76675719764,97.49999999999874
289,0.158383628387,10.5167997681,-14.1762527999,3.16203148337,97.49999999999874
290,0.136502420162,8.29507230659,-19.6451704262,1.76061144428,97.49999999999874
291,0.524750986351,12.3782526686,-16.7923294596,0.655043580574,97.49999999999874
292,0.18923020555,-65.6780048855,-1.88041049115,20.692075042,97.49999999999874
293,0.710679101169,8.16594477934,17.5692222533,-55.6196065924,97.49999999999874
294,0.30180251391,-5.82613832527,-26.6765014293,-29.3521308623,97.49999999999874
295,0.554075499085,8.54615158039,-11.1031525342,-0.454347857282,97.49999999999874
296,0.821228596321,-2.26423769826,-6.54909918868,-16.2475536759,97.49999999999874
297,0.433434849948,-30.8492968422,45.9292318679,26.8417610962,97.49999999999874
298,0.188841538371,-25.3273155889,-33.8718895489,-115.968912573,97.49999999999874
299,0.111606897174,16.0527713267,-14.9592228425,3.24587831371,97.49999999999874
300,0.248689475077,9.26977029317,-15.5765144694,1.35271214512,97.49999999999874
301,0.145632996203,-7.93230586224,-13.0506940015,24.0075074894,97.49999999999874
302,0.231371345036,2.78383499766,-20.6555347303,-4.82216960641,97.49999999999874
303,0.250356913427,53.4268453138,-66.1527796574,-51.2413067627,97.49999999999874
304,1.17252227001,11.6917651929,-11.5333447519,4.54453827947,97.49999999999874
305,0.187971277996,0.0715622377079,-23.5196972593,-1.38040469567,97.49999999999874
306,0.6316129462,12.483888155,-13.8100189245,-0.531156285514,97.49999999999874
307,0.24833364436,8.11756041111,-16.3208909327,0.230326520642,97.49999999999874
308,1.45304801915,35.0450455567,43.4053612263,-30.1395093022,97.49999999999874
309,0.222514515729,0.62790567399,-20.7538085571,3.57947430578,97.49999999999874
310,0.352353954114,15.0414188329,-17.733360969,2.96520534666,97.49999999999874
311,0.13654596443,-28.1923999857,-23.4961327123,-59.3496335209,97.49999999999874
312,0.262633552318,20.0941145706,-90.6319778703,-133.614758041,97.49999999999874
313,1.50988524405,12.3852481525,-11.7259811743,2.07737534583,97.49999999999874
314,0.699989604906,12.2462980568,-18.5879515979,4.50986677994,97.49999999999874
315,0.118293035869,17.3696497306,-14.2554809147,23.6149030886,97.49999999999874
316,0.186320751533,-21.5540582365,-14.0681370978,-13.1687689474,97.49999999999874
317,0.396682265283,37.8372498378,4.64630513134,-24.5663233468,97.49999999999874
318,0.589933131151,10.3011419322,-20.1571277396,0.399771408261,97.49999999999874
319,0.349051013897,12.5484297864,-17.0175985596,2.86614948907,97.49999999999874
320,0.145897139756,43.3681948809,-34.3778161454,-8.17069246726,97.49999999999874
321,0.926797260405,-10.7051208029,-33.632029629,-65.7705037759,97.49999999999874
322,0.127961511533,13.2516177901,-24.5102520141,5.41630385054,97.49999999999874
323,0.543208221932,11.2073369533,-11.7462479353,-3.57271291722,97.49999999999874
324,0.161050962838,-57.7824422229,-32.2343735094,7.74894847046,97.49999999999874
325,1.37987165021,10.6837921996,-16.7476729353,3.11392453258,97.49999999999874
326,0.980933586288,65.1290684889,9.39960143154,1.41190797424,97.49999999999874
327,0.220449130061,10.8013984562,-10.1447228376,2.47676424451,97.49999999999874
328,0.150810240388,23.9274436647,-50.4307950535,-12.0781446534,97.49999999999874
329,0.330684355845,16.1016279563,-13.2503336613,-1.11733913352,97.49999999999874
330,0.536791503039,-47.8282201305,4.58515345556,-35.1605590532,97.49999999999874
331,0.202709801892,-46.7123644939,75.2065321596,-51.8960324571,97.49999999999874
332,0.201459131294,10.1851374272,-14.2968292107,-1.59068328662,97.49999999999874
333,0.144432260764,13.9128207782,-19.345955609,4.28526014141,97.49999999999874
334,0.154924390859,18.7175420897,-14.199066368,0.891644046363,97.49999999999874
335,0.363905194979,10.4530090786,-17.5753344465,6.3934915155,97.49999999999874
336,2.55739882453,75.0367043208,10.6132316402,-43.8932679134,97.49999999999874
337,0.24955300718,11.0704978212,-13.7230007314,1.05408821604,97.49999999999874
338,0.725024458432,28.112981128,49.6308744145,28.2312041557,97.49999999999874
339,0.402322389505,14.3397717373,-14.3247928624,1.30387978761,97.49999999999874
340,1.06794026075,66.155385747,2.84166681558,39.2151254469,97.49999999999874
341,0.265814215108,-23.9796802791,-32.455847464,-17.6930112739,97.49999999999874
342,0.170764917321,14.199878059,-23.7498234661,-2.33890959279,97.49999999999874
343,0.276452936129,-55.2865256985,-129.461743777,29.540992931,97.49999999999874
344,1.17833557095,12.9844467958,-16.1372464837,0.788095303474,97.49999999999874
345,0.138953212826,6.22005349764,-17.7224928884,5.77071866833,97.49999999999874
346,0.100018091693,14.4428214836,-21.9535708624,5.13201572017,97.49999999999874
347,0.213617290413,6.295850049,-15.3210486491,1.5034440241,97.49999999999874
348,0.44918429052,13.8981076513,-13.2755771991,-0.393074883876,97.49999999999874
349,0.251401927628,19.3662000521,0.738963184001,14.3262033869,97.49999999999874
350,0.680968657863,10.1979254222,-14.5985032227,4.61209062293,97.49999999999874
351,0.194645654059,18.9100398204,0.571469188124,-33.8465011893,97.49999999999874
352,0.147312349501,65.9364394774,-118.727300029,121.161652257,97.49999999999874
353,0.494214361807,16.0860508176,-12.9752740418,2.8409213795,97.49999999999874
354,0.126637168274,81.116111644,-32.2530401258,-32.1410780621,97.49999999999874
355,0.348946098487,-10.6993234014,-14.9518891839,12.9161522599,97.49999999999874
356,0.617864808399,8.52927172885,-9.57379805686,0.0370183650721,97.49999999999874
357,0.261886896727,-8.64310333861,-14.9260838903,13.6188893372,97.49999999999874
358,0.240561647184,13.7213910331,-17.5790488346,1.50523988969,97.49999999999874
359,0.550067246962,11.536240073,-14.9121916772,2.51302291707,97.49999999999874
360,0.105679227299,-85.6207300089,-68.7801151461,70.0575090207,97.49999999999874
361,0.155300451264,16.5694964987,39.0428585472,32.1167895601,97.49999999999874
362,0.100049765923,13.7378862767,-16.352744223,2.085518894,97.49999999999874
363,0.312257396715,10.9889456368,-11.1880788337,-1.96986019423,97.49999999999874
364,0.196365671087,8.32899144471,-21.4287963388,1.12613314008,97.49999999999874
365,0.131254233379,17.3513426392,-48.9669469519,25.1653371897,97.49999999999874
366,1.96847987785,16.6051801103,-10.0211809055,-5.94789239534,97.49999999999874
367,0.187444118523,8.83072119859,-10.9999163714,-0.633079198962,97.49999999999874
368,0.142712818323,14.9923376982,-22.4384835504,-4.25300988989,97.49999999999874
369,0.117428123746,14.0080632358,-18.0107901158,1.45275252333,97.49999999999874
370,0.138239684071,2.40198455573,-9.08068588358,-2.78868277668,97.49999999999874
371,0.276138328745,84.6578627533,12.384285369,-23.9474062294,97.49999999999874
372,0.185327815033,19.7300550026,-17.4901091062,6.56056854848,97.49999999999874
373,0.155123328559,9.01633681676,-18.2279136655,4.59404253822,97.49999999999874
374,1.18585901573,44.4430249046,-10.0180153869,34.4247464705,97.49999999999874
375,0.206894945889,-3.53163502532,-3.56874402629,-1.87495174933,97.49999999999874
376,0.190029619611,13.345993643,-13.7089324723,-2.41957809841,97.49999999999874
377,0.152311057037,12.4273056659,-13.7100839622,3.04887264524,97.49999999999874
378,0.118276002247,-0.119595801746,43.7866544259,-27.0102100637,97.49999999999874
379,0.1877553386,4.78808980257,48.7733167272,10.0957371988,97.49999999999874
380,0.103498171724,5.14884369807,-20.6900941022,-5.10936369347,97.49999999999874
381,0.32408193913,17.6518699536,-12.4828758104,-1.96243273158,97.49999999999874
382,0.110868314055,12.1952668367,-15.1495073657,2.57025521396,97.49999999999874
383,2.07892715982,-35.2556175935,42.7635276557,52.3833115429,97.49999999999874
384,1.03108340663,13.3170629172,-15.9190770901,2.48975528428,97.49999999999874
385,0.224496674242,6.74235932223,-8.61246090911,15.9767083136,97.49999999999874
386,1.2860784862,13.6635683037,-5.17614124867,-2.42966404282,97.49999999999874
387,0.116527194896,6.51832574389,-130.532405066,-34.3725101167,97.49999999999874
388,0.100237926709,41.6748144574,22.4785100509,81.7894262303,97.49999999999874
389,0.141424844303,14.2837530167,-9.77883396496,-3.45779822644,97.49999999999874
390,0.497848960335,12.8546303602,-15.5199198459,6.65135028556,97.49999999999874
391,2.73206458406,-2.08859822548,-20.6663282259,16.2432625885,97.49999999999874
392,0.552527530854,-18.160432881,19.8868670344,108.982840867,97.49999999999874
393,0.173358701534,12.189129207,-12.1424347283,1.56779088923,97.49999999999874
394,0.110400096052,-26.2098731864,33.1274416921,-56.1064190667,97.49999999999874
395,0.337351082818,9.66436540592,-14.2009196446,-0.782670882393,97.49999999999874
396,0.322847394822,13.4383143449,-19.4968849915,9.54631591823,97.49999999999874
397,1.52792922293,14.2835590505,-12.4679104845,1.94528147907,97.49999999999874
398,0.107414225767,13.2656989125,-17.5846034454,3.13177595912,97.49999999999874
399,0.131195054548,13.8791974708,-11.734603405,0.219277199019,97.49999999999874
400,1.19320033491,11.4609248939,-13.7427342582,1.00719488817,97.49999999999874
401,0.396799102706,-84.0754332957,52.2112816798,-34.2604132261,97.49999999999874
402,0.320494193709,10.8355216974,-14.7595989697,4.20324803275,97.49999999999874
403,0.648473003178,12.2477506117,-20.4661553154,-4.87621917428,97.49999999999874
404,0.149442321863,-92.1629534861,62.880697484,0.985322576768,97.49999999999874
405,0.11251142201,9.93870315024,-15.1524620847,-9.87524908581,97.49999999999874
406,0.334601923484,-4.95083018617,21.3634487047,2.30937073204,97.49999999999874
407,0.133836278793,20.4908082261,-19.4212214258,-10.5326024299,97.49999999999874
408,0.104515855667,-21.4142151283,-33.2275540272,-70.7816420603,97.49999999999874
409,0.104908567638,-12.3466546439,-18.9111224834,8.24885650979,97.49999999999874
410,0.656126371291,-4.0789276665,-13.3109578156,4.85133794361,97.49999999999874
411,0.156585716124,14.3941866122,-18.6143204,0.21766849025,97.49999999999874
412,0.34816429128,13.9158019192,-12.6992387778,-2.17312234815,97.49999999999874
413,0.574105823591,6.75602230622,-18.9073717413,-9.567440568,97.49999999999874
414,1.67905401788,7.06004687266,-15.120619954,-5.33084450566,97.49999999999874
415,0.548395362942,4.69722777684,-16.0608791545,-6.40691847154,97.49999999999874
416,0.526609074096,4.36709269272,-15.3366738627,8.34009013717,97.49999999999874
417,0.193065510582,9.91387524012,-14.1210302324,-2.81920773632,97.49999999999874
418,0.218241814926,-20.2663404926,-39.2125540773,53.4540260298,97.49999999999874
419,0.127686709291,58.7286377846,-1.80429297919,16.9109473191,97.49999999999874
420,0.567064804593,12.5405813693,-13.7062157185,1.23688738727,97.49999999999874
421,0.15491269589,18.5949033155,-13.9209640745,3.50558553988,97.49999999999874
422,0.131676693674,-40.0434588395,-41.2242680944,-9.32670390747,97.49999999999874
423,1.30779733241,-54.7733814693,34.060459505,96.3369177444,97.49999999999874
424,0.656265060238,8.95796027951,-16.3365889003,2.80147705794,97.49999999999874
425,0.521931253987,13.8321240357,-23.1197011382,3.52493260696,97.49999999999874
426,0.272115793808,31.5071545644,37.6411341868,64.1709933668,97.49999999999874
427,0.177280676106,12.0583027927,-23.1859933255,-10.9782641551,97.49999999999874
428,0.498970105579,10.7769939359,-19.3014351322,5.16561844198,97.49999999999874
429,0.961232090812,8.07172836855,-19.5105085692,0.850440692368,97.49999999999874
430,0.204549751271,15.3686109353,-12.8373430459,1.74876081095,97.49999999999874
431,0.29536560624,8.16696939962,-4.23013621868,-5.32677454288,97.49999999999874
432,2.08721556268,-3.90865835162,-34.2139104243,-74.178410102,97.49999999999874
433,0.18089972733,29.4850244223,-45.3986349193,-14.8402298143,97.49999999999874
434,0.142137240999,10.5471054049,-16.0937174713,3.74457967663,97.49999999999874
435,0.160210952968,8.3383619049,-17.538020446,-1.78538692425,97.49999999999874
436,0.525243368423,11.015397059,-8.0906940428,-1.3894364426,97.49999999999874
437,0.914323584437,41.7420327147,-2.81737617875,-10.4822269078,97.49999999999874
438,0.344981021698,36.0986399694,39.5046779819,-151.487480057,97.49999999999874
439,0.176329267373,14.8287714979,-18.1524037599,4.12715862042,97.49999999999874
440,0.153100751626,7.09410815005,-12.5061209409,-5.50388324778,97.49999999999874
441,0.437337694439,-59.9615049592,-32.7669197103,96.9987662913,97.49999999999874
442,0.214688497462,13.8776203567,-10.9374519963,2.72052362221,97.49999999999874
443,0.322296726839,6.61102666137,-16.5243426724,-1.37356711609,97.49999999999874
444,0.101119442344,8.85317065693,-18.340701706,1.91414600463,97.49999999999874
445,2.6360131373,10.423302721,-12.3161465769,-2.79574693676,97.49999999999874
446,0.104902072476,-81.4995003048,34.7502878956,33.983154778,97.49999999999874
447,0.209820639113,14.1701641094,0.716286706319,12.9059141437,97.49999999999874
448,1.38890601577,29.3393045741,-24.7486855489,1.6502667131,97.49999999999874
449,0.249848614653,36.632826876,39.9376577713,4.11371073133,97.49999999999874
450,0.114892764287,7.79852024671,-2.45952595737,2.78438156818,97.49999999999874
451,0.189792193073,12.4731718304,-19.7969519721,0.231452546496,97.49999999999874
452,0.392401089829,11.8939514606,-19.7993150849,-2.35103186907,97.49999999999874
453,0.256157593799,11.9668483075,-15.8200634687,2.91179452731,97.49999999999874
454,0.294571763364,3.37620230172,-21.758271077,-6.49436134503,97.49999999999874
455,0.303178748926,13.3608513737,-20.01051245,4.49359717112,97.49999999999874
456,0.241156037865,0.105291639409,-12.2273075494,-4.74557374813,97.49999999999874
457,0.203291805367,13.888139082,-18.7074785939,-1.34871295267,97.49999999999874
458,0.182300281254,12.2999389789,-12.9335555299,-1.17412047585,97.49999999999874
459,0.157353324401,22.0536691855,-40.8016958339,14.4919362239,97.49999999999874
460,2.64547949751,11.4697400818,-17.3434779432,2.78729401403,97.49999999999874
461,0.390632023872,19.9457165635,-17.5682576945,5.16671975778,97.49999999999874
462,0.124412517731,10.0850248534,-15.7562221874,3.24655639801,97.49999999999874
463,0.353345565173,21.4316964676,89.3272525384,-9.2481814487,97.49999999999874
464,0.444717757937,10.19648784,-12.2251320528,0.434542433952,97.49999999999874
465,0.136576576059,-13.5784580301,-39.8305633667,15.7961611265,97.49999999999874
466,0.974255685014,15.8734305442,-13.4719770013,19.3937918988,97.49999999999874
467,0.347313585081,-2.23334977705,6.66237518031,-3.66614330196,97.49999999999874
468,0.299672657204,6.92428493481,-19.1492221354,3.52453942415,97.49999999999874
469,0.407521191558,-8.84931189242,-13.2269107938,14.2749099971,97.49999999999874
470,0.16417911133,11.6118305042,-18.1149198106,6.51202066311,97.49999999999874
471,0.121476263372,24.9914978087,13.9167820335,-9.29316976752,97.49999999999874
472,0.237022725628,-146.545880261,-48.6025406344,59.4532893284,97.49999999999874
473,0.24191682922,12.2715207741,-16.4023123128,-16.0460554679,97.49999999999874
474,0.269666742701,3.64002752491,-14.2109475887,5.26190916361,97.49999999999874
475,0.331099959032,2.24441059225,-24.8781595101,1.89522850259,97.49999999999874
476,4.00335898375,11.2139684767,-13.9681792911,2.46202775253,97.49999999999874
477,0.170876194554,26.0234574556,8.33327490451,24.0895814354,97.49999999999874
478,0.134224979141,9.30700325241,-25.3800733908,12.8787451805,97.49999999999874
479,0.262359510311,8.12821030011,-22.2523067089,7.87859441946,97.49999999999874
480,0.459379882579,10.263819925,-14.480470003,4.6788089054,97.49999999999874
481,0.218346018345,-17.2339752083,-50.6195436475,28.1235496854,97.49999999999874
482,0.170185880942,40.8332108712,69.1580579301,2.70583545065,97.49999999999874
483,0.20861536317,7.45198776139,30.2687652038,-62.7938639082,97.49999999999874
484,0.545292715762,37.7390904205,-16.8603308655,38.8435521864,97.49999999999874
485,0.412509891484,1.34558228175,-13.0970445628,-2.23005159374,97.49999999999874
486,0.488945481821,13.4019853384,-17.4246373248,5.54072540205,97.49999999999874
487,0.181689469702,6.73850193647,-18.4036982638,-5.61421382556,97.49999999999874
488,0.162745981038,10.4355181872,-14.9251244874,2.18297437859,97.49999999999874
489,0.588453916327,9.93345497181,-13.7885254795,3.0104950642,97.49999999999874
490,0.521452741591,7.272624578,-18.9693975138,1.67205873117,97.49999999999874
491,0.435028108247,-28.2785758638,71.4871237952,9.9781965253,97.49999999999874
492,0.482788612238,23.0379342011,-2.75573076574,17.5652681625,97.49999999999874
493,0.193479646106,0.200565006116,19.0080265598,6.39035604129,97.49999999999874
494,0.417210320376,10.1988580667,-17.5940599119,-3.81193383893,97.49999999999874
495,0.803212692617,-120.33606675,-44.0041640838,46.728128726,97.49999999999874
496,0.774525633752,56.3932707608,2.36088292385,36.3066082596,97.49999999999874
497,3.97712566711,13.1455842765,-16.9016226571,7.52780309479,97.49999999999874
498,0.100424040191,12.878145882,-16.0655441752,2.92590200916,97.49999999999874
499,0.621881610036,15.6006583468,-18.4610672099,2.82356066026,97.49999999999874
500,0.211178398928,10.5791110016,-12.1835656725,-1.27305532221,97.49999999999874
501,0.118786418747,16.6668730983,-9.08325668929,9.81136114903,97.49999999999874
502,0.140208533571,-91.6469591695,-168.0062916,-9.05351356651,97.49999999999874
503,0.460763520562,11.0468912457,-21.5772308251,0.534771358438,97.49999999999874
504,0.222953742724,19.8767467446,-10.4423315851,5.69605083731,97.49999999999874
505,0.212897813737,10.7277086257,-12.9178410177,1.06618991863,97.49999999999874
506,0.258011577295,11.2309972119,-42.5457544563,-1.01097560966,97.49999999999874
507,1.11905399153,-8.54670608588,13.5812524953,72.8431642016,97.49999999999874
508,0.842960253564,-13.0973782645,-11.0598930803,27.3764095764,97.49999999999874
509,0.388796848629,6.56045086152,-17.9453169268,1.12192347458,97.49999999999874
510,0.332871125254,-5.07260507126,-13.007249255,16.5137633066,97.49999999999874
511,1.35940932572,-16.4729922443,-18.5794181558,-105.33289008,97.49999999999874
512,0.183027451642,4.31221413054,-22.2257046991,3.84616076494,97.49999999999874
513,0.1626665326,12.3420096397,-43.1408690963,25.6402850477,97.49999999999874
514,0.33696486598,13.1474120086,-10.9970145112,0.00561523094582,97.49999999999874
515,0.338738673674,11.1374262229,-18.5084196363,1.89597573699,97.49999999999874
516,0.292984768318,10.2986011301,-12.5189333267,-5.06758803758,97.49999999999874
517,0.212444881143,-33.8359615178,54.5284314523,-83.4528928999,97.49999999999874
518,0.217053414839,14.3206920692,-8.15964876661,-6.21638339438,97.49999999999874
519,0.182434851595,16.5186540033,-16.0173830172,0.522058865981,97.49999999999874
520,0.226648252623,12.2352113149,-20.6697144151,5.456351814,97.49999999999874
521,1.45033167803,11.0408056919,-17.3631600495,0.495837766332,97.49999999999874
522,0.484821532624,12.5348858124,-15.9261939362,3.67277329951,97.49999999999874
523,1.17315030616,9.97156174681,-17.6446193589,4.09714194503,97.49999999999874
524,0.101950855116,30.4405205929,8.18810842794,-48.9975431512,97.49999999999874
525,0.131456960033,13.3372819279,-14.6934171361,-3.40429434085,97.49999999999874
526,0.507890937184,33.8518405812,-48.4973458949,-6.15361445168,97.49999999999874
527,0.285261904848,-0.500756824704,12.1679784837,4.22547170138,97.49999999999874
528,0.156390403065,16.9514350528,-26.6639201674,12.7013316668,97.49999999999874
529,0.260727056539,13.0974484107,-10.3057216006,-2.2624787011,97.49999999999874
530,1.30209869416,7.11385155303,-22.4514634072,6.00173813674,97.49999999999874
531,0.52777932646,12.9855117423,-17.5517052793,-2.35237349207,97.49999999999874
532,0.316450926359,-23.4248847437,-30.3870414488,27.3469154856,97.49999999999874
533,0.153521858915,-1.85965359617,-13.9340447175,2.4354831162,97.49999999999874
534,0.298696896893,-46.5571520203,-17.064468115,-25.4806138802,97.49999999999874
535,0.206631056241,9.29883722662,-10.3688537739,1.66010336101,97.49999999999874
536,0.488154825363,0.886254442038,-21.4251651369,1.9727526715,97.49999999999874
537,0.133782173616,12.4582564433,-11.3082380516,2.06991116041,97.49999999999874
538,0.850635741787,6.592657715,-10.9547536059,-3.32410450438,97.49999999999874
539,0.802581424386,-67.6850746223,42.0952987323,-46.0723736073,97.49999999999874
540,0.192018373594,8.68296880089,-16.1825203492,2.30825795309,97.49999999999874
541,0.53466977209,11.8926072899,-10.4179591741,-6.24176651855,97.49999999999874
542,0.176657574437,0.529119214015,-11.3403126516,-1.00624314965,97.49999999999874
543,2.32836650188,58.3172359854,46.0824514666,-16.2378907678,97.49999999999874
544,0.400128786681,0.125260314108,-15.3964603926,5.02917470279,97.49999999999874
545,0.997522529263,10.3714796568,-12.9406300089,2.69603629267,97.49999999999874
546,0.320700500172,-81.2077270973,36.7113941223,41.6780256934,97.49999999999874
547,0.137626818013,7.29517938392,-11.6310863334,8.16844789647,97.49999999999874
548,0.156597788934,8.78386830848,-16.3456719315,-5.54208081997,97.49999999999874
549,0.162903124026,1.46504719165,-14.5830720818,3.05323853267,97.49999999999874
550,0.198612363101,-0.14716182138,-13.0565124003,-10.0245125784,97.49999999999874
551,0.232341271568,11.3974418721,-11.6174914911,5.41721752347,97.49999999999874
552,0.143417861812,-37.7314422616,128.060062609,10.7610353829,97.49999999999874
553,0.435756566126,12.1183972216,-12.9816158469,1.19556265726,97.49999999999874
554,0.194465180234,37.1263172776,-69.3042409574,-59.5455849609,97.49999999999874
555,1.22525493138,18.9820811944,-8.38370342731,15.9751341954,97.49999999999874
556,0.13284495678,14.0824146552,-16.0530243078,5.46202361808,97.49999999999874
557,0.358301398411,8.38117011847,-70.5981754007,-14.9820079913,97.49999999999874
558,0.118878079338,11.8022193744,-13.3251143171,3.25637388159,97.49999999999874
559,0.224382749716,0.893672428802,52.738414088,13.16591413,97.49999999999874
560,0.143395848483,0.774621231231,-11.9162272748,5.2257749106,97.49999999999874
561,0.172256250919,9.62143329439,-17.8156099259,-1.82484138361,97.49999999999874
562,0.6038741948,8.22454691451,-13.8719158753,8.56437494784,97.49999999999874
563,0.653023956593,1.56407281333,-30.7629706934,-11.2711090273,97.49999999999874
564,0.110848921571,-36.4121608843,-37.3280358654,33.7314607878,97.49999999999874
565,0.25249558428,34.7567158922,-27.1372863398,5.38553356454,97.49999999999874
566,0.223564886982,-67.2365396712,25.9519015173,45.223698774,97.49999999999874
567,0.142115859838,34.4170727649,-91.9277146582,-23.0418903309,97.49999999999874
568,0.161558371421,11.1008421602,-12.2899718858,0.635041149132,97.49999999999874
569,0.231494008024,13.1273259597,-21.1190795832,-0.972507042655,97.49999999999874
570,0.322570121265,12.7826940621,-16.5181846469,5.19431475186,97.49999999999874
571,0.259753508204,112.523064036,-0.159634697681,52.4653948998,97.49999999999874
572,0.257624619376,-45.1134074429,-100.342985215,19.2719890736,97.49999999999874
573,0.142015371207,6.97838400916,-13.4492422394,0.944587478056,97.49999999999874
574,0.712389048998,17.1994214097,-29.2490041544,3.4477902954,97.49999999999874
575,0.200640225358,18.1186498612,-6.79958618102,-4.40839264425,97.49999999999874
576,0.537602841043,9.78467850992,-14.1475883769,6.65110980153,97.49999999999874
577,0.194473456215,-78.9401179034,7.3959011382,17.4818025575,97.49999999999874
578,1.61073455469,10.5992956447,-14.6111598969,-0.0375313404514,97.49999999999874
579,0.113655814918,9.30767547363,-28.8229318976,11.3672060732,97.49999999999874
580,0.445964112772,6.03087974295,-19.7170468961,2.3164742904,97.49999999999874
581,0.122903396728,-65.1051939805,-12.3879832136,-85.0127584683,97.49999999999874
582,0.134627710705,-94.1736365763,-70.7063806492,-28.0980751672,97.49999999999874
583,0.250876347412,-28.7097067539,52.7445794547,-65.5657843324,97.49999999999874
584,0.622695556113,-10.7719425406,-9.09687155125,-18.856399296,97.49999999999874
585,0.108372377498,-163.544857168,-24.7101801548,-12.9046100182,97.49999999999874
586,0.442861252866,9.29539540575,-14.7797610826,-3.61990406053,97.49999999999874
587,0.176938248276,38.8789463351,-23.9366758673,-5.43000497201,97.49999999999874
588,0.47979455839,13.3580072493,-26.0991498945,4.58859486306,97.49999999999874
589,0.108657410833,-81.1540510457,-12.5011788222,-42.1095897225,97.49999999999874
590,0.388819969125,13.5005834015,-13.6875012806,-5.30640813343,97.49999999999874
591,0.203735285784,6.72833744188,-13.0146667234,-4.54679503835,97.49999999999874
592,1.59102609241,7.94607992968,-8.59306295469,-8.90095259476,97.49999999999874
593,0.118423103409,11.350315311,-9.37902408487,4.96960350457,97.49999999999874
594,0.373533061123,10.8541304039,-14.2702813968,2.31833517639,97.49999999999874
595,0.310792931286,-71.5866617966,-61.8283767624,-33.5040159302,97.49999999999874
596,0.517435549387,-27.1008916215,-68.9473510962,-2.30347862811,97.49999999999874
597,1.23894109431,22.2213097427,-19.7189860572,-13.9027287924,97.49999999999874
598,0.480114952402,53.7010708906,-4.0847891997,-24.0119068466,97.49999999999874
599,0.501126357322,14.3565184077,-21.2833080971,-4.18983541063,97.49999999999874
600,0.585793224169,12.4604106483,-17.987123608,1.14664539707,97.49999999999874
601,1.51416687786,75.3426241309,-27.7188710862,-69.349853829,97.49999999999874
602,0.127630973366,12.7499045472,-23.5335843826,-0.0860502952387,97.49999999999874
603,0.526003860832,13.917599009,-11.5484806626,7.44165104462,97.49999999999874
604,0.256893732436,112.678887381,-75.6433714075,42.9002052826,97.49999999999874
605,3.12400096082,18.8083880389,-34.0748739204,-0.897279659845,97.49999999999874
606,0.497940980923,14.289478152,-20.4668302897,1.26695986777,97.49999999999874
607,0.4728454574,13.0450626638,-16.1890639866,-0.261288820744,97.49999999999874
608,0.138345236957,13.6169325666,-15.0330399302,-0.0835977428402,97.49999999999874
609,0.205281783717,-2.79816396635,-97.0820971728,-96.6731211302,97.49999999999874
610,0.147683784313,3.5795526018,-4.39835424501,5.1601517969,97.49999999999874
611,0.144757420055,10.0539291039,-12.7350990851,3.95340407411,97.49999999999874
612,0.424278958253,17.5313537497,-36.9012678946,-17.3863411537,97.49999999999874
613,0.551065253327,9.95387987912,-17.1647866617,4.46796156123,97.49999999999874
614,0.366798144887,78.7610707186,-25.249626044,-4.7760950789,97.49999999999874
615,0.221315852658,29.1312626741,-30.2619653836,2.31724952891,97.49999999999874
616,0.98497074421,12.1621437494,-16.5548655364,-0.858857008216,97.49999999999874
617,0.420139302998,-42.1092380007,-32.3070212063,-2.17700691559,97.49999999999874
618,0.29676523439,49.7985351024,-7.60749632096,5.77952095226,97.49999999999874
619,0.117446084098,-3.60434476172,-32.3133830611,-3.25451052365,97.49999999999874
620,0.863996547196,12.4397469689,-17.6195607896,-1.14028791042,97.49999999999874
621,0.14035113001,50.1776902022,12.5458084898,-19.2769634911,97.49999999999874
622,0.279165235057,-118.235549233,55.7905556238,26.4854944446,97.49999999999874
623,0.228667616268,18.3282683295,-13.5157222825,-1.96741574644,97.49999999999874
624,0.163157606126,62.5970833366,-13.3494195347,-158.039275339,97.49999999999874
625,2.9989662884,10.8708887117,-14.3823166103,4.37847550994,97.49999999999874
626,0.153766616694,11.363778974,-14.0089209582,3.30522419372,97.49999999999874
627,0.115751097292,10.4123333709,-22.2424160286,3.53201953005,97.49999999999874
628,0.576629307273,57.4376432402,45.844675343,-15.5061456117,97.49999999999874
629,1.26375886674,-24.957056697,66.0395790293,101.692081109,97.49999999999874
630,0.307185713799,9.58589737195,-10.8994513918,1.26545662905,97.49999999999874
631,0.117250937032,65.8528251152,0.144952593678,24.3202523136,97.49999999999874
632,0.645097700118,3.97182195252,-29.0297989489,-13.6364700407,97.49999999999874
633,0.194331342861,14.6987174529,-13.4442310636,12.6136113094,97.49999999999874
634,0.24702359421,8.56311541185,-22.0989883162,1.28708499807,97.49999999999874
635,0.120216063647,17.6393433343,-25.198826874,50.9262275274,97.49999999999874
636,0.33566698851,6.49354018005,-1.59081758632,1.60400560581,97.49999999999874
637,0.575544903428,-23.6960293576,-8.65720154631,41.449907754,97.49999999999874
638,0.120111804307,12.8583183348,-15.5925328771,1.33113459697,97.49999999999874
639,0.128369151843,19.957182045,-13.5700447104,5.29889405991,97.49999999999874
640,0.172502204373,12.9205196082,-11.0315376267,-0.931801212839,97.49999999999874
641,0.150932625108,-34.6734180874,-8.66230582754,9.83010200448,97.49999999999874
642,0.118047968517,-2.58922530868,-52.5327221679,-35.8021627347,97.49999999999874
643,0.107647724292,13.8522168182,-15.2254908757,1.4455191912,97.49999999999874
644,2.14326409835,14.6853274734,-20.477325321,-0.443641494911,97.49999999999874
645,0.606279610209,11.1430192101,-16.0809921669,5.49687292857,97.49999999999874
646,0.101491372945,42.7892665783,-28.8435253245,-4.0346564769,97.49999999999874
647,0.126849370523,2.19971758151,-30.5887016327,-61.2163531189,97.49999999999874
648,0.291278626926,14.0778418744,-12.1434574168,2.11169997723,97.49999999999874
649,0.223510960555,28.4290929406,-13.6581202977,4.12464563827,97.49999999999874
650,0.111529618809,18.5843116568,-19.0686686724,9.33382425601,97.49999999999874
651,0.746466410347,9.82092155198,-17.4772090636,-2.56685692978,97.49999999999874
652,0.177758646531,0.670175168849,52.854574485,-15.4717778746,97.49999999999874
653,0.645990244083,7.98935536981,-18.6282647713,3.38885240868,97.49999999999874
654,0.140943472359,7.05153969438,-15.3392989866,-14.4916203922,97.49999999999874
655,0.317170925022,-18.167050228,59.2114973887,-3.82489630332,97.49999999999874
656,0.246333467599,10.6118254774,-6.97773436106,8.68490076221,97.49999999999874
657,0.121064610811,49.8854014082,-38.8821554161,1.40150335261,97.49999999999874
658,0.620034224733,13.199035389,-18.6092956421,10.2782775795,97.49999999999874
659,0.454186408974,10.9138668817,-16.7096214903,-5.33168113216,97.49999999999874
660,0.166714562682,8.8134835698,-18.6783253546,5.42324965931,97.49999999999874
661,0.108983998554,19.2064915439,-17.8891748642,-1.1943460455,97.49999999999874
662,0.108193538072,52.2249837789,45.628705172,-27.2687773835,97.49999999999874
663,0.841196649535,13.0914140716,-1.86932355163,1.39931578381,97.49999999999874
664,0.240177310213,-51.9561525665,-59.8945779592,11.4670534392,97.49999999999874
665,0.281831982118,11.0242104967,-14.4814363777,-1.38377356782,97.49999999999874
666,0.364649533257,73.7462778631,5.93510662953,-22.4187095232,97.49999999999874
667,0.799731624382,5.28900982152,-25.9068070049,0.726750855258,97.49999999999874
668,0.210746329767,23.5363317555,-14.327642703,-25.5566373175,97.49999999999874
669,0.648182609973,12.0131288521,-14.8979363324,-2.04524905525,97.49999999999874
670,0.10570046797,8.77924142494,-16.9198292433,8.48775460573,97.49999999999874
671,0.189925031979,0.149883526602,-29.473817587,-33.6059154446,97.49999999999874
672,0.435589301017,8.35464198451,-15.3481397576,-0.257484430254,97.49999999999874
673,0.228095071802,8.78897647454,-14.9861879795,0.770795827219,97.49999999999874
674,0.149880083908,12.4163347194,-23.7870286499,27.7963695436,97.49999999999874
675,0.12462854499,9.75704362379,-14.0998237943,-0.319794060459,97.49999999999874
676,0.232124670131,11.430392021,-13.1836367552,2.6439470827,97.49999999999874
677,0.311654149601,19.9281224649,24.3141588551,-24.5179724936,97.49999999999874
678,1.67840819332,10.9174664304,-14.6637271998,4.61839938448,97.49999999999874
679,0.169494835575,9.39983234619,-14.3447594189,6.00244070989,97.49999999999874
680,0.69930686164,10.2592831874,-13.1175402259,-2.00464915192,97.49999999999874
681,0.302997672627,11.7974383636,-18.7088007632,4.8360153396,97.49999999999874
682,0.739566704148,14.8108752038,-12.989562052,1.59578974116,97.49999999999874
683,0.108799290336,18.5385705725,4.20452638355,-11.3869748851,97.49999999999874
684,0.479752382805,2.62123325635,-18.7075195923,9.77273262224,97.49999999999874
685,1.27151886737,11.5472085717,-15.9438653008,1.02006628837,97.49999999999874
686,0.167645358838,25.4036283926,-15.4706118868,19.2455523598,97.49999999999874
687,0.399396124682,11.5176378138,-16.6510470836,2.22873691145,97.49999999999874
688,0.275552031226,-27.157914427,25.7686616103,34.9383407434,97.49999999999874
689,0.144586697595,1.22475644336,-3.77178388073,1.57682197523,97.49999999999874
690,0.242380814871,-56.7318700451,-27.988527907,57.4217075302,97.49999999999874
691,1.19550996796,11.0568630126,-19.0054706458,4.72805756004,97.49999999999874
692,0.511165480905,18.8829088157,-13.7080843965,-1.65503069238,97.49999999999874
693,0.219954891411,26.3011829341,77.8564894569,148.100790219,97.49999999999874
694,0.180744324626,-7.68943382137,-49.570460504,-56.495310038,97.49999999999874
695,0.119328074778,16.9711080682,-8.9717582783,-6.86711521833,97.49999999999874
696,0.326233769345,10.6219019904,-15.3214216197,4.03733287067,97.49999999999874
697,0.416089709664,9.88106729566,-4.12578730815,2.80960770108,97.49999999999874
698,0.441138074744,17.1104747985,-28.6775446254,3.56096434508,97.49999999999874
699,0.778242491099,11.5636219488,-18.1465153174,2.69973236107,97.49999999999874
700,0.124987430965,10.5307104284,-11.555528033,0.432239509002,97.49999999999874
701,0.116641338164,-10.1369818494,48.3443809323,5.29442375453,97.49999999999874
702,0.601648434812,11.0838624029,-11.082872396,2.03383943652,97.49999999999874
703,0.802140144676,-94.2555863386,-65.9096095052,7.67350270046,97.49999999999874
704,0.201585701636,75.3803364629,14.2332181374,-7.15770932906,97.49999999999874
705,0.110317729942,10.8268326394,-22.3285812822,7.1966641129,97.49999999999874
706,0.124146843456,17.8586075737,-13.2816032824,3.22567200979,97.49999999999874
707,0.167865028142,-12.162553253,-74.2128577684,49.9021314165,97.49999999999874
708,0.30843517382,9.49838237504,-14.6380525093,7.41425658312,97.49999999999874
709,0.381437086541,-39.2912345846,-14.8364196514,-34.3305269557,97.49999999999874
710,0.444746990836,8.23048509625,-19.9484906835,7.17362323049,97.49999999999874
711,2.20902524727,-97.2749969116,-70.9614674567,-24.1817130933,97.49999999999874
712,1.20010090269,11.2766618029,-14.7194791478,2.56984365358,97.49999999999874
713,0.395428897848,-90.2307150992,116.049928526,138.210160434,97.49999999999874
714,0.180451945019,5.86052099799,-29.6977094425,63.4024076086,97.49999999999874
715,0.17168536851,9.62280257692,-16.9939095297,-1.75073397655,97.49999999999874
716,1.27854183136,12.4929451253,-11.8410330965,2.22166586661,97.49999999999874
717,0.217993529336,10.9602269536,-12.0082300653,1.27416164465,97.49999999999874
718,0.19729167823,13.2778777761,-13.9352877891,3.73626913607,97.49999999999874
719,0.105067525485,11.6699517042,-11.7478818374,1.64928301053,97.49999999999874
720,0.168595264423,-49.517839471,-47.1464195094,-64.6426880455,97.49999999999874
721,0.104378358054,14.6384969082,-20.07322604,-5.77799374539,97.49999999999874
722,0.292690517027,4.56465982004,-13.5806450927,-0.618839166462,97.49999999999874
723,0.39141669998,16.2750344012,-10.7478372375,20.7533206129,97.49999999999874
724,0.300412056613,-29.2001459362,26.6039206283,15.8999926847,97.49999999999874
725,0.212927489153,-20.0535920272,-41.2970099648,51.4953160348,97.49999999999874
726,0.158180917066,178.566603688,22.4802681798,16.6157747574,97.49999999999874
727,0.376487842845,20.9832180492,-4.37660881309,-83.6230767738,97.49999999999874
728,0.553069780352,-14.0327308024,48.643849515,66.4096869221,97.49999999999874
729,0.237368020438,7.41634581649,-12.3000090539,-0.433838254585,97.49999999999874
730,0.46696540512,3.24251144569,-14.2952290261,-0.913865171002,97.49999999999874
731,0.368309332684,12.2725678535,-14.7052717947,3.03001203673,97.49999999999874
732,0.534434798046,6.78503783976,-17.2103370968,2.28302236324,97.49999999999874
733,0.528320105501,11.7489985534,-11.9072946235,-1.92742010562,97.49999999999874
734,0.15859721766,21.7105125951,-31.9094631484,-24.8016109832,97.49999999999874
735,0.100292795493,11.0320512054,-14.2767594312,2.15883078697,97.49999999999874
736,0.1274571184,4.52405042998,-10.7332025056,-0.637652768829,97.49999999999874
737,0.400978075794,27.5233932311,-0.953628125027,29.1263871419,97.49999999999874
738,0.194211449184,-2.15959321514,-54.3943222933,-28.8862187355,97.49999999999874
739,0.179261726881,15.313062405,-14.8945876293,0.0257938456479,97.49999999999874
740,0.243443859148,11.3620423607,-13.4831397786,0.591867999955,97.49999999999874
741,0.171579799096,-31.7376876466,-47.5166241998,-11.4716085484,97.49999999999874
742,0.334084728114,10.6495291736,-16.6063468802,3.85494005674,97.49999999999874
743,0.138470621453,13.9307093255,-13.0837292538,-3.84111148651,97.49999999999874
744,0.160626034952,9.8368243763,-11.1975756502,1.23804120977,97.49999999999874
745,0.233330670328,10.1823825935,-19.0093621702,-0.331709512881,97.49999999999874
746,1.64228378347,11.437117528,-14.0009732778,2.11668989638,97.49999999999874
747,0.522699135916,11.3680875069,-11.8546912031,-1.05029464909,97.49999999999874
748,1.0384633677,12.1306077254,-15.2894629486,2.9167211953,97.49999999999874
749,0.880581209976,10.4877386235,-15.6313932271,9.76057320724,97.49999999999874
750,0.763597515825,49.3744855185,41.2950911039,-47.150473533,97.49999999999874
751,0.516286684565,-0.654845355526,-20.9899814162,1.70868264782,97.49999999999874
752,0.105321124167,11.5924424727,-14.744841782,7.74824268724,97.49999999999874
753,0.145815843842,13.947983228,-18.9901901306,1.15811703011,97.49999999999874
754,0.182718188191,8.54218983326,-12.3015529696,0.79126279077,97.49999999999874
755,0.390338700256,33.1546329429,-6.46900942312,-20.2070613701,97.49999999999874
756,0.363712758196,-22.6786465961,4.60486127724,-21.3048867418,97.49999999999874
757,0.410000807825,4.64361696527,-64.2542147886,27.5851217654,97.49999999999874
758,0.130997015428,35.3287663466,-62.5299727516,-60.547455728,97.49999999999874
759,1.59257381037,98.3501260605,8.66714436499,12.9194832996,97.49999999999874
760,0.152255392334,9.88231155143,-7.01036099352,9.79729694817,97.49999999999874
761,0.197338080983,49.1668898651,-13.6642263105,4.07306367235,97.49999999999874
762,0.160838437602,10.520061063,-16.218365137,3.39871070976,97.49999999999874
763,0.7471575546,10.2414284525,-18.1854251934,6.43651133367,97.49999999999874
764,0.745939690291,12.0365309706,-13.9306987605,0.573051411179,97.49999999999874
765,0.103845748793,21.6943269882,-12.5372103229,2.52280149351,97.49999999999874
766,0.104365939727,5.62263964013,-96.9528409247,46.4495598274,97.49999999999874
767,0.199197322573,-2.38071023172,-2.29960158615,18.6679055244,97.49999999999874
768,0.18632577487,8.46416077718,-11.1348545454,-2.55593383534,97.49999999999874
769,1.59994874683,-8.51770209641,-13.8429058561,23.5537371442,97.49999999999874
770,0.260375453479,6.90789472925,-11.3272536441,-2.31128406699,97.49999999999874
771,0.105822041838,11.6336688174,-15.475906801,-1.03891182481,97.49999999999874
772,0.24890499441,12.1859904944,-20.8985242228,-0.460019707868,97.49999999999874
773,0.439910708286,0.179566276997,-0.467612263415,-3.35685096447,97.49999999999874
774,0.168558593555,17.2997184541,-11.7726161384,7.08738863917,97.49999999999874
775,0.199207618649,11.778601217,-14.0332501273,-0.924322053463,97.49999999999874
776,0.10332347641,14.3405065017,-17.5023512359,8.32880498642,97.49999999999874
777,0.130399915389,91.7510724493,-13.6579084814,0.898652273109,97.49999999999874
778,0.188558337428,12.1047095452,-22.5363821686,-5.53187732086,97.49999999999874
779,0.136110584638,12.3961615976,-17.7305439105,-2.04233690125,97.49999999999874
780,0.640364428436,-10.3257640667,-51.9718993371,14.6903071929,97.49999999999874
781,0.411854110008,19.7897204351,-87.5844686249,27.5077079316,97.49999999999874
782,0.253742976602,19.3557188364,-14.6556845591,-0.511173878645,97.49999999999874
783,0.631589661072,13.0233487943,-18.0714464406,4.76065830501,97.49999999999874
784,0.128529086561,12.353341751,-15.9919140072,6.55958557338,97.49999999999874
785,0.421179985101,5.15435901913,-12.1397392687,-1.23259412888,97.49999999999874
786,0.103168395382,-26.5853242468,3.91832900094,-19.5467176019,97.49999999999874
787,0.36325397689,11.0502117971,-12.2265059299,1.44891197285,97.49999999999874
788,0.248997599658,83.1806984665,-11.3004644033,-19.6575206708,97.49999999999874
789,0.282933690166,11.8578202477,-14.0065530784,1.36015915774,97.49999999999874
790,0.164359215473,8.03336733788,-46.130986497,-27.4357006753,97.49999999999874
791,0.10170918602,97.9557915421,-36.0226397033,-67.4422046973,97.49999999999874
792,0.121708769077,22.9917084297,-15.0649421902,3.81517730001,97.49999999999874
793,0.143949820797,23.9341011984,-23.4878651791,-66.6957950968,97.49999999999874
794,0.195080798006,11.9902666131,-16.5106067573,1.48570442812,97.49999999999874
795,0.127364436322,9.92749098986,-10.0597690538,-0.438911938994,97.49999999999874
796,0.142452594449,-11.7084353058,-27.7480280612,-30.897784773,97.49999999999874
797,0.34243816972,-18.7900300515,-27.1901925389,6.11341190734,97.49999999999874
798,0.117059054877,11.3798161699,-15.6600767795,0.743794143527,97.49999999999874
799,0.192160714509,18.5512737552,-35.7750845209,5.62686343216,97.49999999999874
800,0.23641870989,9.65187177734,-6.2105815164,5.65807685751,97.49999999999874
801,0.166021346101,10.3477502696,-13.880363969,2.35981238479,97.49999999999874
802,1.93468875689,46.3498493708,-106.562491894,85.1686245751,97.49999999999874
803,0.235959048491,14.5253051282,-15.469728574,3.17939886335,97.49999999999874
804,0.117932631847,14.3813037409,-4.31258139911,-6.41446966233,97.49999999999874
805,0.106882265988,14.4105870668,-12.0877408758,5.4641057525,97.49999999999874
806,1.53448242868,9.11672427922,-12.5268227323,1.02800138965,97.49999999999874
807,0.527867701246,18.1360204361,-15.4943376334,2.83563807112,97.49999999999874
808,0.250752192559,11.4280370391,32.5982869654,-50.7576903132,97.49999999999874
809,0.132431734234,9.3142724709,-13.199571139,0.682819793624,97.49999999999874
810,0.594889314952,11.2374455457,-18.3485197034,-2.71661527042,97.49999999999874
811,0.265039993292,7.32862967824,-17.5241126068,0.913379076588,97.49999999999874
812,0.283685632607,24.4172001114,7.88073516623,-56.3711838951,97.49999999999874
813,0.102212956288,16.3747239266,-14.5209531492,2.69658575495,97.49999999999874
814,0.331193660799,8.36402497058,-16.4377125343,-0.87145462937,97.49999999999874
815,0.280699274293,-7.15405762689,-39.0318392773,-21.2357100321,97.49999999999874
816,0.382361392834,17.144959942,-20.1856928518,3.85302454903,97.49999999999874
817,0.178461882542,0.593940639242,49.2404756205,-73.5258859181,97.49999999999874
818,0.224562950643,8.46355714414,-1.87456693588,1.45903497779,97.49999999999874
819,0.300974439175,-17.6355772041,94.5806896108,77.22871415,97.49999999999874
820,0.546621438304,12.8463258337,-19.9360445671,-3.56480519525,97.49999999999874
821,0.140312009859,14.2628343518,-25.3272718731,5.21011585999,97.49999999999874
822,0.192800398737,-99.1665943211,62.5466301894,43.5709298335,97.49999999999874
823,0.263933578235,9.69545606534,-12.395993369,-0.0988750179854,97.49999999999874
824,0.221933926281,5.51659544416,-12.5894086472,4.25843340626,97.49999999999874
825,0.444608959254,8.85782413704,-20.450700062,2.1337072764,97.49999999999874
826,1.88693894283,12.4542660188,-17.3182584494,0.922623531801,97.49999999999874
827,0.206506887043,2.13960034804,51.6991547742,73.0748501669,97.49999999999874
828,0.203825282254,45.8861484764,0.963605894221,-16.9556007828,97.49999999999874
829,0.999473409865,49.0897004021,117.407890679,-154.52823265,97.49999999999874
830,0.104858680174,2.64725908259,-22.2874177378,-1.8466283302,97.49999999999874
831,0.261460941294,3.97275019639,-19.6415466581,-8.18862041344,97.49999999999874
832,0.421598041326,-17.8739847909,44.3378033321,15.3306659378,97.49999999999874
833,0.196770143264,61.8973533432,-59.981835897,12.8605761154,97.49999999999874
834,3.22185811686,-20.0241283752,-21.6224272033,-116.709989195,97.49999999999874
835,0.158973343002,-34.1667499339,-45.0636466719,23.2166058569,97.49999999999874
836,0.204216634961,-7.75966336731,38.2706109977,18.5582672411,97.49999999999874
837,0.160276727407,13.2711839605,-11.6038395173,3.95956259887,97.49999999999874
838,0.306079160524,-34.5186136126,-41.3872986331,14.6357484469,97.49999999999874
839,0.629994671903,-1.33227851527,-30.1439388906,-6.25381635062,97.49999999999874
840,0.134768167652,23.1637017946,-68.345546668,-15.1505939581,97.49999999999874
841,0.507280655683,20.2860240709,2.68014338205,5.70004955636,97.49999999999874
842,0.882509360447,31.8786367904,-44.6839194211,-29.2466783903,97.49999999999874
843,0.185048183549,5.36820326315,-18.9954622318,-3.42135036641,97.49999999999874
844,0.12763220452,-25.3912460214,-13.423344942,-0.485285568186,97.49999999999874
845,0.259661703391,13.0899688134,-13.8732143266,0.145985372601,97.49999999999874
846,0.563930974718,139.598237073,-43.7613738687,7.4770334548,97.49999999999874
847,0.57674715315,4.14035667641,31.5458506824,-22.5835210995,97.49999999999874
848,0.383323810174,-47.4484373848,31.065411953,-1.90657768501,97.49999999999874
849,0.111366694683,6.73269884885,-15.6981884383,2.2720267028,97.49999999999874
850,0.152236672774,15.4566105199,-18.2079428829,0.655174549343,97.49999999999874
851,0.327383666017,117.368433228,-46.1354462172,29.0189865528,97.49999999999874
852,0.772990839133,-65.9220602224,73.6551757026,34.8349968346,97.49999999999874
853,0.227568922073,11.7651288594,-13.3411712967,3.31186791126,97.49999999999874
854,0.433032360765,-30.8583272386,-22.5266645649,72.2533772257,97.49999999999874
855,0.553788271576,2.20294963051,-15.7579650363,-5.84654202116,97.49999999999874
856,0.378316006163,15.4001031295,-12.7917475705,3.75629430714,97.49999999999874
857,0.265608386467,12.1646526883,-15.7730126112,5.5094273691,97.49999999999874
858,0.362248525483,13.7285723,16.7577909103,16.3353718263,97.49999999999874
859,0.686744944989,14.4377334938,-22.1907524933,-0.844803008259,97.49999999999874
860,0.224613070156,-46.9416887712,8.0571115559,153.508603975,97.49999999999874
861,1.34354602963,13.7393863264,81.7972607587,-70.0214071175,97.49999999999874
862,0.150206488978,9.38187432107,-21.7808188489,-4.15341949212,97.49999999999874
863,0.366277380286,12.1737523681,-10.7822033287,-1.07130063175,97.49999999999874
864,1.92662532147,34.0290533255,-39.9946676415,19.9627203304,97.49999999999874
865,1.3748506267,-38.6059558565,-18.4270885251,-21.8952958151,97.49999999999874
866,0.403213753751,9.32954762899,-17.2627096243,6.79982694388,97.49999999999874
867,0.104842892785,3.74986452622,-14.5522029762,6.72010936586,97.49999999999874
868,0.179768284849,12.6623972246,-14.2661244336,1.36764332272,97.49999999999874
869,0.584206729326,19.3668937202,-15.7877997717,2.27611212349,97.49999999999874
870,0.22033608891,-36.0041736003,-19.4133408341,64.7042596888,97.49999999999874
871,0.261327291711,-25.9361247989,-64.1657462935,-54.4513795606,97.49999999999874
872,1.02256811678,11.1788753881,-14.3904652368,2.76179074229,97.49999999999874
873,0.384977382691,11.2351114304,-15.5368436153,-0.288365758804,97.49999999999874
874,0.787930966823,12.3507860393,-15.2441510616,2.90176147098,97.49999999999874
875,0.283502769759,14.5356301679,-16.4178532271,-0.470905999929,97.49999999999874
876,0.296877125832,10.3878478835,-2.97566882575,-29.9065644229,97.49999999999874
877,0.219345602996,12.8190697124,-16.9653354975,2.87806034969,97.49999999999874
878,0.60466166697,-18.8790086451,-3.30700465801,1.15589456494,97.49999999999874
879,0.395734630989,4.47705750274,-10.5463498575,7.3036668244,97.49999999999874
880,0.122277458764,12.8842873005,-12.5832790389,-1.09670864516,97.49999999999874
881,0.295584812093,5.37402550194,-15.4613157786,2.64138159924,97.49999999999874
882,0.330205557342,13.7366530854,-9.08796449697,3.76694923201,97.49999999999874
883,0.320911107618,9.43280943075,-14.5432561212,-2.67817201684,97.49999999999874
884,0.123601965683,5.3646476311,-15.7278015082,2.29090281265,97.49999999999874
885,0.25415015637,-12.0183186014,-18.5145197506,-7.06421081498,97.49999999999874
886,0.136135746073,13.6062971682,-13.9048828834,-1.44303428851,97.49999999999874
887,0.311517436536,-67.3393585603,-84.9489656699,-92.0958864488,97.49999999999874
888,0.124911210456,7.64276057262,-13.6587631609,0.378563281241,97.49999999999874
889,0.692600832819,14.8092924233,-8.74580930084,-0.660139927174,97.49999999999874
890,0.500242463883,8.3033636741,-39.5023730799,44.2230042207,97.49999999999874
891,0.154653121565,24.8753669015,-6.48532713982,0.154550819478,97.49999999999874
892,0.835962085563,11.8892369336,-18.4322620459,0.546319467913,97.49999999999874
893,0.107608162522,81.7569240113,-72.949632957,-35.0282208664,97.49999999999874
894,1.14614935435,51.1214443481,-100.598622852,-24.7859055461,97.49999999999874
895,0.117418742877,0.624079906623,-55.4119784751,-8.23301251072,97.49999999999874
896,0.11276196321,8.92919628191,-21.578454856,1.8125837351,97.49999999999874
897,1.31256251091,10.0319026809,-16.9903445868,1.45195172515,97.49999999999874
898,0.704677335899,18.6878283467,-14.9407985299,1.8409184611,97.49999999999874
899,0.445071145562,12.2623955605,-14.4561480028,5.71412713086,97.49999999999874
900,0.121650643417,13.4711898816,-12.9499234138,2.74295318811,97.49999999999874
901,0.555250806547,4.78672023716,-9.19364739192,8.98730280798,97.49999999999874
902,0.68144612885,-56.0439479842,-14.0243594496,76.4439281305,97.49999999999874
903,0.27532668265,-2.10716542943,-17.0363099206,5.57230491187,97.49999999999874
904,0.586337651582,-27.3916677731,13.9489828486,-18.5790377515,97.49999999999874
905,0.185751376367,13.7887778242,-11.3793989501,-5.35904209916,97.49999999999874
906,1.01114957119,14.5328500973,-17.6507064149,0.934559467277,97.49999999999874
907,0.492229349769,9.06348624032,-20.9066440529,-2.51545868709,97.49999999999874
908,1.14198772972,-66.717447608,22.4317743414,44.325747506,97.49999999999874
909,0.109039310385,9.59482835953,-18.8964722942,-0.696701385514,97.49999999999874
910,0.195814680588,14.1328407159,-15.9611366205,7.21564047155,97.49999999999874
911,0.414600849807,11.8832455293,-15.1664303691,2.1932215211,97.49999999999874
912,0.331680198194,12.5619305111,-16.2795276147,-2.45939597996,97.49999999999874
913,0.126557726209,15.2929214014,-12.6733766138,4.41840467783,97.49999999999874
914,0.760077953691,-22.1795567744,13.4169883226,-34.6120210923,97.49999999999874
915,0.20135253935,11.5576989002,-14.555143102,2.59560736203,97.49999999999874
916,0.120653766751,8.01357594054,-15.6300531917,0.0758686864942,97.49999999999874
917,2.08299072209,10.2550992698,-14.7451621598,3.37445656125,97.49999999999874
918,0.956031513035,16.1975307253,-6.25806931516,1.41045449701,97.49999999999874
919,0.160485914196,10.8290598869,-17.4024773387,1.02388199105,97.49999999999874
920,0.274836317192,15.5136319716,-13.6559522508,2.25448922665,97.49999999999874
921,0.796109787493,11.5448038605,-12.2520914466,-2.13560219298,97.49999999999874
922,0.158376717017,0.788724544056,-31.1463979154,-47.884487926,97.49999999999874
923,0.981254143264,-26.1908934744,-21.3147283827,54.4942362985,97.49999999999874
924,0.120473013618,14.1103028013,-17.0523040371,1.14847408259,97.49999999999874
925,0.425454966705,7.43285045034,-16.0316680792,3.24904976915,97.49999999999874
926,3.18506585486,-10.1779710987,48.09659985,5.66790584469,97.49999999999874
927,0.151607728,10.2384601144,-11.2699656429,-4.06788265409,97.49999999999874
928,0.118204769481,13.3995523308,-16.5544598134,-2.03470574391,97.49999999999874
929,0.356366997921,2.02394832974,14.5412420277,21.317272809,97.49999999999874
930,0.373616081818,6.63939141672,-21.1802556728,-8.32305457637,97.49999999999874
931,3.00157028262,9.02716110777,-15.268905457,1.99314106962,97.49999999999874
932,0.679766517643,10.2333981204,-12.8134892291,4.30734793523,97.49999999999874
933,0.284738753522,28.1646344333,-35.4845895241,-30.7134847938,97.49999999999874
934,0.5078974469,8.79023960616,-19.0517491363,2.8706858988,97.49999999999874
935,0.193056621411,4.36968922307,-21.6684259694,9.15177013544,97.49999999999874
936,0.751494581686,2.65446945602,-17.5658764153,-8.53922342135,97.49999999999874
937,2.53859553258,27.456374016,-5.24283198347,23.1999059124,97.49999999999874
938,0.243658730391,-26.460623437,-41.9157278241,-0.199186882816,97.49999999999874
939,0.691285624713,12.172102297,-14.1599582502,0.482070085962,97.49999999999874
940,0.25628977153,13.0289840522,-7.74680603446,-1.02216224131,97.49999999999874
941,0.13979180369,2.0781339125,-17.1766537905,7.67929446966,97.49999999999874
942,0.127247615531,-8.61038905761,-50.0149754482,-32.566699076,97.49999999999874
943,0.122233575589,10.0879353025,-11.9602399913,-7.22703066163,97.49999999999874
944,3.41653969025,11.4369615224,-13.9904673166,2.12942162221,97.49999999999874
945,0.359940654861,-23.8670039902,-61.7128484483,14.8609197169,97.49999999999874
946,0.124058977526,-33.0992816149,-28.7990336523,-62.6651379208,97.49999999999874
947,0.133737341451,14.2854014618,-11.6376777341,2.22601246607,97.49999999999874
948,0.343997290197,11.4980992574,-11.4492433329,-0.481585366113,97.49999999999874
949,0.138462740995,-48.6056998984,-24.2619938118,29.7410106683,97.49999999999874
950,0.980801439941,7.0347455446,-12.4996061715,-3.37378931636,97.49999999999874
951,0.20165627207,21.1613517144,-39.1254265629,-82.5630477223,97.49999999999874
952,0.140513002013,13.4042668914,-17.9000909014,1.44563021336,97.49999999999874
953,0.727308144682,-20.343934428,-54.3701199043,-22.9544855022,97.49999999999874
954,0.182123048144,-35.3966602158,-33.2772514164,36.9659955906,97.49999999999874
955,0.183439281487,11.8279459396,-2.6396584127,-0.563555869757,97.49999999999874
956,0.938538510967,-30.5496277275,46.9933432761,2.53752885248,97.49999999999874
957,2.46103950655,14.7168125773,-13.3144533442,12.5416444481,97.49999999999874
958,0.24738342517,11.2263435036,-15.8254910596,7.35073417688,97.49999999999874
959,0.165797341316,16.3492172584,-14.9548102625,-1.56715578817,97.49999999999874
960,0.726747942021,13.9699566674,-20.1549529588,3.27702419509,97.49999999999874
961,0.323863210111,10.7967984354,-12.2668548005,1.43740699371,97.49999999999874
962,0.633857364584,31.5817208113,1.05208507577,14.7298325573,97.49999999999874
963,0.160821907585,21.1491795006,-14.8591924575,2.94582962556,97.49999999999874
964,0.203190753412,12.7547222469,-16.628705709,4.76313117045,97.49999999999874
965,0.272671501838,27.079055821,-43.6524715942,28.4652890047,97.49999999999874
966,0.269770563917,15.3503656682,-14.3258035317,3.01812482777,97.49999999999874
967,0.123443916929,-89.9360581689,-64.3371692432,57.6258048339,97.49999999999874
968,0.287166599951,17.9875145145,-32.8337994936,-17.4801597875,97.49999999999874
969,0.189555178861,11.3611593732,-16.3704322916,5.96380187536,97.49999999999874
970,0.484414569396,6.49470784004,-14.4381995377,-6.13650134421,97.49999999999874
971,0.329657860329,21.0962101471,8.92154125263,28.4971437532,97.49999999999874
972,0.523148807815,11.6349270669,-12.458107983,2.1644150225,97.49999999999874
973,2.12175825348,10.3920179273,-11.6536611701,3.0619779671,97.49999999999874
974,0.20313585587,5.58807683976,3.77583675906,20.2310954115,97.49999999999874
975,0.107812490798,-47.4756927994,-13.3193556557,-34.538016274,97.49999999999874
976,0.847364619035,16.3240512811,-19.2528119858,7.71108118256,97.49999999999874
977,0.158927999399,11.3183120961,-10.8439387834,2.37520881269,97.49999999999874
978,0.735185927749,18.3778583878,-10.7760750833,-7.7987417724,97.49999999999874
979,0.63720869337,6.79345899198,-21.5200808932,-4.73347330039,97.49999999999874
980,0.297099810628,14.0545960295,-16.4765503972,2.56638432284,97.49999999999874
981,1.07648981248,10.5869525819,-15.1045124924,0.121830298561,97.49999999999874
982,0.336970380818,45.8503467704,127.288455105,20.5724373883,97.49999999999874
983,0.358623796002,4.43292828089,-20.1511173474,3.64032152091,97.49999999999874
984,1.44564393443,-19.8887605726,-42.6145007255,-36.9524264324,97.49999999999874
985,0.113392489428,17.8801477749,-15.6403426728,-2.16785263152,97.49999999999874
986,1.50596873725,16.3701925108,-14.0857865249,-0.962370937437,97.49999999999874
987,0.569758900742,9.51163650176,-14.4207161265,1.2617925774,97.49999999999874
988,0.821522116925,18.0748719714,-20.3929076355,3.96877023367,97.49999999999874
989,0.200821002591,-45.4859389594,-41.7686599122,-46.8548871295,97.49999999999874
990,1.57484584164,12.0965523694,-14.6929220811,-0.0444720059485,97.49999999999874
991,3.28358231799,12.2364942818,-15.6475254332,0.865344857014,97.49999999999874
992,0.17554297997,16.2042411045,-14.9111809768,2.12489241175,97.49999999999874
993,0.545588910772,11.2018971345,-14.9816977667,2.48280228112,97.49999999999874
994,0.737141778235,-10.2733549038,48.7467393782,4.54203390035,97.49999999999874
995,0.118764347842,9.79280740878,-15.6747192228,-4.22854407543,97.49999999999874
996,0.611287037448,12.2026048364,-17.4268809425,3.36663314157,97.49999999999874
997,0.296289229881,-5.0699568222,-21.8045191678,12.9872354007,97.49999999999874
