Star_ID,Mass (MSun),X (pc),Y (pc),Z (pc),Simulation Time (Myr)
0,0.245755955636,4.19146772443,10.720670531,-18.7020545724,62.10000000000061
1,0.398792957947,1.04536230269,3.10788233925,-4.40957317,62.10000000000061
2,0.41343544371,15.5996383513,35.2542061626,3.22142904902,62.10000000000061
3,1.95531161317,4.1123724504,4.35592944897,-8.96907918206,62.10000000000061
4,0.268783809557,-13.651989601,11.4283503046,-8.71449252509,62.10000000000061
5,0.519445781344,2.34009486863,2.82580407339,-6.29946617958,62.10000000000061
6,0.453038716929,8.48793185312,0.775829120082,-8.04550134003,62.10000000000061
7,0.235249512877,1.96313100873,3.09958756512,-6.71969579404,62.10000000000061
8,0.114123391344,2.18810618363,6.2328625666,-11.3482871391,62.10000000000061
9,0.376285795658,4.49007242872,1.37058597462,-5.91180210195,62.10000000000061
10,1.87675568193,2.68434231512,3.98114042752,-4.30952195395,62.10000000000061
11,0.276094252294,3.12123782538,0.785004005761,-5.93796522129,62.10000000000061
12,0.789043881601,1.99822011311,-2.1332024767,-7.51506649539,62.10000000000061
13,0.105802058708,2.57324461307,2.4554356846,-6.99917981752,62.10000000000061
14,0.663631693531,3.99936158969,4.46660859124,-6.62222179159,62.10000000000061
15,0.107195737872,0.776422522177,6.93480381652,-8.53638990195,62.10000000000061
16,1.2146155334,-0.00328092501781,5.5506621912,0.0796689761658,62.10000000000061
17,1.60722208245,2.57253861746,2.96874913375,-7.43860863938,62.10000000000061
18,1.38776651724,-1.23100671732,0.302097217351,-5.31474759855,62.10000000000061
19,0.65336928586,-10.3394197029,12.2578185107,-5.34148815716,62.10000000000061
20,2.39246687996,-1.22741550999,-33.6446889543,-7.58404098459,62.10000000000061
21,0.693169356765,3.82057556804,-1.77202117656,-8.56107724892,62.10000000000061
22,0.107368017729,7.64903452984,-0.526122608355,-3.77830998134,62.10000000000061
23,0.450182562917,3.11830124853,-5.62423821535,-7.62901153516,62.10000000000061
24,0.114285748921,-18.3540459951,13.8532510761,5.66929191287,62.10000000000061
25,0.43329644064,-4.30025025432,2.66331374287,-8.51716253734,62.10000000000061
26,0.147964875509,2.92674891305,5.76934582516,-4.074232779,62.10000000000061
27,0.357387002347,3.63161568421,-0.037028991914,-7.29656613255,62.10000000000061
28,0.192017723015,-0.395398700171,7.76902555024,-0.321686088284,62.10000000000061
29,0.264094831651,5.07832468334,2.65388732893,-9.16621437076,62.10000000000061
30,0.314230452756,0.64288580687,4.49017178773,-9.50997947726,62.10000000000061
31,0.183718343219,-3.19678717599,1.77395093526,-10.2474332427,62.10000000000061
32,0.948893467349,4.25177804946,-3.92225006841,-10.5550605601,62.10000000000061
33,1.08772408699,6.33479834871,1.68180227161,-2.12774730109,62.10000000000061
34,0.313406564966,10.309993486,4.67601586439,2.0608997596,62.10000000000061
35,0.106639044251,-0.733795058268,3.26061793443,-9.54151669334,62.10000000000061
36,0.119156372878,83.8487351493,-112.521217043,-33.7715291255,62.10000000000061
37,0.48378171723,0.125961243559,2.4254998208,-3.25358203476,62.10000000000061
38,0.184580125844,-30.3930243014,45.2758116713,16.8116012837,62.10000000000061
39,0.107275577692,4.7545418622,1.91355356782,-1.37958446415,62.10000000000061
40,0.127895286832,0.807874022969,4.1435373354,-6.09389200951,62.10000000000061
41,0.350594421867,7.62538034672,-0.432964604636,-12.7527867475,62.10000000000061
42,0.103261593792,-7.96748006544,36.7253782786,-12.732344497,62.10000000000061
43,0.124920173389,-2.0142906438,6.75805416867,-9.49535997362,62.10000000000061
44,0.104399096405,-14.9186343602,35.7888964026,-26.3475375114,62.10000000000061
45,0.289494919505,32.7916862737,-6.19667929551,-48.0509018579,62.10000000000061
46,0.173134494433,1.17056580238,-0.673544930971,-6.21994524825,62.10000000000061
47,0.107681814578,2.42698668057,2.78678274121,-7.4096494244,62.10000000000061
48,0.102914982842,-1.69463838685,-0.983174464371,-10.7123175594,62.10000000000061
49,0.115851068851,2.01959227689,10.0912094643,-4.92670652634,62.10000000000061
50,0.153884074513,0.412521073531,3.15863469218,-5.02926236789,62.10000000000061
51,0.255488089284,3.72985694523,1.29708364384,-8.80511675047,62.10000000000061
52,0.254505317207,10.7537160608,2.46483452809,-0.839052520778,62.10000000000061
53,0.300152633044,1.14750555294,-2.97502475246,-8.03578017411,62.10000000000061
54,0.435137278365,18.0985415544,-18.0844664258,-15.8508493479,62.10000000000061
55,0.173435152976,-46.4251001938,21.2917323716,-21.4622911452,62.10000000000061
56,0.228446317636,-0.132720375912,2.50460095103,-15.6863518153,62.10000000000061
57,0.337195618646,2.72797278958,2.97988737791,-8.21526583873,62.10000000000061
58,0.913358938411,1.80318895429,2.25924570811,-8.16511017223,62.10000000000061
59,0.120894426629,2.52897220054,8.54594355042,-3.76684141606,62.10000000000061
60,0.199168366609,2.55667887885,11.1161046383,-10.5615635776,62.10000000000061
61,0.270321866023,-2.14192780348,3.33950399451,-17.0399361031,62.10000000000061
62,0.181109852289,2.17064521557,4.51660297041,-3.26145269236,62.10000000000061
63,0.251088397745,12.4974814794,-17.2950510913,38.5947549751,62.10000000000061
64,0.596541987433,10.1504489752,10.9510033068,1.86379726556,62.10000000000061
65,0.156202967923,11.6796128178,-1.45953367254,-7.55678662994,62.10000000000061
66,0.589724206408,-13.5206461154,-12.4260467324,-9.21294314311,62.10000000000061
67,0.114609758574,18.1507577047,2.19584585762,0.131548281579,62.10000000000061
68,0.158572750238,3.89604305334,-0.18379542026,-10.6637024578,62.10000000000061
69,0.378343710437,6.22136996946,15.4780105369,-28.0700103869,62.10000000000061
70,0.343640349056,1.34696676948,1.83766547977,1.14083748837,62.10000000000061
71,0.135398738726,115.004031778,-80.2343420107,94.3539293713,62.10000000000061
72,0.12254478776,24.6353510724,-31.2234852625,-20.1564768672,62.10000000000061
73,0.156650160856,-30.8846378004,-17.2116833877,-28.2082440156,62.10000000000061
74,0.696827797604,15.4386664958,-5.31713241764,-10.7073633984,62.10000000000061
75,0.167687136125,4.02198639452,2.23243719665,-7.4910781012,62.10000000000061
76,0.243124261063,3.07164520083,3.65385276141,-6.0231047437,62.10000000000061
77,0.488940168842,2.99432872088,2.86982285159,-6.21983919126,62.10000000000061
78,0.18266364985,-35.8796282837,-12.7593174548,-24.4479346941,62.10000000000061
79,0.290801333959,-5.3719456192,-5.79184629177,11.7311961873,62.10000000000061
80,0.1454240181,1.78527864261,7.22584814631,-11.8282920133,62.10000000000061
81,0.33590520852,7.51781629014,1.23619338737,-7.83174594569,62.10000000000061
82,0.105829972162,0.0200705759376,1.36619168295,-6.43872883359,62.10000000000061
83,0.127494348471,1.99054931302,-1.26357827011,-7.62578973624,62.10000000000061
84,0.139086417352,-3.92396336198,0.150453256411,-3.54502386349,62.10000000000061
85,1.55563248249,2.21051540759,5.79143700503,-5.9266190974,62.10000000000061
86,0.211833260714,-22.255832582,-19.803599823,4.88429931009,62.10000000000061
87,0.849671419599,-3.46198972088,1.17707669944,-8.52272349906,62.10000000000061
88,0.412422939159,1.96010068833,3.60733407022,-6.97427528951,62.10000000000061
89,0.235820413173,7.68615259537,-7.67165055053,-9.65138126919,62.10000000000061
90,0.135804854896,-0.586115755253,0.646229625747,-2.57552916665,62.10000000000061
91,0.169876753616,0.932465585946,3.07656893071,-7.80569868577,62.10000000000061
92,0.11559857416,-31.2469799302,7.20691076857,-55.2436353036,62.10000000000061
93,0.170276033707,4.33960723762,0.561460383364,-9.80540498145,62.10000000000061
94,0.296583826375,3.69793134135,18.6428911531,28.2344227085,62.10000000000061
95,0.567383144762,1.45665987398,8.13402468804,-4.76689075794,62.10000000000061
96,0.34825163949,-175.744335211,91.6322903473,-22.1077836997,62.10000000000061
97,0.331151502545,3.63440643963,4.60298092521,-8.02121152787,62.10000000000061
98,0.125731530865,4.51068077872,0.0550662690818,-9.0707712449,62.10000000000061
99,0.404019096299,-0.181737930096,3.43715578653,-2.11933428419,62.10000000000061
100,0.450598749328,24.9323729281,1.45527110028,-26.870407811,62.10000000000061
101,0.191230043747,1.5649320165,0.430689224692,-8.08930743257,62.10000000000061
102,1.67712682959,0.356966885385,2.30277168384,-6.23326979191,62.10000000000061
103,0.184606993196,-2.17935593634,-0.936059672694,-12.6301252251,62.10000000000061
104,0.149821166566,4.93273107768,2.05546551034,-6.00813981068,62.10000000000061
105,0.220739732899,-1.0145163621,9.36498653983,12.4856063357,62.10000000000061
106,0.108300810081,1.84560212928,2.71756840592,-8.66694518866,62.10000000000061
107,0.495952246374,-72.6300314564,-27.289081775,-108.524071331,62.10000000000061
108,0.281271653428,-17.5801505172,-16.4204526321,-22.8050762889,62.10000000000061
109,0.172953016431,1.14703014578,0.52492377613,-4.84911455462,62.10000000000061
110,0.177914706629,10.4560680003,5.67651587055,-11.2535296721,62.10000000000061
111,1.31527937962,-0.171773069957,4.15137383539,-7.28525412996,62.10000000000061
112,0.611234635076,2.15736799363,2.49411736944,-7.9293074505,62.10000000000061
113,7.09620131698,3.61708585027,3.2170694977,-6.89061210064,62.10000000000061
114,0.591948558855,6.49455335544,5.11041952374,-6.74172539185,62.10000000000061
115,0.114244414234,2.68428016657,-2.4844877469,-0.229955515683,62.10000000000061
116,0.280062736501,2.17367647161,3.544731537,-7.86513819415,62.10000000000061
117,0.367617257827,11.4317216365,-22.0586052497,13.7468475889,62.10000000000061
118,0.121298271883,16.9845210313,-1.34526148053,-5.12715792623,62.10000000000061
119,0.427753738392,1.79585030421,1.88557013859,-4.32629961191,62.10000000000061
120,0.169033586435,3.84433388493,6.03996679488,-8.89659911744,62.10000000000061
121,0.378246773641,-6.78582691432,1.71991036526,-0.146485850819,62.10000000000061
122,0.784174197061,8.72210252869,43.0371582088,-23.7146076462,62.10000000000061
123,0.212788023261,4.35800945466,1.84405349048,-6.26017282488,62.10000000000061
124,0.99783529765,2.00061492863,3.36132390469,-6.04745795277,62.10000000000061
125,0.432204085663,5.95757816188,3.66769946414,-5.18290689274,62.10000000000061
126,0.267296179158,5.31400890493,2.03111536801,-12.3676890403,62.10000000000061
127,0.124936845097,5.10943140091,0.742145376402,-9.60858630409,62.10000000000061
128,0.577205987194,3.56306047951,4.40494944967,-8.6008722413,62.10000000000061
129,0.653090441072,-3.44448688749,3.79905659864,-10.8760721593,62.10000000000061
130,0.176041581831,-35.0243888636,10.6146775865,42.9573435363,62.10000000000061
131,3.21285191691,-1.32362981652,-6.45686395439,3.56706634986,62.10000000000061
132,1.09553045708,-3.85820948031,4.06373777405,-28.9076897622,62.10000000000061
133,0.188696895492,3.82382751775,15.7135778891,5.14950931522,62.10000000000061
134,0.287856749929,11.0303928503,35.595124814,56.925652582,62.10000000000061
135,0.548826227182,2.14564983345,2.56475491829,-6.40329550692,62.10000000000061
136,0.108824919992,7.8189841369,1.34972743189,-14.0154551836,62.10000000000061
137,0.109905226159,2.38398020992,5.36133662243,-5.5591933024,62.10000000000061
138,0.3976158825,7.15393723666,-10.3865768131,-7.68975007137,62.10000000000061
139,0.562216642753,1.7151744255,0.666840063884,-3.68440050902,62.10000000000061
140,0.244122523016,-20.5571010178,-62.0623649505,76.9694958436,62.10000000000061
141,0.175255891774,4.53590218775,-0.317138273275,-4.95914651934,62.10000000000061
142,0.263374262027,4.23681115485,3.25050346884,-7.13360125677,62.10000000000061
143,0.390156034475,0.86761202717,2.96449153426,-7.30319531716,62.10000000000061
144,0.163198203309,1.29865047008,8.27139085534,-9.83843811614,62.10000000000061
145,0.131208275735,0.251197778541,8.07748003849,-3.56467385232,62.10000000000061
146,0.20616347052,3.61465065687,2.9532185905,-7.60219188618,62.10000000000061
147,1.22686509539,2.51958531627,1.36446022523,-7.14036948701,62.10000000000061
148,0.37334260958,-36.3133696415,-4.37760763184,-38.898584168,62.10000000000061
149,0.211252881978,4.44576373574,5.72869488828,-5.1439657012,62.10000000000061
150,0.20982836737,14.5697879744,-4.15456391409,2.19923362809,62.10000000000061
151,0.379497948505,6.26683236857,0.1010842141,-6.10529297634,62.10000000000061
152,1.02419930761,2.50619307462,2.39974582937,-7.71647198619,62.10000000000061
153,0.618287147769,-0.137940033821,-12.1768302992,-35.4005774724,62.10000000000061
154,0.829323053071,-0.290846793841,3.97657270676,-0.861238293615,62.10000000000061
155,0.770760497599,10.6468890721,-2.28351541742,-8.94849658858,62.10000000000061
156,0.10420356206,2.45533321591,4.67387354213,-11.0660298678,62.10000000000061
157,0.134248171329,19.7454527438,4.45799174731,-19.7177874304,62.10000000000061
158,0.292780156328,6.59089504201,2.99443537914,-8.49169573603,62.10000000000061
159,0.276475558096,1.2014062404,-1.55750478843,-6.37992433763,62.10000000000061
160,0.139228510778,2.98043354831,-2.4064022367,-13.3567720357,62.10000000000061
161,0.361333251748,-2.86684303926,1.44856340966,-3.98323050209,62.10000000000061
162,0.660980051545,2.22813125754,3.16477221648,-5.21312387422,62.10000000000061
163,0.146444550421,2.76047803567,2.20323890618,-4.10434623804,62.10000000000061
164,0.116899068118,2.1937853486,4.34064273674,-3.11113546953,62.10000000000061
165,7.9684280256,2.25812479967,3.0416092344,-6.7967848997,62.10000000000061
166,0.332066284342,-26.6623703236,0.862777254399,-0.241372081032,62.10000000000061
167,0.953661593456,-0.126800048224,0.876131453219,-10.8331756824,62.10000000000061
168,0.18020352011,3.68876130161,4.60840163685,-8.22883173113,62.10000000000061
169,0.311333225729,3.09094091773,3.4166442302,-5.80054613223,62.10000000000061
170,0.630562983659,1.01506165189,4.77071196899,-4.25151828479,62.10000000000061
171,0.3791467814,1.86889615067,6.24032067705,-0.609665797223,62.10000000000061
172,0.290907509623,-0.431315093282,4.17710994713,-2.35559084127,62.10000000000061
173,0.512945246915,3.11293360984,-2.19622264687,-6.31584345969,62.10000000000061
174,0.508192443518,6.48337715325,-5.62927456236,-1.01635142011,62.10000000000061
175,0.139844188581,1.78437379056,2.08334238354,-4.54001838962,62.10000000000061
176,0.167888131355,-10.6090345941,-39.1355676316,-4.80549752111,62.10000000000061
177,2.76582308973,1.88927414114,3.00717131134,-6.74373849667,62.10000000000061
178,0.528035498572,3.33063725362,3.42905013731,-5.15090327661,62.10000000000061
179,0.304593531398,1.46935179152,6.30726216539,-9.52596066462,62.10000000000061
180,0.216838442033,3.30453891678,28.3093206658,29.6585669891,62.10000000000061
181,5.41412414458,2.13642991387,0.165610788808,-4.55302882866,62.10000000000061
182,0.622981338005,2.37753226813,4.29231091751,-2.90318815089,62.10000000000061
183,0.311528190089,-3.95401928539,8.62941954645,-17.1219829467,62.10000000000061
184,0.401124876245,1.40899350708,4.62128640018,-6.72469207115,62.10000000000061
185,1.69054813088,0.13760862716,1.02220699804,-4.63519182819,62.10000000000061
186,0.156514921054,2.62307880131,1.79401423047,-6.09600838868,62.10000000000061
187,0.364129066923,-6.61031978672,-0.239102957811,-10.3758588995,62.10000000000061
188,0.63366595719,-0.962195727504,6.46845240079,-9.74468586091,62.10000000000061
189,0.165268833529,8.22195498872,-0.643826087995,-7.3458874252,62.10000000000061
190,0.372982359533,4.02597149189,2.04427256935,-5.12779205826,62.10000000000061
191,0.432076392713,14.6093252859,14.6083643779,-29.2872814754,62.10000000000061
192,0.563720271833,0.621971013125,2.36630746355,-9.04292370552,62.10000000000061
193,0.50699865002,-56.2473904275,20.7835541414,33.2956961462,62.10000000000061
194,0.296123466572,1.72667411959,4.01723182434,-5.92484041454,62.10000000000061
195,0.62039578822,-5.00833781047,-1.13030859473,-3.91178494927,62.10000000000061
196,0.390492432899,2.42024475171,2.69844805622,-4.62240578095,62.10000000000061
197,0.17926651482,12.7644960231,-3.93695106741,-9.01988897221,62.10000000000061
198,0.118909536236,1.01328390565,2.6358885352,-9.74999159718,62.10000000000061
199,0.125818457778,6.13751568548,-0.0393876596557,-6.54942570634,62.10000000000061
200,0.144678154246,1.46508744468,1.35049874612,-7.02304818773,62.10000000000061
201,0.209985632983,2.0433736047,-1.51727808296,-4.97145615503,62.10000000000061
202,0.112291200092,0.925503657996,0.388859795959,-19.2763234113,62.10000000000061
203,0.383220719687,2.58671075465,2.01966657212,-6.81664287891,62.10000000000061
204,0.620854539471,1.47458271434,2.98193244184,-5.68022543679,62.10000000000061
205,0.114155827613,-10.8774255742,-3.77375896216,-6.68892735923,62.10000000000061
206,0.435913105216,-0.909310712746,20.8368405339,6.68948306981,62.10000000000061
207,1.45588725027,0.225171347192,-0.633507180557,-6.82689488448,62.10000000000061
208,0.165195884985,36.3292242932,71.1937592561,16.3151048158,62.10000000000061
209,0.186618354342,3.17501767663,3.11426342447,-8.64296784195,62.10000000000061
210,0.221281738967,13.3591256828,-22.1144712952,33.0284726703,62.10000000000061
211,1.40041555123,2.63246386815,3.24429217937,-5.31790754906,62.10000000000061
212,0.917601264338,15.2776958884,-20.7301767733,-18.604642069,62.10000000000061
213,0.122664400474,4.07712890292,2.32450452587,-7.32152731969,62.10000000000061
214,0.153164647977,1.99579167853,3.0895595883,-7.98717050252,62.10000000000061
215,0.561970462594,-0.725518108439,-5.22827948225,-8.38965384981,62.10000000000061
216,0.103968671015,2.95519809999,1.88166412808,-6.83296961466,62.10000000000061
217,0.718785513951,2.86373456328,3.08379437748,-7.09805870898,62.10000000000061
218,0.701625731234,10.9785912239,0.0190061202311,-24.4990867195,62.10000000000061
219,2.0006823487,4.41483898943,3.47381820904,-11.7502205624,62.10000000000061
220,0.267039762731,2.34803568951,2.94172620906,-7.96930579131,62.10000000000061
221,0.264816639624,1.70513631619,-7.454806476,-19.8429232143,62.10000000000061
222,0.337037923657,0.549606642853,0.536632653175,-5.54912908342,62.10000000000061
223,0.274499760359,-0.136128137531,2.40686318364,-4.36034685352,62.10000000000061
224,0.136057072267,4.69941939598,3.15609671239,-1.27387137666,62.10000000000061
225,0.467805227116,37.5743926327,-8.25475736679,-16.1779995024,62.10000000000061
226,0.905282536652,3.37999059345,2.67534334408,-5.35903060134,62.10000000000061
227,1.08042512255,2.65203843979,3.02441843685,-7.22301506897,62.10000000000061
228,0.413967013174,3.10208652222,-9.15148412921,-17.7746569137,62.10000000000061
229,0.935016336306,4.52774927499,-5.75410364133,-21.3131632427,62.10000000000061
230,0.384605138264,8.66715734115,3.74938200151,-5.03243289516,62.10000000000061
231,0.10075997538,15.4604078843,-6.47245501397,-7.9836719402,62.10000000000061
232,0.125855070676,2.86926841405,7.31470570729,-11.4221900407,62.10000000000061
233,0.108468334401,5.17225042688,34.1413889133,-32.0435488416,62.10000000000061
234,0.16616633364,3.66344581856,4.18672518777,-8.46728273352,62.10000000000061
235,0.996838243097,-0.680354218492,6.99818536432,-3.64482443156,62.10000000000061
236,2.11333629956,4.04880233489,-9.76188845715,-35.057933474,62.10000000000061
237,0.340470620739,1.36237321271,1.66854953463,-8.8086047558,62.10000000000061
238,0.157062689113,-0.667205392602,1.60516774035,-5.98969842276,62.10000000000061
239,0.452911842453,4.22122494246,5.42043152028,-7.75002632661,62.10000000000061
240,0.503268553327,-11.4461872531,-18.1045565003,-6.8709479778,62.10000000000061
241,0.171281209955,4.7543084818,6.01362868953,-3.84871436889,62.10000000000061
242,0.129963838634,-59.2564080497,-9.09903566426,-8.65925847564,62.10000000000061
243,0.590436552518,28.5834713003,-24.9057762861,1.33906068204,62.10000000000061
244,0.109225544825,0.875719249629,1.12590369853,-8.5490689096,62.10000000000061
245,0.16719426692,10.2199601851,-5.2193318263,-2.40978620883,62.10000000000061
246,0.126752949872,6.11442793389,6.29193957336,-3.17833280927,62.10000000000061
247,0.301439255546,5.49440183472,9.15425572267,-8.07270974227,62.10000000000061
248,0.867859504245,3.63590609192,3.23250791983,-5.61907946219,62.10000000000061
249,0.258007306852,-2.50044102825,7.11370086803,0.107628316126,62.10000000000061
250,0.297893089654,1.58484838924,4.11968761328,-7.29289467455,62.10000000000061
251,0.812853995496,8.28559760127,7.1403675563,-21.5669428051,62.10000000000061
252,0.12599543728,-1.73053947492,4.31956028062,-1.55442738477,62.10000000000061
253,0.266682530991,3.09164718452,2.40301217243,-5.93673662994,62.10000000000061
254,0.253688585919,2.43412610714,5.28090993982,-10.6480980536,62.10000000000061
255,0.194220815745,2.21491287237,4.91162823058,-4.11375521718,62.10000000000061
256,0.122128752357,-1.54617446606,1.20093853896,-4.08221169408,62.10000000000061
257,0.352238421591,2.75840508572,3.55946443959,-1.54519443821,62.10000000000061
258,0.15446318405,0.829807781396,5.98882733842,-6.22191932373,62.10000000000061
259,1.15369925161,4.17507521882,-3.9901885687,-1.7687488131,62.10000000000061
260,0.294021127791,64.5003691491,2.97507920285,-34.7320206755,62.10000000000061
261,0.599610062207,7.87563042216,4.43681495335,-3.33430061389,62.10000000000061
262,0.510887955234,1.91520933635,2.53442133085,-9.10343233746,62.10000000000061
263,0.402873180293,2.10001079985,-0.129061909189,-9.59652880077,62.10000000000061
264,0.118650862145,11.0804086308,-0.0041727371015,0.135666363679,62.10000000000061
265,0.450669573692,1.74981698223,5.59355495907,-6.150583814,62.10000000000061
266,0.288351644643,3.80730533867,2.37679667719,-10.0410816562,62.10000000000061
267,4.70450899795,3.01890575426,2.90928658827,-6.5512444653,62.10000000000061
268,0.109427397419,-1.50160334136,5.94449170544,-6.20111540956,62.10000000000061
269,0.113337234346,1.74323463806,0.831280491557,-7.27932296538,62.10000000000061
270,0.411498575296,1.49367672543,1.02182262804,-6.25372113592,62.10000000000061
271,0.500588239268,9.62912918053,-8.89483717429,-5.65592806594,62.10000000000061
272,0.490895092495,-10.0431839462,2.30877499506,-31.850541669,62.10000000000061
273,0.148101769964,0.694165451987,-0.970764681914,-9.09568491845,62.10000000000061
274,0.176004623455,3.69393940063,4.99877673781,-3.89839920817,62.10000000000061
275,0.173393510366,59.7242316345,-22.2483787992,0.937865256001,62.10000000000061
276,0.483166500476,9.49529606607,-6.85535932153,-12.46966564,62.10000000000061
277,0.197984821782,20.9888550679,3.8303680072,0.957090791194,62.10000000000061
278,0.320342907184,-1.89303820326,15.8686832378,6.30339560004,62.10000000000061
279,0.227367605466,0.855152748497,2.95476340323,-7.76731462202,62.10000000000061
280,0.188347306634,4.20807490933,3.46198633286,-6.12648406778,62.10000000000061
281,0.128491652443,-5.66328667803,4.28863700872,24.8429475852,62.10000000000061
282,0.554396877492,-7.20029333011,26.3939637212,-2.17062006459,62.10000000000061
283,0.237004074477,0.657404089438,4.03654938904,-3.9972266722,62.10000000000061
284,0.834445921988,20.0654942685,21.0806545503,6.2955803497,62.10000000000061
285,0.349043345701,5.86621188581,1.12460139968,-11.4406739425,62.10000000000061
286,1.25644654889,8.91267265528,8.08874098581,-21.3379253823,62.10000000000061
287,0.140431614571,4.39222062421,4.35026088356,-9.27696536495,62.10000000000061
288,0.156771152477,13.8260328138,-10.9260436005,-0.54907937199,62.10000000000061
289,0.928682184613,0.94410321527,69.3270202294,-0.178733579868,62.10000000000061
290,0.21639491752,6.0161364943,4.21216674812,-12.6777760812,62.10000000000061
291,0.274325479915,11.1886212288,-5.06751987302,-15.1440206766,62.10000000000061
292,0.424554696409,2.16686068687,5.25996046727,-6.50537105059,62.10000000000061
293,0.607588465577,0.47622249275,1.79209708139,-7.29244489946,62.10000000000061
294,0.652118332387,-0.590072605452,1.40437631771,-5.21758238509,62.10000000000061
295,0.243512536407,-0.543628491308,2.84424727671,-9.37792032258,62.10000000000061
296,0.584412869813,2.26516969074,2.4904850139,-4.06009496969,62.10000000000061
297,1.7388498035,23.3250988664,5.70621755824,-10.4768615481,62.10000000000061
298,0.565665759695,2.19853000651,4.17960022567,-6.46828658901,62.10000000000061
299,0.195119893397,-47.0033398263,-35.3747412517,4.17653039966,62.10000000000061
300,0.172017204978,0.701075057,4.98763111995,-6.77922895717,62.10000000000061
301,0.370696260454,1.54736853675,4.69321779162,-5.44285425787,62.10000000000061
302,0.778559507587,-3.76306273183,15.4151201955,-4.97329108623,62.10000000000061
303,0.35847214373,2.46035545349,4.29304799894,-6.47078452297,62.10000000000061
304,0.782186703223,1.07940563284,6.94950465601,-2.48980692142,62.10000000000061
305,0.333697617043,2.9174497363,4.5299580933,-11.5264907034,62.10000000000061
306,0.949237870056,0.0579043339613,3.66561307814,-1.88183048555,62.10000000000061
307,0.382434954634,4.38468763274,2.84859165391,-7.72573496501,62.10000000000061
308,0.164683883633,3.2294889336,-1.28084785355,-3.39164732588,62.10000000000061
309,0.137411876968,-6.9300176252,-32.0543057111,25.6877276143,62.10000000000061
310,0.724363696016,2.32722139545,3.7004112244,-11.176610461,62.10000000000061
311,0.201803044333,30.4939731401,41.618586937,-29.2285945439,62.10000000000061
312,0.174137755665,3.10187626425,1.72246845548,-5.50199497999,62.10000000000061
313,2.69238933821,1.60256200124,3.4947376004,-4.11612242789,62.10000000000061
314,0.883320495965,1.30909000798,5.76884464501,-6.6429024271,62.10000000000061
315,0.174907838797,-1.76979394915,2.75518576127,-6.75078383313,62.10000000000061
316,0.589675157967,0.00825244740597,8.57430633066,-0.223584146721,62.10000000000061
317,0.908441603261,5.57486238797,1.12694739258,-4.67208973343,62.10000000000061
318,0.733877484841,3.36361610699,1.92728304776,-5.2595064857,62.10000000000061
319,0.129535153084,-1.96567283228,0.688383424237,-8.42731630559,62.10000000000061
320,0.158802786782,44.8745656703,-10.3873759637,-19.5287578064,62.10000000000061
321,0.386422919693,1.45993776769,5.13618961337,-4.5998830574,62.10000000000061
322,0.362474758683,4.60210607545,-3.30293086121,-1.65452881705,62.10000000000061
323,1.23238462358,1.58433368591,1.7514681004,-5.55090270443,62.10000000000061
324,0.117231011941,1.22499909645,3.69013965953,-6.15490003632,62.10000000000061
325,0.164969164456,-0.399373665984,2.52269273522,-8.62247707364,62.10000000000061
326,2.53398986202,31.8500297213,17.8875082693,17.3688500871,62.10000000000061
327,0.721823118857,-0.482806885046,1.34857853392,-6.65954575597,62.10000000000061
328,0.19044868772,0.781395649966,3.11522214683,-6.82021742955,62.10000000000061
329,0.175330868323,3.6614559969,5.12490726842,-7.50013725103,62.10000000000061
330,0.40588473204,1.71958030351,1.83134869724,-5.22477735675,62.10000000000061
331,0.196342147027,3.03027604362,6.52167832699,-12.0169057737,62.10000000000061
332,0.176977741179,2.55736400484,3.48459730298,-6.30364821077,62.10000000000061
333,0.128952801375,-1.85494251066,8.17169748882,-1.08392280564,62.10000000000061
334,1.34880550915,-5.41758055776,28.6742814898,23.2197014239,62.10000000000061
335,0.390217132059,2.82680941905,4.79559360575,-6.44954538275,62.10000000000061
336,0.494468281826,7.41348492958,-0.264483779367,-8.36510663266,62.10000000000061
337,0.487727022747,4.44708566339,3.80650085576,-8.00536931515,62.10000000000061
338,1.25342865074,1.64239802368,1.60832410696,-0.34970388149,62.10000000000061
339,0.142435146865,-5.83680717187,3.63401587078,-9.17359800033,62.10000000000061
340,0.220565786649,27.9060527229,9.61258227433,7.1616355588,62.10000000000061
341,0.562922875958,5.14912645807,5.49263349949,-7.89427808784,62.10000000000061
342,3.04158067701,3.29185916819,2.77082643075,-5.56727726148,62.10000000000061
343,0.240823185743,5.77161709011,1.07500210461,-8.06323663728,62.10000000000061
344,0.825229368304,-15.2224600614,-0.728894775681,-0.685963218084,62.10000000000061
345,0.346096308644,0.799425434255,0.400858257586,-0.438008181607,62.10000000000061
346,0.743427626431,2.60633469019,2.29986037496,-6.76104208967,62.10000000000061
347,0.281353668359,3.72772139393,3.01566124173,-7.74497550207,62.10000000000061
348,0.208401568369,9.8052439037,5.26907357686,-8.72405312406,62.10000000000061
349,0.589084246274,5.02691293706,4.96879776738,-4.10493843861,62.10000000000061
350,1.45343439508,1.64813887803,1.99865794466,-7.14355424797,62.10000000000061
351,0.199104482853,-4.16465664014,-14.9196566323,-25.5495434799,62.10000000000061
352,0.887336967537,-10.8310328127,-22.7768539942,-55.0845482519,62.10000000000061
353,1.18378062517,5.10887661256,3.60467693016,-22.8820467146,62.10000000000061
354,0.317160566307,1.65779522152,2.45708987637,-3.80873996905,62.10000000000061
355,0.117419797592,100.419701892,-9.80204218306,5.04174000818,62.10000000000061
356,0.671853935144,0.0869983738546,3.19659634348,-5.71259444991,62.10000000000061
357,0.163608541811,7.78181020942,1.50166368514,-4.75654527247,62.10000000000061
358,0.129400105354,2.54179387501,3.47551596207,-4.60257574031,62.10000000000061
359,0.251985621901,-0.470250722362,-11.5734400839,2.60784948402,62.10000000000061
360,0.533849476257,0.203170064659,1.64415144221,-7.61676676281,62.10000000000061
361,0.164337297498,-2.23327199956,16.4648510796,-9.69269581832,62.10000000000061
362,0.151183336524,3.29030298234,4.11364065597,-8.47432719426,62.10000000000061
363,0.111027903864,-0.668133888663,-2.99374250933,-5.33891906322,62.10000000000061
364,0.18668952594,-23.9031232484,-3.1135424271,15.3676932561,62.10000000000061
365,0.726181230934,-12.0816032102,-8.65899216924,0.353298829507,62.10000000000061
366,1.87502290358,-2.4208983401,5.35972399188,-1.09900991406,62.10000000000061
367,0.121537155302,-22.0873961342,-1.05481426083,-3.19244325412,62.10000000000061
368,0.154395598965,0.290199377274,0.990031923161,-6.06818150408,62.10000000000061
369,0.118136555931,-0.542801402539,6.31978301331,-3.25733333509,62.10000000000061
370,0.248988577007,0.58801135241,0.682400179502,-9.11334793103,62.10000000000061
371,0.1682870276,6.20205485592,6.86526916854,-2.87469836641,62.10000000000061
372,0.401776604265,3.27122907,4.66087912161,-8.2571406167,62.10000000000061
373,0.242285435378,3.14155963677,3.68484064149,-10.9830337925,62.10000000000061
374,0.435272533862,2.02280179503,2.51326942737,-6.0589677786,62.10000000000061
375,0.119629688014,-16.0524832499,-22.031928663,10.346287686,62.10000000000061
376,0.28879306335,6.71449853359,3.77815114298,-7.78893928732,62.10000000000061
377,0.478117053348,5.39407200867,2.94313096965,-5.5676937114,62.10000000000061
378,0.217771591801,-5.1975094771,4.40720777744,-12.8062811585,62.10000000000061
379,0.242751280974,3.76405465951,3.56470954353,-8.95623611565,62.10000000000061
380,4.03912283441,4.05187905082,4.5830993628,-9.84863599656,62.10000000000061
381,1.28742656009,2.60560887863,2.96762994444,-6.97049724241,62.10000000000061
382,0.248384464651,-3.67824065758,2.38412673656,-5.62121787659,62.10000000000061
383,0.274112898687,2.73494870553,3.19171371375,-6.36088571201,62.10000000000061
384,0.179729629242,-2.97993962078,2.25899717553,-4.72941329314,62.10000000000061
385,0.12002736022,1.9772370368,1.56907555904,-6.67531242545,62.10000000000061
386,1.10696578381,0.00583283378492,2.15669884964,-6.8755439692,62.10000000000061
387,0.129951647644,1.54969860606,1.87928734046,-6.09944586856,62.10000000000061
388,0.147471507197,2.34867433977,4.15234312146,-10.2994333375,62.10000000000061
389,0.240805045838,2.33362258359,2.80755581624,-7.05552624238,62.10000000000061
390,0.808839372941,2.30000874497,2.68948350159,-6.25274618447,62.10000000000061
391,0.177753235284,3.28733451938,3.79450621043,-7.65081410107,62.10000000000061
392,0.207661107097,2.37518042888,2.53342403884,-8.56877339157,62.10000000000061
393,0.197562441592,-2.13342615224,1.97219210647,-18.4785730961,62.10000000000061
394,0.237116616893,0.462506644433,0.464536670851,-6.23363065856,62.10000000000061
395,0.117403359742,-9.947657166,3.80067043377,-7.2769742623,62.10000000000061
396,4.5574587206,104.052046097,29.823591448,14.4346028027,62.10000000000061
397,1.23726629644,-0.56716705602,2.94072733824,-5.47790935982,62.10000000000061
398,0.969767747838,16.0411934967,8.71630099156,-16.2763884272,62.10000000000061
399,0.171817344394,2.95553525773,1.87451598918,-9.9157103164,62.10000000000061
400,0.149866939886,3.35804423502,2.76908991016,-7.4221061344,62.10000000000061
401,0.244210210196,-8.67610491452,18.5082901175,-24.3544592455,62.10000000000061
402,0.106885616471,8.38347015755,-0.902817468647,-7.21576089393,62.10000000000061
403,0.131140933467,3.92122088931,3.51981441992,-7.06541840099,62.10000000000061
404,0.570882220724,4.4774473309,3.47807100792,-7.56008359327,62.10000000000061
405,2.80060542506,9.20919299131,-4.96215848875,-1.54337853701,62.10000000000061
406,0.705703229735,3.04941476017,3.47319404032,-7.15912879204,62.10000000000061
407,0.280001786895,0.533704651691,0.0539103671316,-5.2441296138,62.10000000000061
408,0.462058883799,-0.378731706706,0.819420283477,-10.2243174728,62.10000000000061
409,0.137898790256,0.371070308953,7.89076110125,-8.08530731596,62.10000000000061
410,0.145507823776,2.41630292416,4.04719046873,-5.76281790345,62.10000000000061
411,0.261776293218,-7.70267479085,28.2084315645,-6.09790196685,62.10000000000061
412,0.593773153529,-11.7628929372,22.3172187942,-34.5930344928,62.10000000000061
413,0.229958370149,2.93932892138,3.39397218565,-6.86165715413,62.10000000000061
414,0.206261793734,-0.309275713158,-1.90289084762,-4.34370156562,62.10000000000061
415,0.101197947805,5.90914000653,1.98406481256,-6.6794269282,62.10000000000061
416,0.165704586532,-0.246287246618,4.17347656845,-5.65332428658,62.10000000000061
417,0.79816437674,1.41225580793,2.89400925406,-7.50967541113,62.10000000000061
418,0.44455369681,3.11520706172,1.68065247829,-8.31428554409,62.10000000000061
419,0.265337593189,-22.8383005999,-70.6092422802,45.231160441,62.10000000000061
420,0.1417389232,-6.79396664838,34.7010290575,15.4386849136,62.10000000000061
421,0.878293608192,-0.667997884417,20.4870189945,-16.6674387242,62.10000000000061
422,0.146435537578,3.8532369412,3.84841631025,-6.73394184755,62.10000000000061
423,0.307360235906,58.0738095631,-29.7978825123,-8.21615893459,62.10000000000061
424,0.382197039974,41.8558952101,-0.214794745754,8.1410879239,62.10000000000061
425,0.450162930181,-0.599865751642,2.29672726196,-7.5319480275,62.10000000000061
426,0.115689357222,1.97939349924,3.45811461194,-2.55055270156,62.10000000000061
427,0.604098284479,-11.2811622008,2.38171802893,-13.7184298027,62.10000000000061
428,0.308681954147,2.66786103389,2.53686297264,-7.51270611902,62.10000000000061
429,0.103746509354,5.17424948562,6.20404067325,-4.8744758722,62.10000000000061
430,0.240763518438,86.8612225836,-35.447983513,-135.970825168,62.10000000000061
431,0.10057745962,1.19059759119,2.83264914905,-7.82453015997,62.10000000000061
432,0.172723944199,2.00757878954,3.57866450679,-6.12344147131,62.10000000000061
433,0.727578363975,-0.512418706757,1.64797163026,-7.3438529279,62.10000000000061
434,0.217088775141,0.325542964161,4.13357191972,-5.12358909813,62.10000000000061
435,0.195185734073,-0.736553940329,6.97514252901,-6.44992780743,62.10000000000061
436,0.195306358663,0.391509853399,-5.77880059125,-3.61933498246,62.10000000000061
437,0.4095665331,-5.57786894388,13.9983667789,-2.28918514505,62.10000000000061
438,0.784593635019,3.73183785477,17.6343238344,43.0208801095,62.10000000000061
439,1.54956471157,2.08592836887,3.7042300315,-6.29321252108,62.10000000000061
440,0.133395385416,3.51556165432,3.05184480576,-6.15060196469,62.10000000000061
441,0.113449584728,1.59710006189,1.50295899954,-5.52364938242,62.10000000000061
442,0.159428402536,10.397100684,-17.8274100363,8.43834685271,62.10000000000061
443,0.383957610219,-41.6967296474,-5.65564909628,-15.1305084311,62.10000000000061
444,0.578179952325,-0.0532590718188,1.68932298954,-6.73264493125,62.10000000000061
445,0.151519742442,2.20992925032,3.23726437628,-5.86315993056,62.10000000000061
446,1.00247923972,11.1417964083,-1.15296812893,-19.3392171094,62.10000000000061
447,0.7129408501,1.87455367257,3.85673785004,-5.7422637631,62.10000000000061
448,0.555849413862,27.070695242,70.4122569082,-0.51815209955,62.10000000000061
449,0.279567041147,1.98999801642,2.67446864753,-7.40492005725,62.10000000000061
450,0.283906521543,2.25625891327,2.58790232787,-8.46788309053,62.10000000000061
451,0.746469353818,3.31107228188,2.88176410209,-6.62635888372,62.10000000000061
452,0.478993595738,-3.45473414925,21.4456464358,-31.0272836132,62.10000000000061
453,0.24254928915,3.53696411826,2.94264403631,-6.55881675944,62.10000000000061
454,0.788596071237,2.90142241227,-0.862564396823,-7.70168111428,62.10000000000061
455,0.105365669149,-0.440202857978,-0.936889584337,-12.3789984808,62.10000000000061
456,0.102948904397,9.88377542277,10.3318600196,-7.12297366163,62.10000000000061
457,0.363582010514,-5.21500153048,4.00951786247,-0.837444647086,62.10000000000061
458,0.676825839252,1.47145344822,4.84384877327,-7.25000100101,62.10000000000061
459,0.139270670616,2.53202210283,-0.362380719485,-9.47135133307,62.10000000000061
460,0.103088337753,1.64491385528,3.08614075792,-4.00330267833,62.10000000000061
461,0.332568232702,1.86437414785,-1.87681484627,-9.13581484083,62.10000000000061
462,0.122080473342,3.75463522134,1.925927911,-4.85819812986,62.10000000000061
463,0.110048985809,2.58471556995,3.51566453974,-6.82889901105,62.10000000000061
464,0.39890595638,1.27246502463,-20.4608761758,-10.1791263552,62.10000000000061
465,0.834131107612,3.41542435136,1.13092268772,-6.15625202235,62.10000000000061
466,0.102264487974,13.0116292911,-43.6840733321,30.38507727,62.10000000000061
467,0.13113937977,5.5617162851,-0.220551995638,-2.76212301588,62.10000000000061
468,1.68579327354,2.4653170021,3.17294317074,-9.13476842846,62.10000000000061
469,0.317722592534,7.23059496915,2.8280958284,-4.4166901232,62.10000000000061
470,0.53383310496,-0.774897453948,5.64612322189,-5.37952324346,62.10000000000061
471,0.159504449835,3.28913166914,3.20100238275,-9.64450242939,62.10000000000061
472,0.146685290642,24.3653230271,5.95672971804,-1.33801909407,62.10000000000061
473,0.204420306393,2.391643931,1.59620991333,-6.18393656513,62.10000000000061
474,1.23204910773,1.28328737175,4.04373686555,-5.39023116168,62.10000000000061
475,0.164574519261,-1.12233874946,5.68770906341,-9.17573712801,62.10000000000061
476,1.66893359946,-2.68467038206,5.12937852277,-5.73426574582,62.10000000000061
477,0.373662339201,2.04732094283,3.1855592237,-6.89272406299,62.10000000000061
478,0.394206744028,4.48928090821,6.11828171607,-8.91921021208,62.10000000000061
479,0.137794764291,2.79883812427,2.75445550121,-6.78726210679,62.10000000000061
480,0.113833203885,12.1376803468,44.547177081,22.9510195599,62.10000000000061
481,0.466084356251,-19.8835074263,2.07398383048,-7.78986806265,62.10000000000061
482,0.13474045156,2.69262522184,1.67848537389,-7.59769085292,62.10000000000061
483,0.357690087322,3.21763708699,3.99602641705,-4.30834197068,62.10000000000061
484,0.397849838415,2.77523827472,5.29953515783,-3.59191717957,62.10000000000061
485,0.121958557119,6.25502691042,18.566285363,-34.9359503399,62.10000000000061
486,0.131971283212,16.7605704196,36.9051590327,-1.78013137384,62.10000000000061
487,0.56611873166,5.99921754413,7.79151327695,-3.67312069003,62.10000000000061
488,0.217727255708,4.42756465148,29.7944429159,-27.2562049665,62.10000000000061
489,0.852303011758,2.21851097258,3.87378856288,-6.14820340992,62.10000000000061
490,0.169159236569,-3.35116373726,7.33461692684,-10.7369876768,62.10000000000061
491,0.465295966257,4.25463166087,3.85837553858,-5.6325287652,62.10000000000061
492,0.501575956291,-0.137869224026,3.57049982558,-9.27846203786,62.10000000000061
493,0.318299551151,3.03312912455,3.85280029487,-8.02773165328,62.10000000000061
494,6.10428657397,2.89938803894,2.36480450411,-6.73363980439,62.10000000000061
495,0.140193079726,1.26104291793,11.5692458572,-10.9689855147,62.10000000000061
496,0.58263545414,2.1147489614,3.42108074159,-14.0563344235,62.10000000000061
497,2.91616674399,0.702903548071,2.64848026834,-8.79673619849,62.10000000000061
498,0.466789586562,4.3705928808,3.21348979579,-6.6849778077,62.10000000000061
499,0.168405625639,-3.02083059548,2.44572708258,-7.33631049037,62.10000000000061
500,0.214556186872,5.07596290336,0.202300185337,-11.0068964491,62.10000000000061
501,0.370780367327,-28.5772297573,12.7170188933,-4.37795830071,62.10000000000061
502,0.125754788979,0.617735426836,4.22547355433,-2.69797708906,62.10000000000061
503,0.267954309289,2.92183669103,3.06138753794,-7.17754980489,62.10000000000061
504,0.123455999447,2.31236828331,3.03319057197,-9.57232862785,62.10000000000061
505,0.113149839296,1.80110971948,1.11369176708,-7.26003651719,62.10000000000061
506,0.116082296507,-27.9491518792,6.78768050736,-18.8183649558,62.10000000000061
507,0.262583409355,2.80990552046,5.70446998343,-7.29663876289,62.10000000000061
508,0.362934198478,1.25624719569,6.46506412903,-1.68160293596,62.10000000000061
509,0.305315896801,2.67758692283,7.30483857946,-4.83388690569,62.10000000000061
510,0.140327590406,16.111267643,20.0689367725,7.71373019813,62.10000000000061
511,0.11904082908,15.0906443091,-1.30102689056,-20.5712640026,62.10000000000061
512,0.129392545475,5.30344074213,45.2374491505,14.984393431,62.10000000000061
513,0.132387634032,-1.12322755533,6.64653310429,6.04665752523,62.10000000000061
514,0.342127228614,1.11822057151,1.7646931629,-5.39097571982,62.10000000000061
515,0.560505817783,-16.3652838801,-30.4672282362,-28.0428727022,62.10000000000061
516,0.132616280528,-8.51351354829,5.90478385198,2.18785703634,62.10000000000061
517,0.588592963803,2.20734602146,2.34732848558,1.16094059045,62.10000000000061
518,0.287431917087,-0.672273413663,9.8989172975,-11.4864091026,62.10000000000061
519,0.372068062003,3.63897521641,3.48819478798,-8.16779884848,62.10000000000061
520,0.115993760574,5.99659213955,-9.16414949019,-12.5886079119,62.10000000000061
521,0.513317576393,4.73367060489,6.61962645353,-3.1680454932,62.10000000000061
522,0.195409260644,2.91586961276,1.37937854138,-7.10009411457,62.10000000000061
523,0.127492579025,23.1720065493,13.763376004,-11.3216978545,62.10000000000061
524,1.24726595339,1.00676773922,-2.69781064369,-7.56344248383,62.10000000000061
525,0.124189089769,-14.7235980942,21.5108238346,-0.444643435929,62.10000000000061
526,1.57671282749,13.4189615163,-3.05532702728,-6.7983862429,62.10000000000061
527,0.553605992534,1.16879002406,3.84963069761,-6.64954346151,62.10000000000061
528,0.783078509587,1.45900398428,4.07817357317,-7.88827735811,62.10000000000061
529,0.195790864059,1.85524819128,3.89528373488,-4.95606575371,62.10000000000061
530,0.453625677573,4.91489805796,10.8558736445,3.84633507392,62.10000000000061
531,0.549194501875,-57.7591598573,-1.7752496158,-53.3390844179,62.10000000000061
532,0.211901160416,2.29424837692,10.3809225987,-4.7277607277,62.10000000000061
533,0.100773473628,3.66345388633,3.28076117541,-6.04120408042,62.10000000000061
534,0.158763459239,0.269182152897,-1.24237481345,-2.41212988301,62.10000000000061
535,0.611534894685,2.42342067837,3.82943027622,-6.27234979678,62.10000000000061
536,0.244164963241,38.8807950233,-12.921257782,-18.2184724742,62.10000000000061
537,0.204837232916,6.7920531995,3.66209522241,-5.25837459369,62.10000000000061
538,0.320816647575,2.39969711343,3.35272644923,-6.71884491256,62.10000000000061
539,0.10812511298,0.442601692592,1.58440322219,-6.24008025916,62.10000000000061
540,0.202137505668,7.52573823398,18.8316472896,11.0754847238,62.10000000000061
541,0.567188848439,1.57747320009,1.53927326155,-7.81599086093,62.10000000000061
542,0.414127880887,-1.60673158503,43.1727532535,-37.9897372663,62.10000000000061
543,0.416803020614,-5.17011816241,29.5805157826,-37.6876725058,62.10000000000061
544,1.83706185321,1.88846201653,2.99999820289,-6.74822939266,62.10000000000061
545,0.104243644465,-3.05503641862,5.71704937494,-15.9096177043,62.10000000000061
546,0.662415510581,11.329065649,1.67810527668,-9.69515869238,62.10000000000061
547,0.505919272058,-1.37185543914,2.0807693525,-7.10270126093,62.10000000000061
548,0.116389246728,10.411857388,2.25795925355,-5.96559601948,62.10000000000061
549,0.366958512552,-5.95280120064,-0.828309509157,11.1141749039,62.10000000000061
550,3.4670725124,1.92793572916,3.16300137683,-6.73986585854,62.10000000000061
551,0.251230585038,5.36500899319,4.1715796986,-9.74529922593,62.10000000000061
552,0.122256623368,9.07684812587,45.2640459147,-53.2176880707,62.10000000000061
553,0.320574511666,0.0335625347107,-6.16519856424,-18.7110463131,62.10000000000061
554,1.4712354282,10.7616704802,6.25414979077,25.3382107217,62.10000000000061
555,2.12541981127,2.88877211738,0.270167511791,-7.39801344601,62.10000000000061
556,0.470008713879,-20.725433726,-10.1990691582,-7.36009357731,62.10000000000061
557,0.161186153275,0.525496773713,3.6542384089,-5.35146515083,62.10000000000061
558,1.20813185289,-24.7548807184,27.1813912502,2.9286366966,62.10000000000061
559,0.115444152279,1.27858618674,2.5725023611,-5.85629265678,62.10000000000061
560,0.168027964109,4.93540276566,1.23132244039,-11.5997797177,62.10000000000061
561,0.426065714723,7.26846503456,0.571503261565,-11.9431734262,62.10000000000061
562,0.692736356205,-42.7139993123,37.4032383785,7.18467368338,62.10000000000061
563,0.28672309606,-2.17960463209,-0.331243961155,-7.27387414795,62.10000000000061
564,0.720526126535,2.08355389301,3.55987127274,-6.81949301505,62.10000000000061
565,0.10822954347,-2.77966625738,-3.95169858448,-2.0079448853,62.10000000000061
566,0.211074697151,-4.60977290905,-10.9944042708,-5.18689990528,62.10000000000061
567,0.476254930908,8.65901159791,0.177733877688,-3.67797357693,62.10000000000061
568,0.435961080435,2.67358835091,-1.00279565231,-6.68237429082,62.10000000000061
569,0.448887632355,-0.70615472818,-1.894688139,0.291183637033,62.10000000000061
570,4.2420025108,-3.44437353572,4.0926369515,-9.5476298826,62.10000000000061
571,0.50259365217,13.7221092453,-57.6627895765,-44.6182016808,62.10000000000061
572,2.13410624454,2.97475347976,2.92187697282,-6.58613913467,62.10000000000061
573,2.26773877934,1.33721263668,2.02756175576,-5.8872432777,62.10000000000061
574,0.191919515096,1.41804873981,0.408268381006,-0.901659355796,62.10000000000061
575,0.149655333474,-16.053116253,1.15907710422,-8.15756921081,62.10000000000061
576,0.147633232159,7.42207635661,-0.832156785476,-4.2287296506,62.10000000000061
577,0.315672431916,1.50247465323,3.8420043696,-4.93373092488,62.10000000000061
578,0.150160393295,0.711934612457,-0.184082364536,-11.3163876132,62.10000000000061
579,1.25652849444,1.54413754772,0.140039675878,-7.03927944374,62.10000000000061
580,0.161998004457,14.8043037171,0.250432157027,7.66138034677,62.10000000000061
581,0.480827327649,0.179254083535,3.13351643433,-3.15266845805,62.10000000000061
582,0.27004976192,1.20515767088,8.16068252352,-10.0605080731,62.10000000000061
583,0.123298507036,-20.0836602925,2.32687509573,17.804000065,62.10000000000061
584,0.199526911602,3.09274597079,-7.82061498124,0.129442453666,62.10000000000061
585,0.148170426713,-1.24598710315,5.70738334134,-6.86015217614,62.10000000000061
586,0.159997693514,2.20857650589,3.98201377377,-7.41688101287,62.10000000000061
587,2.75807613105,4.2215410683,3.48767832378,-11.4114666489,62.10000000000061
588,0.277405905861,3.43231701207,3.50093567694,-6.97309780721,62.10000000000061
589,0.408344807167,0.227032064386,9.79765052796,-0.0442855824263,62.10000000000061
590,0.413927612662,1.52822859511,0.791069361223,-7.79204123036,62.10000000000061
591,0.183062447833,-0.24719751983,3.98139597795,-6.19209816925,62.10000000000061
592,0.593046826177,7.79094848911,4.63920902249,-2.85425656881,62.10000000000061
593,0.509163993746,4.58644195779,-2.80075864652,-8.43528825537,62.10000000000061
594,0.177897384084,3.40132438202,3.65602991379,-6.55295688493,62.10000000000061
595,0.609771698286,0.449392645732,3.68719130999,-3.61386463168,62.10000000000061
596,0.121752538804,2.19558959831,3.2612138948,-7.35637420153,62.10000000000061
597,0.787427453056,7.8041856015,1.08948270914,-8.20158531477,62.10000000000061
598,0.407622913021,-0.855038829548,2.09654209145,-8.0863144078,62.10000000000061
599,0.252938286751,3.53795733447,1.01056871695,-8.50381015436,62.10000000000061
600,0.17159440907,2.40969270539,3.29872428792,-6.57332047401,62.10000000000061
601,0.538958493258,2.52567468552,1.93688502308,-6.28718270772,62.10000000000061
602,0.121449242201,-3.95350118992,-21.3575042213,56.26985096,62.10000000000061
603,0.425452071014,2.12405477027,3.04120075191,-7.44141279599,62.10000000000061
604,0.117795883823,12.5316672423,45.678086535,36.0529675266,62.10000000000061
605,0.242815457995,-14.1280622951,17.7363477433,20.2058320547,62.10000000000061
606,0.123026092469,3.40427762016,3.65361226912,-11.4812336921,62.10000000000061
607,0.175860484399,-0.720848974135,2.43692745722,-0.111110908397,62.10000000000061
608,0.275932964717,10.6488171423,-12.808585242,-23.4293633904,62.10000000000061
609,0.21276242668,1.07725280763,0.248120151886,-12.0209570507,62.10000000000061
610,0.194893052591,3.541812253,1.87229377395,-6.18103555893,62.10000000000061
611,0.255978999752,3.32926650118,1.73779037453,-13.1929956419,62.10000000000061
612,0.484215259732,53.2301979156,-47.6253456668,-7.32024047963,62.10000000000061
613,0.116726792956,-0.651971385605,-0.628453770628,-8.37735781719,62.10000000000061
614,0.404614454167,4.04112215216,-2.19374663305,-7.58444232454,62.10000000000061
615,0.162730819468,-1.87699542906,3.86394468629,0.652013859254,62.10000000000061
616,0.219560355918,0.426152278762,2.99247512517,-6.32247531939,62.10000000000061
617,5.06478827845,2.84986189533,2.30923596046,-6.94921173648,62.10000000000061
618,0.120672010995,2.02267718134,3.54165286307,-6.87926824758,62.10000000000061
619,0.179752256224,0.932148626707,6.30538330951,-3.3707655801,62.10000000000061
620,0.661276230166,-8.13175422637,-0.91805819995,-9.673230319,62.10000000000061
621,0.198547199406,0.801260882672,9.21258377615,-3.15642166199,62.10000000000061
622,0.129006150683,43.6600677408,-51.5832925165,26.7168510874,62.10000000000061
623,0.157687933989,-21.5751972478,38.2614012723,32.0575481039,62.10000000000061
624,0.189586409899,5.32789150418,-4.05993159526,-8.90113916659,62.10000000000061
625,0.3870098421,0.31006169009,3.46804520339,-6.30042822758,62.10000000000061
626,1.72311317932,3.75478237401,3.17237194265,-6.08781602456,62.10000000000061
627,0.376540540532,-15.331131729,13.6763946305,-37.8631570421,62.10000000000061
628,1.0931734205,6.25617276976,1.97395831881,-0.0822479516018,62.10000000000061
629,0.18060891343,-7.29370512763,4.74628142844,-8.66501962478,62.10000000000061
630,0.166160713448,-6.03309414407,-2.34240333167,-1.18996238073,62.10000000000061
631,0.403416952092,-12.9748116174,36.8533901582,1.92357130601,62.10000000000061
632,0.431485036341,1.85964255275,2.10481534146,-7.12768488351,62.10000000000061
633,0.12083821478,0.958521310148,5.97965717171,-4.2661687694,62.10000000000061
634,0.177327497819,-4.40318977588,9.35764445248,-11.9791378116,62.10000000000061
635,0.45175360372,3.99970956459,7.41957159882,-4.21534979552,62.10000000000061
636,0.341564194183,4.29260734167,0.782496706555,-4.33092972292,62.10000000000061
637,0.147304765917,5.65671657158,0.645719374789,-6.33556956685,62.10000000000061
638,0.113219261635,4.74605602649,5.72449456705,-9.18960806729,62.10000000000061
639,0.225011193397,-2.15749911262,4.46347324435,-11.6244195179,62.10000000000061
640,0.467675491193,-0.207219626436,2.93371798094,-7.38388223496,62.10000000000061
641,0.434689899172,2.4299341648,2.86339926493,-4.71109573159,62.10000000000061
642,0.213934023425,-2.12775618935,3.63598036711,-4.46701272287,62.10000000000061
643,0.247520011702,0.577242299816,16.2032611793,-3.11024986278,62.10000000000061
644,0.235671795704,6.36281361736,27.5637782483,-21.3431124586,62.10000000000061
645,0.199155350265,-0.925433844779,-0.8349257934,-8.15365858968,62.10000000000061
646,0.205102652181,-3.23193638337,-3.26346694832,-7.14604060462,62.10000000000061
647,0.137086634731,-0.802360589749,12.6945199796,-2.32671548859,62.10000000000061
648,0.930311421992,3.91137366609,1.75400039763,-7.57715282728,62.10000000000061
649,0.344824829945,2.31821247598,6.11569645042,-5.25438830422,62.10000000000061
650,0.531180273829,3.14781988821,1.3089233347,-5.49242199398,62.10000000000061
651,0.660948284554,-0.0253056349768,0.692211447261,-5.63500763639,62.10000000000061
652,0.773574130951,2.40037684114,4.88487314238,-10.7305894609,62.10000000000061
653,0.270097637263,2.66802371886,5.16679690901,-6.14986117289,62.10000000000061
654,0.270949311213,2.98997445617,2.26897886994,-6.15869349917,62.10000000000061
655,0.134912122656,46.9230884133,-9.33445559345,66.1395211389,62.10000000000061
656,0.292188231064,-17.720297527,-24.6071307897,7.65677033751,62.10000000000061
657,0.415574879834,1.7764062657,3.62800444723,-10.3055621554,62.10000000000061
658,0.333539052204,-10.2882703352,-7.61423920611,10.8305781659,62.10000000000061
659,0.130536339717,-12.6873280596,10.603737551,18.5702409736,62.10000000000061
660,1.18262580987,-0.322755157675,2.42592170207,-1.41615803619,62.10000000000061
661,0.167727151343,2.17689892094,2.31797149997,-3.91387574425,62.10000000000061
662,0.166796938184,-1.94761952714,3.95434639216,-5.50190391742,62.10000000000061
663,0.24908049609,4.01251461213,-2.62848501167,-18.8676722914,62.10000000000061
664,0.163254719549,0.22224183445,-3.53750435295,-1.86044504048,62.10000000000061
665,6.5211763336,3.88437508165,2.72891175324,-7.0463640981,62.10000000000061
666,1.4804949781,0.611329363482,7.23207583125,1.14364671069,62.10000000000061
667,0.118236905548,1.77008285401,0.111413915705,-5.28553590395,62.10000000000061
668,0.249029011856,-15.046996294,0.0323244406471,-4.86633290441,62.10000000000061
669,1.61533856281,2.77556367028,2.76347636163,-4.72980036127,62.10000000000061
670,0.155857041919,4.61026884499,20.6911440754,-0.147945503592,62.10000000000061
671,0.135719157307,-4.32017582775,4.43345322057,-6.91488867787,62.10000000000061
672,0.344592821698,2.49689273882,1.68036456138,-9.05052474626,62.10000000000061
673,1.19535644968,1.27238043614,3.15387767637,-5.99541145337,62.10000000000061
674,0.14476592806,25.1138883951,5.01823344492,9.3235497934,62.10000000000061
675,0.260125856466,-1.22570763031,-0.563537952666,-5.56212175325,62.10000000000061
676,0.101153850467,3.21314985662,1.81266078108,-9.56793960145,62.10000000000061
677,0.244176208531,-1.15769292286,10.0019993575,-3.52126392827,62.10000000000061
678,1.33534822626,1.2592651939,1.62028832104,-2.86254273613,62.10000000000061
679,0.319692299365,3.76039435074,7.04436654898,-9.20874554797,62.10000000000061
680,0.255621840129,46.8235357282,-3.06220172627,-18.6149703597,62.10000000000061
681,0.221605008748,3.97191136137,1.74070487165,-5.64202200419,62.10000000000061
682,0.17030057692,-0.071533277012,0.139371867398,-0.0122494622508,62.10000000000061
683,0.389016701617,-1.04298033367,38.0051890962,-5.61832627343,62.10000000000061
684,0.280143460553,-0.0381962695176,1.6573921998,-6.5827576315,62.10000000000061
685,0.518159564371,3.46426914883,0.736848971365,-6.24506142474,62.10000000000061
686,0.68417675153,1.51473593357,1.16503612796,-7.4083415129,62.10000000000061
687,0.106504152086,5.00528790845,4.65520541703,-5.28687516459,62.10000000000061
688,0.246071961375,2.0580057975,3.73396426338,-6.40121437956,62.10000000000061
689,0.109422648761,2.21301339325,1.60738709565,-2.37938298377,62.10000000000061
690,0.114413552251,1.96216801051,3.2515549729,-11.1002338731,62.10000000000061
691,2.14789789923,2.07428562424,4.80650567193,-4.42980386555,62.10000000000061
692,0.549086777017,0.242920600851,-2.39703412364,-8.61246521169,62.10000000000061
693,1.27489329421,-0.0464090265221,4.33342779528,-5.40891459983,62.10000000000061
694,0.358652067905,0.163582822758,7.04139071383,-8.85289153458,62.10000000000061
695,0.472961616755,-0.0133822885309,-6.39318019687,113.508176346,62.10000000000061
696,0.388565504878,0.160134483165,6.102429025,-13.1628728068,62.10000000000061
697,1.52549537573,1.13139616742,2.45970246661,-6.5933429368,62.10000000000061
698,0.365604089183,7.66365836981,6.75123340437,-7.24947048453,62.10000000000061
699,8.34031175971,2.18624574682,3.04177607887,-6.76001180635,62.10000000000061
700,0.163085600887,-3.83005582036,5.24991112533,-5.22411582317,62.10000000000061
701,0.135160638571,2.74854905858,2.85545025247,-5.91509858435,62.10000000000061
702,0.262462539117,4.0521120261,3.42543082544,-6.38775706801,62.10000000000061
703,0.185714361288,-6.19935311286,5.46120689967,0.393988123548,62.10000000000061
704,0.137436134215,0.933001297664,1.87834075423,-9.28189824954,62.10000000000061
705,0.461401399192,3.39417656633,0.392933712541,-10.6582004418,62.10000000000061
706,0.145182494353,3.46468011786,3.56370938916,-3.87728318493,62.10000000000061
707,0.282345865122,1.86059286935,0.691263479123,-9.22654697144,62.10000000000061
708,0.137007302396,-2.35380669034,-7.90823680655,-7.24597467763,62.10000000000061
709,0.217168768216,1.41544578711,1.2414327469,-7.02698775329,62.10000000000061
710,0.145867679758,0.769499237117,3.33790178791,-5.53713323877,62.10000000000061
711,0.152071676985,3.10870468772,4.97009404106,-3.38525745358,62.10000000000061
712,0.183890205651,9.30396042248,-9.34329737017,-5.94409292304,62.10000000000061
713,0.540563374465,6.91013094074,-8.03145664552,-9.43726677406,62.10000000000061
714,0.58385930898,4.4366357069,2.07713224399,-2.66171759678,62.10000000000061
715,0.128605512672,6.54897347784,-3.99072513448,5.89165692725,62.10000000000061
716,0.304480458391,-1.02490492539,6.25376432003,-3.86274127391,62.10000000000061
717,0.155158631542,-1.4238290422,4.40773402578,-8.91893358493,62.10000000000061
718,0.319706398681,2.36740462895,1.90536801232,-6.82198691757,62.10000000000061
719,1.40912230376,1.40439060647,7.80635220508,-7.57060284689,62.10000000000061
720,0.685724202262,0.574188183434,6.37274695998,-1.38506105628,62.10000000000061
721,0.860210213182,1.51988866247,2.63066359035,-6.53077357622,62.10000000000061
722,0.106080638348,-1.01710056387,6.88203778335,-5.64932086781,62.10000000000061
723,0.216797922599,3.11236402124,2.54654932965,-5.77994999769,62.10000000000061
724,0.637218827181,16.2371724846,-4.0286243873,-33.027860453,62.10000000000061
725,1.58853898145,3.89257451974,4.23317322008,-5.875734028,62.10000000000061
726,0.154354719831,-2.87087995279,0.853859076668,0.277360575593,62.10000000000061
727,0.12214792481,-4.57011282407,12.2341287957,-10.2256204651,62.10000000000061
728,0.104233374297,-24.1255984148,0.70112413931,-16.5971675096,62.10000000000061
729,0.16605008536,1.0403538032,6.36241699453,-7.97335568097,62.10000000000061
730,0.113572124173,3.61873696296,2.92554805188,7.29679155696,62.10000000000061
731,0.169487333923,5.36171242173,13.2477112618,-28.8561981637,62.10000000000061
732,0.250669872458,6.30513704498,1.56965222886,-7.72437266577,62.10000000000061
733,0.179275478326,54.4729235285,22.9570162841,-20.8487742189,62.10000000000061
734,0.155058876586,0.467610946571,-0.506831405398,-4.01385323652,62.10000000000061
735,0.686147675354,3.37136368858,1.40092106004,-6.63457503291,62.10000000000061
736,0.324220787555,-8.30530383781,-2.24357083368,-11.4715983104,62.10000000000061
737,0.697439162157,3.35813656271,7.13233412022,-5.99451370283,62.10000000000061
738,0.494101879672,1.48411276536,3.45166406178,-4.45891040798,62.10000000000061
739,0.409716264195,-8.08159067187,1.37593469524,-11.9207648187,62.10000000000061
740,0.124586449128,4.30398077249,6.15686633462,-2.88810674331,62.10000000000061
741,0.251770496374,3.24918620258,-0.687558921923,-8.47942075488,62.10000000000061
742,1.3176543515,2.91099585534,2.27442953267,-9.57370114714,62.10000000000061
743,0.452146591207,-2.39639546557,10.2641670835,9.49389825921,62.10000000000061
744,0.100825095634,4.79957813864,0.507694779696,-3.48462604744,62.10000000000061
745,0.349102070597,2.31996936387,-0.163068065939,-8.73160477174,62.10000000000061
746,2.93208098361,1.70366480753,3.22547045094,-5.89723215408,62.10000000000061
747,0.29232267142,2.99271516398,4.48053962247,-5.45013807755,62.10000000000061
748,0.206440727648,3.6786395718,-0.246928801881,-5.4084008159,62.10000000000061
749,0.186786442746,1.27921555963,3.25654425377,-6.17089865912,62.10000000000061
750,0.133542666371,-3.59046882865,-2.1770077782,-16.3070484523,62.10000000000061
751,5.3651058662,-78.4376823144,-60.2976554738,-49.7854573641,62.10000000000061
752,1.12270453119,2.86027348988,3.28099778122,-6.28811371002,62.10000000000061
753,0.199012993316,4.42587537258,1.74362122279,-8.91939771365,62.10000000000061
754,0.54476127951,-0.267366352238,2.31359380833,-7.85307949946,62.10000000000061
755,0.158449402862,-2.15763110122,5.81007696568,-8.04846568124,62.10000000000061
756,0.549432679262,0.966760357489,1.15816897317,-5.96692037469,62.10000000000061
757,0.131859970014,-27.8823198348,-7.60062413275,-9.43004618069,62.10000000000061
758,0.181671682361,-1.41270524583,4.94055943133,-12.6313099999,62.10000000000061
759,0.297003181459,7.2482285661,2.38345417624,-5.62357802243,62.10000000000061
760,0.361869821273,-0.00384873397641,5.74585163399,-16.1390976383,62.10000000000061
761,1.27538811591,-20.7108948606,-11.0409045358,-6.29845875798,62.10000000000061
762,0.786534736222,-1.77497233763,3.2012185203,-13.4859448399,62.10000000000061
763,0.202896095597,0.986942539857,3.05940537517,-7.69203086831,62.10000000000061
764,0.170168515785,1.76158632635,3.59013027631,-4.77524333307,62.10000000000061
765,0.607967419159,1.41620689467,4.31837028934,-0.624995158513,62.10000000000061
766,0.100916852868,-1.26771216384,5.64702010371,-4.70801507137,62.10000000000061
767,0.124152117765,1.87446449351,4.08020923197,-6.90902641008,62.10000000000061
768,0.567705497124,2.68217658365,0.420667265318,-5.67131890953,62.10000000000061
769,0.492654226198,6.32230457849,-1.36241776943,-2.47462702016,62.10000000000061
770,0.255665216291,7.89859090292,20.7428407288,46.2218992447,62.10000000000061
771,0.429060450704,65.3943500829,-33.5292971396,-4.71215833028,62.10000000000061
772,0.150887607138,0.585443934327,2.06186819359,-11.3950626474,62.10000000000061
773,0.762874341615,23.8016261838,24.3288076871,-8.03852121356,62.10000000000061
774,0.159016920547,1.39925308469,3.93461800272,-4.86268854656,62.10000000000061
775,0.186662360927,5.59602461057,5.74262967276,-9.97683092902,62.10000000000061
776,0.434356759424,2.66847285854,9.01583657761,-11.1074991557,62.10000000000061
777,0.145460434795,-7.8764930954,12.4334461219,-4.25361468701,62.10000000000061
778,0.25407101978,-1.35220541549,-1.1051988701,-0.403469320212,62.10000000000061
779,0.294867877637,55.6697298607,-25.4330218328,-20.96524561,62.10000000000061
780,0.142219229368,4.11726984113,0.743251697789,-6.36262676202,62.10000000000061
781,0.472370388766,-0.93065510855,0.731995519695,-8.08508875878,62.10000000000061
782,0.885108457136,3.73257430675,0.80835831342,-11.5883525617,62.10000000000061
783,0.57392098588,3.95976180934,0.799407257485,0.498163198009,62.10000000000061
784,0.14538912654,-3.54303171737,-4.72959766679,-0.436527031664,62.10000000000061
785,0.430732860067,2.75149432614,2.48992058597,-9.13215463527,62.10000000000061
786,0.184046095125,10.8329135617,0.94358266311,-5.11102625698,62.10000000000061
787,0.534291175816,1.78316816573,4.41377297978,-6.21679981661,62.10000000000061
788,0.532113143056,2.38897697135,5.58904777181,-10.22122961,62.10000000000061
789,0.569952763647,7.22566787281,1.23511652112,-1.0581235604,62.10000000000061
790,0.529791829083,-13.2970364924,5.00051254188,-6.59073275178,62.10000000000061
791,0.10964922047,2.22974837425,2.54017067422,-4.80220960294,62.10000000000061
792,0.330697363968,5.47186240524,7.42097251045,-10.2928327156,62.10000000000061
793,0.445069863589,-0.149951130185,1.19769415013,-4.95890156727,62.10000000000061
794,0.267934782476,-15.9293083947,-12.2017966025,-0.559652813335,62.10000000000061
795,0.913488311159,-0.871538592726,2.30909005647,-8.03842235689,62.10000000000061
796,0.253650015177,3.3762022943,3.04789138205,-6.85964139479,62.10000000000061
797,0.116651143143,1.17275954145,2.87477233575,-8.84089872402,62.10000000000061
798,0.198042483142,-19.5200737971,0.731770678846,-19.9287333787,62.10000000000061
799,1.69865973449,2.03192275816,7.09243324802,-9.03292423505,62.10000000000061
800,1.89274318493,-4.07625305482,-0.422223920692,-11.1762198038,62.10000000000061
801,0.254030693179,5.15644460787,-1.24112121942,-8.65712221061,62.10000000000061
802,0.135326808577,3.73578974685,5.12189129894,-4.8638100345,62.10000000000061
803,0.110941513288,-21.1878789763,36.0745281568,34.6455802613,62.10000000000061
804,0.258393648484,5.73590964502,3.61099579372,-3.97598617785,62.10000000000061
805,0.134450422029,2.27345912312,1.36319420367,-6.78010474073,62.10000000000061
806,0.270804634559,1.88523740449,3.14294546093,-4.77120467026,62.10000000000061
807,0.24613059061,2.26022208643,1.44666962074,-7.5563224059,62.10000000000061
808,0.429547105213,-33.0422748765,-9.6152043107,0.300360824531,62.10000000000061
809,0.504168418797,-2.00614225969,4.12367818381,-1.08962753295,62.10000000000061
810,4.5154913046,2.47865893296,2.98075487353,-6.61648591,62.10000000000061
811,0.264338841658,1.52772422885,2.51493127747,-7.48217284005,62.10000000000061
812,0.396826686652,0.770732292469,5.29827645056,-9.22395260255,62.10000000000061
813,0.100901279624,-3.11585979143,9.42229713259,-11.7264616582,62.10000000000061
814,0.107112348036,1.33122686548,3.14132844015,-8.15073194893,62.10000000000061
815,4.75138718913,2.24325557805,3.03539595572,-6.78739219706,62.10000000000061
816,0.500654123011,2.31354797946,3.93088697587,-5.8925372588,62.10000000000061
817,0.145449664453,3.00699030352,4.16591273838,-5.10409630275,62.10000000000061
818,0.411227365732,-42.4542094676,-11.2458663748,37.0909834047,62.10000000000061
819,0.315216439832,1.02123186372,7.18872253891,-2.977827774,62.10000000000061
820,0.121798442718,-1.52164285178,-1.01182671034,-6.71230274045,62.10000000000061
821,0.180878053937,6.70054342033,-3.75028645426,-9.69638658272,62.10000000000061
822,0.183769338604,-2.59065118498,5.36923962337,-8.22737908726,62.10000000000061
823,0.751738175549,2.78700959312,1.82763358021,-7.98777830991,62.10000000000061
824,2.09420545216,1.86223914745,3.70479306734,-6.87287330886,62.10000000000061
825,0.826109879833,2.2287277299,-18.1604554758,2.99056720289,62.10000000000061
826,0.254369258966,0.47722115353,1.00796056823,-6.42557057973,62.10000000000061
827,0.506120910137,0.605372172065,2.7524609442,-5.63417193217,62.10000000000061
828,0.584739566811,-13.7173148542,16.061675007,-49.1970172546,62.10000000000061
829,0.129470762615,5.11537863243,3.65717028727,-4.27947913642,62.10000000000061
830,0.345744511196,10.6113123934,-15.7135083081,-23.4086635266,62.10000000000061
831,0.362137779452,3.36683073031,-6.49952492586,-7.14455527392,62.10000000000061
832,2.55699751349,3.43507540225,0.253820791998,-7.98511094454,62.10000000000061
833,0.173750572827,-15.8284658062,3.09480843863,37.1293960047,62.10000000000061
834,2.04970271848,-2.62565065235,5.54137965387,-3.88826155599,62.10000000000061
835,0.230876746234,-0.952332425688,5.93900980636,-4.80380413063,62.10000000000061
836,0.41584874826,3.02945168161,3.33113605612,-6.82381039283,62.10000000000061
837,2.89687102226,27.1109555662,168.817369309,-101.203592167,62.10000000000061
838,0.105493738636,86.3549201872,106.05524845,21.629890255,62.10000000000061
839,0.564124961296,2.37368742985,3.1247629316,-6.17004378208,62.10000000000061
840,0.118276929608,-8.07505378988,10.1033529462,-5.75510253196,62.10000000000061
841,0.287911429824,3.44517668649,5.23170818717,-5.99777726621,62.10000000000061
842,0.243117251434,21.4546063324,-4.10231755218,-59.020846634,62.10000000000061
843,0.758273480676,4.63258616534,5.540141622,-9.48505938373,62.10000000000061
844,3.29592942645,-3.09835578081,5.77187757071,-7.24017313634,62.10000000000061
845,0.395190137101,0.260422683614,1.57234125841,-4.33304997871,62.10000000000061
846,0.161388738826,2.30721449374,3.64125301439,-6.08221936814,62.10000000000061
847,0.109672439644,-1.0710837994,-1.58264468429,-10.0823770441,62.10000000000061
848,1.23677119094,-7.61444758258,7.37707874684,-12.4848062571,62.10000000000061
849,0.120943787414,4.45127771297,5.02180450771,-7.15577223554,62.10000000000061
850,0.636583707284,-42.785722602,22.6016659017,-16.0066965461,62.10000000000061
851,0.710350793944,1.53841909091,4.30511440787,-5.14174028646,62.10000000000061
852,0.104836228368,20.5591657116,45.0214411617,45.0393021097,62.10000000000061
853,2.25760200143,1.8524192668,3.68777063113,-8.67705070524,62.10000000000061
854,0.116255981222,1.91527954118,5.09848286078,-5.91223409381,62.10000000000061
855,0.128822866115,-42.5830030166,-166.689268431,30.263892455,62.10000000000061
856,0.577907404032,5.37298422958,0.678488071445,-5.2774808548,62.10000000000061
857,0.453563028744,-70.2402307151,25.045633564,16.9969233447,62.10000000000061
858,0.121590152919,9.26180654135,4.44132967741,-10.4776943873,62.10000000000061
859,0.231039224692,1.67146217915,0.376787345883,-7.98600755267,62.10000000000061
860,0.123821276158,3.44901502981,0.461539785213,-4.84645287718,62.10000000000061
861,1.16440858557,2.52544836348,1.65986470375,-6.10580872586,62.10000000000061
862,0.217849921777,1.98434975132,3.3673082734,-6.53838321796,62.10000000000061
863,0.183967159314,2.19609587742,6.11589355922,-28.7107259565,62.10000000000061
864,3.04397863651,0.202856988309,4.97752424406,-9.62590080138,62.10000000000061
865,0.306695774985,-5.58380186728,2.84562702464,1.08260297672,62.10000000000061
866,0.170393994666,-23.6625710978,-1.37285874684,-17.4534177138,62.10000000000061
867,0.112523786968,3.82635652592,1.18918498421,-14.8026998022,62.10000000000061
868,0.110829016566,-1.89647900868,3.96100330702,-3.9660936934,62.10000000000061
869,0.1776840446,0.541147562147,2.39120843385,-6.34639844901,62.10000000000061
870,0.514952087324,-55.0100990363,31.7679687685,-53.4761227323,62.10000000000061
871,0.359763367317,0.169938486857,0.332737870265,-3.95385134687,62.10000000000061
872,0.264801058642,13.0596498943,-0.183190776989,0.86866946586,62.10000000000061
873,0.178884985231,-2.8937149152,-2.32384330795,-6.8472557972,62.10000000000061
874,0.480342294056,-17.6585285504,18.2737476826,-36.1823181379,62.10000000000061
875,0.316987083816,2.61640387897,3.79526847406,-7.23499213756,62.10000000000061
876,0.20441987955,4.02379112632,2.04128363233,1.34840178654,62.10000000000061
877,0.107539523846,4.07854680587,2.32028129174,-6.0539811423,62.10000000000061
878,0.120666845109,5.16792666654,0.187710806692,-8.08088163018,62.10000000000061
879,0.490457669083,4.43715321275,8.4204466106,-2.2371077982,62.10000000000061
880,0.559532860875,-5.59658884384,7.14449781228,-12.7569507737,62.10000000000061
881,0.955506360533,2.85627084043,2.8425016564,-6.46717769497,62.10000000000061
882,0.470465614959,-1.52201185392,5.13836392268,-1.06333314369,62.10000000000061
883,0.127113007134,-26.3640117826,-11.3781351637,-15.2176783044,62.10000000000061
884,0.841838005404,-3.66177251932,5.37281516207,-1.26621080928,62.10000000000061
885,0.410103009193,-2.01143540555,1.49165379958,-7.38266471665,62.10000000000061
886,0.529642923798,0.558560011587,7.89875190584,4.08104943282,62.10000000000061
887,0.277925223963,-0.918379410689,-3.87499912324,-12.1458019575,62.10000000000061
888,0.145477023638,3.7412101417,3.21038137718,-8.23567611022,62.10000000000061
889,0.280591676574,7.34120288725,0.739681011446,-6.71243206863,62.10000000000061
890,0.112371873912,15.7144795237,8.26841207744,-17.7997530378,62.10000000000061
891,0.10169231446,2.50968664788,0.200630792026,-6.92723151578,62.10000000000061
892,0.109579673521,4.0015340425,4.25890629447,-8.11926002915,62.10000000000061
893,0.106435833343,2.03283882748,-4.23310027844,-4.58895741606,62.10000000000061
894,0.529109862267,2.94717738894,5.16280852635,-3.06531162595,62.10000000000061
895,0.153970618912,-12.3879746446,8.84077802973,-14.5388565175,62.10000000000061
896,0.202596872838,21.6735561108,4.70575956005,21.6337224,62.10000000000061
897,0.124865738022,-10.6046105973,5.79301190085,-12.358678217,62.10000000000061
898,0.649047290322,4.89388376659,5.61255046995,-5.29028748282,62.10000000000061
899,0.341623443437,3.19876534447,2.39918294096,-7.13722889653,62.10000000000061
900,0.90058528172,15.0855078564,0.616342284865,-7.24689160373,62.10000000000061
901,0.928299247781,-17.6949523819,-4.59693946314,-9.52808671815,62.10000000000061
902,0.261738003904,-2.22935368792,-0.420586688329,-6.26037815183,62.10000000000061
903,0.156344335521,19.5798258793,10.582885938,-29.0265054152,62.10000000000061
904,0.354437132248,0.866756899348,1.4243360268,-7.35862665366,62.10000000000061
905,0.421642560812,2.47597572477,2.85757062115,-6.36529934994,62.10000000000061
906,0.151433460807,-13.7430251445,-0.485666070902,4.72659328766,62.10000000000061
907,0.132078354276,8.58639490598,7.79100654532,-9.80490160339,62.10000000000061
908,0.260842519888,9.16764714722,26.123178996,-7.1729227982,62.10000000000061
909,0.249611362375,-1.37866720738,6.15034250327,-16.3784828124,62.10000000000061
910,0.232395947059,3.12566522099,1.56183880908,-8.74505339169,62.10000000000061
911,0.668659173994,-35.0206790977,-12.7879543616,38.4774042162,62.10000000000061
912,0.11128958062,4.32488127541,6.97217748626,-9.91053187528,62.10000000000061
913,0.248386723816,0.795564803065,4.33810241536,-0.858825911984,62.10000000000061
914,0.659730096583,-53.9011698897,-28.4805134096,17.2996762472,62.10000000000061
915,0.353624771429,-0.290629862001,1.67391596437,-10.0394625867,62.10000000000061
916,0.472585700607,1.6860603496,8.2414655008,0.12061534255,62.10000000000061
917,0.284101940349,4.67806776145,5.4074969833,-2.26514755586,62.10000000000061
918,0.10435831662,4.70522917934,-9.385356386,-20.7260848477,62.10000000000061
919,1.19659493064,4.65512036447,4.60863787991,-9.41008736792,62.10000000000061
920,0.470969203453,3.24024503526,10.1968003582,-2.93453958728,62.10000000000061
921,0.193118840852,9.54922522341,1.78808481588,-11.9419305529,62.10000000000061
922,0.641139440375,1.54634462134,10.2716774997,-6.14906643081,62.10000000000061
923,0.39136108361,23.0936260944,15.3189128528,-17.3925636126,62.10000000000061
924,0.633347914743,-45.2973627747,-39.8084319735,45.1375849679,62.10000000000061
925,0.230527581157,5.07281553425,0.322024840289,-3.62211192827,62.10000000000061
926,0.163869803577,-1.48135654548,1.71068815326,-7.36974922798,62.10000000000061
927,0.377841915878,1.23490227184,3.31306516619,-7.57340856559,62.10000000000061
928,0.101245692562,-4.22742026258,5.51871045868,-9.15930955394,62.10000000000061
929,0.794996383477,-0.798310646142,2.30871645589,-6.45940160741,62.10000000000061
930,1.12565523103,0.423335141895,1.7422667553,-7.45603682274,62.10000000000061
931,0.502493170751,2.30290913113,-0.794639095297,-7.70348546247,62.10000000000061
932,1.13113078303,4.46678089869,1.52434676816,-2.37578404574,62.10000000000061
933,0.801057647641,1.89697597701,5.92750935857,-5.21054390391,62.10000000000061
934,0.352131132591,4.09996333957,2.86949786169,-6.13391031785,62.10000000000061
935,0.416767363829,1.92685606765,2.34651689721,-7.51090677211,62.10000000000061
936,0.167963572381,5.96399330842,2.79954015929,-3.67174262772,62.10000000000061
937,0.152233319195,-1.44285828596,6.32247665337,0.575169370321,62.10000000000061
938,0.255483865578,2.32044479151,2.7300587946,-4.17404236385,62.10000000000061
939,0.576363927707,3.13870938037,1.62423127547,-5.17177267671,62.10000000000061
940,0.575933600797,17.6944589143,5.06415744471,-13.186415404,62.10000000000061
941,0.228164577316,64.9647608337,32.4163900544,23.50428869,62.10000000000061
942,0.324367559319,11.988669986,6.34450929128,-9.06321552039,62.10000000000061
943,0.635123302875,0.46235189498,5.23528440889,-2.68459069994,62.10000000000061
944,1.36518041347,-1.8480793798,6.27019846566,-8.83664322123,62.10000000000061
945,0.112841660226,3.87639104568,2.10611573893,-5.32668889453,62.10000000000061
946,1.26882763383,-58.1207347961,9.89405963458,32.3827662198,62.10000000000061
947,0.75611955203,1.99072671375,7.09459048198,-11.2958574473,62.10000000000061
948,0.137837728006,0.644123142881,2.85952986292,-13.4704273472,62.10000000000061
949,0.312559956862,5.05790656537,3.17338050517,-5.73736546843,62.10000000000061
950,0.323202252026,-13.9221249282,19.2573943788,12.0529801524,62.10000000000061
951,0.837037504365,-3.22584194941,5.5712777376,-10.8256965216,62.10000000000061
952,0.774222543813,-3.43082136723,-25.9677789654,3.14069519502,62.10000000000061
953,0.723001049876,28.0852611899,1.66763281159,-11.23577468,62.10000000000061
954,0.435366064365,0.303869092276,-5.23755366296,11.879964516,62.10000000000061
955,0.496536330885,8.07071318251,7.30496586112,-9.73309925746,62.10000000000061
956,0.479948403743,21.5991993142,7.81136578477,-6.57740070919,62.10000000000061
957,0.152259639601,1.45119900482,3.17325023947,-5.52327639686,62.10000000000061
958,0.269925700806,-5.48302813126,3.14164438643,-14.0901185543,62.10000000000061
959,0.168334621443,1.74570994377,1.5473410172,-6.97920569684,62.10000000000061
960,0.17411723668,6.33492299518,6.82506587743,-5.24083634303,62.10000000000061
961,0.118891866818,-4.48413689676,-21.9489780164,-14.9828491095,62.10000000000061
962,0.161634589327,-14.0354728293,6.45149295345,-6.817395733,62.10000000000061
963,0.159237296724,2.83288405736,1.31473739995,-6.08038445808,62.10000000000061
964,0.227045843012,0.741260930052,3.46424628833,-8.24221063275,62.10000000000061
965,0.153340023536,10.0262028165,-0.219535537646,-6.46904420477,62.10000000000061
966,0.145900991163,2.40945153657,3.01878575525,-6.95795466239,62.10000000000061
967,0.213692063154,4.70106629347,4.20634784538,-6.17948313574,62.10000000000061
968,0.130459198523,0.868951986055,-6.32431087328,-6.83352458589,62.10000000000061
969,0.498784386472,0.341563507107,0.632400032043,-9.23415277412,62.10000000000061
970,0.154239960989,8.11053960506,1.21976871586,-3.46875654376,62.10000000000061
971,0.176523659609,2.15592831214,4.47018886817,-4.50979743909,62.10000000000061
972,0.111268385366,1.49490289877,1.64411457041,-7.44542111195,62.10000000000061
973,0.234951953449,-7.94189030319,10.9127076131,-6.76296193227,62.10000000000061
974,0.239111624761,5.61145935646,6.43776739346,-3.20170763438,62.10000000000061
975,0.157947989417,-1.45036174073,4.03062906251,-6.37670382116,62.10000000000061
976,0.226793830695,5.28213880724,4.78360797539,-6.05734767359,62.10000000000061
977,0.102251837179,-3.34751852459,31.5081327671,-33.9785897989,62.10000000000061
978,0.244099737082,59.967106285,14.3650730877,-40.2910252995,62.10000000000061
979,0.368621577301,-1.8998248352,5.34221823916,-11.5761286793,62.10000000000061
980,0.41930757504,-2.66391923982,7.993941832,-0.307945549483,62.10000000000061
981,1.15577902087,0.0170971440226,-5.41360815416,-18.2659102891,62.10000000000061
982,0.828876463398,2.08293607589,1.31427447427,-4.91051461171,62.10000000000061
983,0.348209733158,16.4883525739,6.51255279568,-11.3885257361,62.10000000000061
984,0.315339479588,1.90452988035,2.19025199395,-6.79641195447,62.10000000000061
985,0.115747839271,0.6422588718,0.869261668466,-2.76050419474,62.10000000000061
986,0.741069501117,1.59577780059,2.37075022549,-6.13278693426,62.10000000000061
987,0.102104047235,2.51753865879,2.32288880597,-3.35845599355,62.10000000000061
988,1.48438451349,-1.13173149613,1.24494884466,-0.115270230817,62.10000000000061
989,0.372080864674,14.4978449224,0.413279595632,-7.04410498442,62.10000000000061
990,0.161768302611,5.63729121825,-3.45151960556,-9.53924078336,62.10000000000061
991,0.263755441869,1.33694633822,1.32363487513,-5.58282631474,62.10000000000061
992,0.418984309472,4.49021139952,-1.62453469044,-9.96263983924,62.10000000000061
993,0.195358746568,-0.0882217883797,-1.8124460344,-8.60953152661,62.10000000000061
994,0.181140111481,-8.34573835137,5.83668459904,0.205330501849,62.10000000000061
995,0.644144154576,6.1354635598,9.72967396401,-6.36969106735,62.10000000000061
996,0.426982126315,2.53702042548,3.61801723148,-7.41012846686,62.10000000000061
