Star_ID,Mass (MSun),X (pc),Y (pc),Z (pc),Simulation Time (Myr)
0,0.245755955636,5.88825842369,13.9265019657,-18.3411644777,75.99999999999996
1,0.398792957947,3.98369617999,4.07325672542,-11.0251231195,75.99999999999996
2,0.41343544371,18.1680578766,41.566352327,2.89752409878,75.99999999999996
3,1.95531161317,1.45275804777,1.24794160056,-6.88254828987,75.99999999999996
4,0.268783809557,-12.4898988136,11.9359020848,-10.1540634676,75.99999999999996
5,0.519445781344,0.428746504503,1.40386634028,-7.74689936144,75.99999999999996
6,0.453038716929,8.50363538031,-0.56820184406,-8.74021769298,75.99999999999996
7,0.235249512877,2.39596428602,3.4013393692,-8.1548087827,75.99999999999996
8,0.114123391344,6.16355465465,8.41629754177,-6.16267457798,75.99999999999996
9,0.376285795658,-0.631881606767,5.44417079895,-8.76689846828,75.99999999999996
10,1.87675568193,2.4658476181,3.50241582253,-14.8182276606,75.99999999999996
11,0.276094252294,1.45467048594,1.73113788345,-7.22125071149,75.99999999999996
12,0.789043881601,1.54969451472,5.1797750418,-8.09907812666,75.99999999999996
13,0.105802058708,1.61032347006,3.00390335078,-8.22191684889,75.99999999999996
14,0.663631693531,1.62951826326,0.618222140179,-10.3399155436,75.99999999999996
15,0.107195737872,3.57568888923,0.871963655546,-6.77993124567,75.99999999999996
16,1.2146155334,1.66571325546,2.28401159303,-3.23081065788,75.99999999999996
17,1.60722208245,1.97316547567,3.21092765341,-8.89364115829,75.99999999999996
18,1.38776651724,2.94358123196,-2.26792220095,-7.65959566541,75.99999999999996
19,0.65336928586,-8.50342788386,11.6840793095,-7.89213134211,75.99999999999996
20,2.39246687996,-1.33221032357,-38.6513238821,-9.21354600521,75.99999999999996
21,0.693169356765,0.524950322039,6.62865608618,-6.14119429955,75.99999999999996
22,0.107368017729,2.42957266645,0.727877577536,-7.41569961065,75.99999999999996
23,0.450182562917,3.39372671201,-9.70684966019,-9.34973414158,75.99999999999996
24,0.114285748921,-20.2622337061,16.8440713514,4.49734142964,75.99999999999996
25,0.43329644064,2.91086727305,5.99384562115,-6.41754860584,75.99999999999996
26,0.147964875509,4.2033537374,-1.50895965656,-5.08904959057,75.99999999999996
27,0.357387002347,0.59914655339,4.87694066472,-8.65199263227,75.99999999999996
28,0.192017723015,-1.35583788286,4.07464013938,-5.06692688612,75.99999999999996
29,0.264094831651,0.617335826126,3.03441756694,-6.38129941158,75.99999999999996
30,0.314230452756,3.76388733639,3.43417879433,-3.85514746454,75.99999999999996
31,0.183718343219,-0.863224916666,1.52971081809,-11.0273467369,75.99999999999996
32,0.948893467349,3.77007435579,-5.75464794734,-9.18425666978,75.99999999999996
33,1.08772408699,-0.668897650819,1.77476459965,-6.50417291852,75.99999999999996
34,0.313406564966,9.22109659086,3.74948830952,-1.06397266803,75.99999999999996
35,0.106639044251,0.671484869997,1.06342896999,-11.6875858341,75.99999999999996
36,0.119156372878,104.454955484,-140.457274681,-41.8929033012,75.99999999999996
37,0.48378171723,3.99138595467,5.68218710587,-10.5357326701,75.99999999999996
38,0.184580125844,-36.3363512971,54.771206009,20.4468641938,75.99999999999996
39,0.107275577692,1.01039508982,0.186085734136,-3.8625225063,75.99999999999996
40,0.127895286832,4.36900330753,0.0935080592706,-8.44044471814,75.99999999999996
41,0.350594421867,8.67741534262,0.973001482478,-14.560950341,75.99999999999996
42,0.103261593792,-8.64644374212,42.9023305539,-15.674902054,75.99999999999996
43,0.124920173389,3.71571832711,2.55701330095,-6.09333229647,75.99999999999996
44,0.104399096405,-17.1518311302,42.130904234,-31.5092940897,75.99999999999996
45,0.289494919505,39.4849866892,-6.44556673657,-58.1376425551,75.99999999999996
46,0.173134494433,3.78765975917,2.4157891395,-9.9079062672,75.99999999999996
47,0.107681814578,0.990703806573,6.53715449684,-3.56105515305,75.99999999999996
48,0.102914982842,1.27748054795,2.11195013345,-10.4197233768,75.99999999999996
49,0.115851068851,2.0786676077,15.4661983477,-5.68524966993,75.99999999999996
50,0.153884074513,8.47811385583,2.5746632204,-10.909886248,75.99999999999996
51,0.255488089284,0.521217605935,6.5443601524,-6.58147931902,75.99999999999996
52,0.254505317207,11.555706831,3.06538637012,-4.17575116104,75.99999999999996
53,0.300152633044,-2.79674087034,2.37789554926,-10.4835982226,75.99999999999996
54,0.435137278365,20.320499382,-19.6388579852,-19.4019473833,75.99999999999996
55,0.173435152976,-55.3828359449,25.3004869482,-25.6209701055,75.99999999999996
56,0.228446317636,-1.97581534179,2.1158674304,-11.7682003897,75.99999999999996
57,0.337195618646,2.34641652567,-0.75883060912,-2.40660093885,75.99999999999996
58,0.913358938411,5.52380060577,5.01400439398,-4.99294141626,75.99999999999996
59,0.120894426629,3.04015052962,2.34815067364,-9.0477434988,75.99999999999996
60,0.199168366609,3.26413761817,11.942635707,-10.7183685002,75.99999999999996
61,0.270321866023,0.611489175722,7.02597575152,-15.6139287703,75.99999999999996
62,0.181109852289,2.53518235462,4.21860681793,-9.09210220053,75.99999999999996
63,0.251088397745,15.8034408799,-20.7178693089,46.1448404911,75.99999999999996
64,0.596541987433,11.1393074149,9.20672882277,-0.691052410609,75.99999999999996
65,0.156202967923,14.3418217156,-3.28660567376,-10.8547933295,75.99999999999996
66,0.589724206408,-13.1938427293,-13.8130142346,-11.0884565324,75.99999999999996
67,0.114609758574,17.3985367492,2.72970986288,-0.0499684066565,75.99999999999996
68,0.158572750238,4.6568466392,-0.518546873668,-9.38733825367,75.99999999999996
69,0.378343710437,7.41574714946,17.9699452979,-30.9207794648,75.99999999999996
70,0.343640349056,3.69878639408,2.140734169,0.326685139663,75.99999999999996
71,0.135398738726,141.361008503,-98.814513508,116.024727922,75.99999999999996
72,0.12254478776,28.8970093188,-36.8967692623,-25.1214015075,75.99999999999996
73,0.156650160856,-36.5661567962,-19.6611103479,-34.0577060919,75.99999999999996
74,0.696827797604,15.408506998,-3.74461813934,-14.0972842309,75.99999999999996
75,0.167687136125,-0.125452823161,4.8159079913,-6.85744482955,75.99999999999996
76,0.243124261063,2.52539336868,4.31264914619,-7.94307624618,75.99999999999996
77,0.488940168842,-3.4985987572,3.53123087153,-9.40792796478,75.99999999999996
78,0.18266364985,-42.312059917,-15.0003089461,-28.882879385,75.99999999999996
79,0.290801333959,-6.20512802617,-6.60217723257,11.0464065391,75.99999999999996
80,0.1454240181,4.12239378736,11.4614738996,-15.7750046585,75.99999999999996
81,0.33590520852,6.65693305154,1.65270261872,-9.80140198528,75.99999999999996
82,0.105829972162,3.49114273394,4.01409102587,-7.57913688727,75.99999999999996
83,0.127494348471,-0.128363163106,8.13627321854,-9.29026164887,75.99999999999996
84,0.139086417352,-3.62560832398,0.488233581876,-5.85840854589,75.99999999999996
85,1.55563248249,2.43226267612,1.53582794861,-9.8542012058,75.99999999999996
86,0.211833260714,-26.2135596634,-22.0093595595,5.66850496253,75.99999999999996
87,0.849671419599,4.45665649642,4.43008127796,-6.58774027912,75.99999999999996
88,0.412422939159,3.42677467797,2.90259896089,-8.497544144,75.99999999999996
89,0.235820413173,8.88053185859,-8.10570248324,-12.0001921195,75.99999999999996
90,0.135804854896,5.08660839389,4.22506707936,-13.1971290245,75.99999999999996
91,0.169876753616,8.02734436532,1.96568736888,-1.63433434584,75.99999999999996
92,0.11559857416,-37.4765852515,8.99002735331,-66.3783423197,75.99999999999996
93,0.170276033707,2.3737233687,5.73606084615,-6.35059703546,75.99999999999996
94,0.296583826375,4.43734373387,22.001846924,32.3451967664,75.99999999999996
95,0.567383144762,2.79626903153,0.496449170664,-9.01503140665,75.99999999999996
96,0.331151502545,-0.998762015062,2.29426273471,-8.16448396282,75.99999999999996
97,0.125731530865,0.0112470101496,4.41473222366,-6.01837712029,75.99999999999996
98,0.404019096299,2.87463488451,2.61556246969,-10.1606997689,75.99999999999996
99,0.450598749328,28.6012576995,2.75291983524,-31.1761814486,75.99999999999996
100,0.191230043747,2.61757618921,5.38748929869,-6.95430711161,75.99999999999996
101,1.67712682959,3.80061700251,3.93709903114,-7.17444081934,75.99999999999996
102,0.184606993196,-2.05318652076,-3.83189059856,-10.1598723965,75.99999999999996
103,0.149821166566,0.0529289654077,3.23131729756,-9.26892357048,75.99999999999996
104,0.220739732899,-1.36949240256,11.7451291299,15.8935564697,75.99999999999996
105,0.108300810081,3.30869741332,3.88893387843,-2.71016666685,75.99999999999996
106,0.495952246374,-91.9128340259,-34.8072393401,-136.830935456,75.99999999999996
107,0.281271653428,-22.7679416866,-21.5131223794,-29.140778311,75.99999999999996
108,0.172953016431,2.05771691014,5.67353785646,-9.88719494108,75.99999999999996
109,0.177914706629,6.42368890376,7.7306974887,-14.8108059594,75.99999999999996
110,1.31527937962,4.12982846418,4.06083045052,-5.99606442317,75.99999999999996
111,0.611234635076,0.516245106587,3.80355390922,-9.47856426347,75.99999999999996
112,7.09620131698,2.34126073701,4.97468809089,-7.14576603434,75.99999999999996
113,0.591948558855,-0.225737782229,4.47588364549,-8.88085798176,75.99999999999996
114,0.114244414234,2.33418723984,0.440670702364,-3.68506896447,75.99999999999996
115,0.280062736501,1.98827687247,2.51075116266,-7.79292026844,75.99999999999996
116,0.367617257827,13.5346624828,-24.6192272881,15.8252036328,75.99999999999996
117,0.121298271883,16.2213415603,0.939029960451,-5.22070658121,75.99999999999996
118,0.427753738392,1.10511300879,4.7510482762,-9.95441718262,75.99999999999996
119,0.169033586435,0.609327788851,2.41541366575,-5.65556587917,75.99999999999996
120,0.378246773641,-4.52714860128,4.02849841408,-4.84362670071,75.99999999999996
121,0.784174197061,9.6190796215,51.0795465715,-28.3210931293,75.99999999999996
122,0.212788023261,0.535909776645,1.34475043539,-10.9816605972,75.99999999999996
123,0.99783529765,-0.195403681416,1.3695196235,-12.0279751555,75.99999999999996
124,0.432204085663,-1.31334019786,3.9792072469,-8.68012639791,75.99999999999996
125,0.267296179158,4.18482560936,1.68388386176,-12.717977776,75.99999999999996
126,0.124936845097,4.17409649928,-0.918584567684,-9.69613994897,75.99999999999996
127,0.577205987194,5.0882733385,4.2485259928,-10.3669348958,75.99999999999996
128,0.653090441072,-3.77830001337,2.99544636437,-12.3628651597,75.99999999999996
129,0.176041581831,-41.9641375112,13.0019622988,51.485891732,75.99999999999996
130,3.21285191691,-1.30927194309,-6.06901954932,2.98699265164,75.99999999999996
131,1.09553045708,-3.08284132691,5.15853588101,-31.9266141559,75.99999999999996
132,0.188696895492,5.69178725847,16.0134362122,3.06324876215,75.99999999999996
133,0.287856749929,13.4494269157,43.5450886739,69.9509946391,75.99999999999996
134,0.548826227182,3.91357148819,6.58802991575,-7.55182763721,75.99999999999996
135,0.108824919992,7.0908409169,0.231226881424,-12.9272032316,75.99999999999996
136,0.109905226159,0.447282146827,-0.414374101927,-9.07005570427,75.99999999999996
137,0.3976158825,6.04876372379,-8.91391620794,-9.15623763668,75.99999999999996
138,0.562216642753,1.83236809745,5.79185415244,-11.7748476719,75.99999999999996
139,0.244122523016,-24.8982598776,-75.5093529564,93.7782220544,75.99999999999996
140,0.175255891774,-0.833510465152,7.0570486159,-9.95465836409,75.99999999999996
141,0.263374262027,1.77521642946,-1.3562365617,-8.19477443899,75.99999999999996
142,0.390156034475,1.69754295846,3.29100857845,-9.29237669802,75.99999999999996
143,0.163198203309,2.27639872356,0.520387532256,-6.47586681946,75.99999999999996
144,0.131208275735,1.09460526984,3.79165205245,-2.36108354653,75.99999999999996
145,0.20616347052,0.182411881879,2.94163328872,-7.37453216988,75.99999999999996
146,1.22686509539,0.615368738553,3.69711529555,-6.99221844953,75.99999999999996
147,0.37334260958,-43.3755886362,-5.15063638853,-47.3599158305,75.99999999999996
148,0.211252881978,6.82056598888,0.26518799778,-10.7069137055,75.99999999999996
149,0.20982836737,18.9107071089,-6.74422000667,4.24244309652,75.99999999999996
150,0.379497948505,1.65689776626,2.9688438095,-7.96178625728,75.99999999999996
151,1.02419930761,1.6202839871,4.08294942628,-6.78102275972,75.99999999999996
152,0.618287147769,-0.212985332854,-14.3837593696,-42.5126085997,75.99999999999996
153,0.829323053071,2.09272869177,1.03400533461,-2.52310532015,75.99999999999996
154,0.770760497599,5.42282549539,-1.1589000001,-10.2565371891,75.99999999999996
155,0.10420356206,2.2027804751,2.59131148126,-13.100850835,75.99999999999996
156,0.134248171329,26.9952020035,5.32366324349,-26.6948503761,75.99999999999996
157,0.292780156328,0.908601808021,3.02119059336,-7.55422621763,75.99999999999996
158,0.276475558096,0.0471093883332,4.39637694553,-5.20636046895,75.99999999999996
159,0.139228510778,3.03560786174,1.7063025288,-9.66583980583,75.99999999999996
160,0.361333251748,5.7939912067,5.46942048672,-7.62128475055,75.99999999999996
161,0.660980051545,0.613088846894,4.4212534453,-7.74252979941,75.99999999999996
162,0.146444550421,5.0318068441,2.72787608558,-4.26623673857,75.99999999999996
163,0.116899068118,5.84327958581,6.21629931874,-7.43519448857,75.99999999999996
164,7.9684280256,2.29356789473,3.32668567788,-8.12390144328,75.99999999999996
165,0.332066284342,-29.7283619424,1.82655075752,-0.929996446334,75.99999999999996
166,0.953661593456,5.2509640843,3.86943475238,-5.32078912295,75.99999999999996
167,0.18020352011,-1.19557300819,3.31287512749,-7.46290053674,75.99999999999996
168,0.311333225729,-1.04547853397,2.84946346671,-12.2714102245,75.99999999999996
169,0.630562983659,4.01961070955,1.76387991163,-10.7372466808,75.99999999999996
170,0.3791467814,4.54906207543,6.11902496649,-2.64453848801,75.99999999999996
171,0.290907509623,-0.156899149871,4.438772964,-5.98231185986,75.99999999999996
172,0.512945246915,1.13792211738,8.3948400124,-10.1271325646,75.99999999999996
173,0.508192443518,8.37508018719,-7.02156702316,-4.76618760787,75.99999999999996
174,0.139844188581,1.59064715708,3.78845102731,-7.64991887739,75.99999999999996
175,0.167888131355,-12.4855239852,-46.2328927913,-6.48105420971,75.99999999999996
176,2.76582308973,1.95311875671,4.19189136253,-9.81741093466,75.99999999999996
177,0.528035498572,2.85473347178,2.79591958763,-8.59799087139,75.99999999999996
178,0.304593531398,-1.27727987438,3.20505967991,-6.96528920734,75.99999999999996
179,0.216838442033,4.04793358865,33.0957693043,35.0164065752,75.99999999999996
180,5.41412414458,3.27670146614,2.70020172998,-8.66300962175,75.99999999999996
181,0.622981338005,2.16774011313,3.54549728328,-2.4893824687,75.99999999999996
182,0.311528190089,-2.86835848308,6.89449723777,-16.2577103282,75.99999999999996
183,0.401124876245,5.01115762495,-0.801725873374,-4.94197145649,75.99999999999996
184,1.69054813088,4.40107477762,6.14465726508,-9.28999259961,75.99999999999996
185,0.156514921054,0.856055559721,6.14632148961,-9.04782809051,75.99999999999996
186,0.364129066923,-7.24166387625,-2.67519463911,-8.88725361039,75.99999999999996
187,0.63366595719,1.61438981473,5.95851023013,-13.2511871013,75.99999999999996
188,0.165268833529,5.23477648522,2.23421017864,-9.47613514511,75.99999999999996
189,0.372982359533,8.30836280637,6.11245340522,-14.69138963,75.99999999999996
190,0.432076392713,16.8438647181,17.3236794855,-32.9571654974,75.99999999999996
191,0.563720271833,2.76883305078,3.98750766894,-6.41761461063,75.99999999999996
192,0.50699865002,-67.9386177353,25.1551327275,40.0558695085,75.99999999999996
193,0.296123466572,1.48415073459,2.25458954936,-9.677647748,75.99999999999996
194,0.62039578822,-6.82095665622,0.557016980581,-5.66680063863,75.99999999999996
195,0.390492432899,0.457478062871,4.89579088651,-9.07689651989,75.99999999999996
196,0.17926651482,14.4221268791,-4.00385089324,-9.37819435014,75.99999999999996
197,0.118909536236,5.25689101497,1.81865528914,-2.46298683857,75.99999999999996
198,0.125818457778,-0.25926682935,3.55687160587,-7.79558120067,75.99999999999996
199,0.144678154246,7.72457648439,3.71053189244,-5.43999866592,75.99999999999996
200,0.209985632983,-0.609647285959,-0.493591665107,-6.99903061794,75.99999999999996
201,0.112291200092,1.8763718548,-0.0715906038057,-21.9785423572,75.99999999999996
202,0.383220719687,2.96343463251,2.24430339045,-8.98552939786,75.99999999999996
203,0.620854539471,4.02784913449,4.11169132029,-12.8737542575,75.99999999999996
204,0.114155827613,-10.8502778091,-1.61811315574,-5.86013582481,75.99999999999996
205,0.435913105216,-0.800134858955,25.9320504859,8.86478086334,75.99999999999996
206,1.45588725027,5.23263846798,7.3200651188,-6.77624498432,75.99999999999996
207,0.165195884985,44.0901813958,86.2737074328,19.3904149538,75.99999999999996
208,0.186618354342,1.22788651265,2.57013616565,-8.46913302274,75.99999999999996
209,0.221281738967,17.751684118,-30.1594399024,44.6662905099,75.99999999999996
210,1.40041555123,1.23954911704,3.44820117563,-7.70220766302,75.99999999999996
211,0.917601264338,17.4921916693,-23.701196818,-22.0766230294,75.99999999999996
212,0.122664400474,1.88737875571,2.6898789252,-7.95180637578,75.99999999999996
213,0.153164647977,-0.829296868519,4.54910153184,-1.59321964086,75.99999999999996
214,0.561970462594,1.21973066426,-5.29520445483,-9.27384908958,75.99999999999996
215,0.103968671015,-0.803976759688,8.57570395556,-6.95254268711,75.99999999999996
216,0.718785513951,-4.78090391952,-6.60314905599,-7.92334172624,75.99999999999996
217,0.701625731234,12.9110657115,0.109151319263,-29.4541825178,75.99999999999996
218,2.0006823487,5.25440131153,0.727216336924,-15.9956526285,75.99999999999996
219,0.267039762731,2.61188598978,5.54144630269,-3.38844365009,75.99999999999996
220,0.264816639624,1.4549582557,-5.70312919224,-21.043830305,75.99999999999996
221,0.337037923657,5.32232656727,4.85621469096,-8.46246971872,75.99999999999996
222,0.274499760359,3.89544455396,3.63299336922,-9.98239250691,75.99999999999996
223,0.136057072267,1.26515677891,1.53529507697,-6.64843634437,75.99999999999996
224,0.467805227116,44.2415543727,-8.94234648759,-19.7933300918,75.99999999999996
225,0.905282536652,2.79161118254,2.8967563963,-7.613343402,75.99999999999996
226,1.08042512255,2.88823303508,6.48664285921,-7.56977126394,75.99999999999996
227,0.413967013174,4.62202088321,-10.1895170509,-22.8038032568,75.99999999999996
228,0.935016336306,6.31337383434,-9.43930691036,-29.8855646225,75.99999999999996
229,0.384605138264,5.45083867115,1.84767020208,-9.59781518833,75.99999999999996
230,0.10075997538,15.9901282369,-7.5677702759,-8.65966454241,75.99999999999996
231,0.125855070676,2.06129474612,3.03810339231,-7.91038073436,75.99999999999996
232,0.108468334401,5.7089440268,40.0847914591,-37.8700341126,75.99999999999996
233,0.16616633364,1.33559110507,2.22907354495,-7.78492288199,75.99999999999996
234,0.996838243097,0.839109963433,3.7664451828,-9.05367508153,75.99999999999996
235,2.11333629956,4.79981599362,-10.6561980204,-40.4171992869,75.99999999999996
236,0.340470620739,2.77030874034,4.35964679932,-3.50718953204,75.99999999999996
237,0.157062689113,2.41191282035,5.50645044206,-10.0322108822,75.99999999999996
238,0.452911842453,-1.07013144752,-0.734950386449,-8.6612695953,75.99999999999996
239,0.503268553327,-15.1749890133,-23.4720867395,-7.78138431577,75.99999999999996
240,0.171281209955,8.46682304899,5.38675764843,-5.29423521989,75.99999999999996
241,0.129963838634,-71.3094142335,-10.534643044,-10.9108224194,75.99999999999996
242,0.590436552518,34.1827863254,-28.5849196664,1.07132108417,75.99999999999996
243,0.109225544825,3.09087843725,5.50969360943,-5.94957514724,75.99999999999996
244,0.16719426692,13.0356311521,-6.90461725221,-2.57736665098,75.99999999999996
245,0.126752949872,2.47921041027,6.36129521886,-3.58563330942,75.99999999999996
246,0.301439255546,9.40441170717,7.76200325357,-7.94899532997,75.99999999999996
247,0.867859504245,2.09557936801,9.48381437752,-6.90157178834,75.99999999999996
248,0.258007306852,1.07051503741,4.62939701043,-5.02262928874,75.99999999999996
249,0.297893089654,5.22763105495,0.0332421374966,-8.4565767586,75.99999999999996
250,0.812853995496,8.95667386242,7.14794621885,-23.2522886988,75.99999999999996
251,0.12599543728,-3.51627348574,7.21145746501,-2.05239322011,75.99999999999996
252,0.266682530991,0.980095619166,2.9904346645,-8.55968436885,75.99999999999996
253,0.253688585919,4.03677430997,1.95254576526,-11.6899947723,75.99999999999996
254,0.194220815745,3.18106512997,0.800003365141,-10.0139077049,75.99999999999996
255,0.122128752357,4.99251090569,3.93153634808,-10.7377114271,75.99999999999996
256,0.352238421591,6.35801489524,2.29441035112,-4.4740570853,75.99999999999996
257,0.15446318405,2.30238595213,-1.3701617093,-7.26330532799,75.99999999999996
258,1.15369925161,5.29013444998,-2.4035642041,-1.15727813734,75.99999999999996
259,0.294021127791,83.9315598422,3.30998353561,-45.1826975916,75.99999999999996
260,0.599610062207,5.80893587834,-1.66033549396,-5.38022648028,75.99999999999996
261,0.510887955234,4.37797713963,-0.236297939672,-7.93255297439,75.99999999999996
262,0.402873180293,7.41240970871,1.90557160307,-8.70406853202,75.99999999999996
263,0.118650862145,11.0072360469,-0.171959848155,0.0815455314054,75.99999999999996
264,0.450669573692,5.95429907945,-2.03276350675,-10.0865533824,75.99999999999996
265,0.288351644643,0.00251059648209,2.49300002363,-5.92924663761,75.99999999999996
266,4.70450899795,1.17947670815,3.26546519707,-8.57995424167,75.99999999999996
267,0.109427397419,0.369329773016,2.06306594704,-7.58423117563,75.99999999999996
268,0.113337234346,2.64747862594,-5.36557722036,-13.4126875778,75.99999999999996
269,0.411498575296,0.657119037485,0.0471874479542,-8.95442465746,75.99999999999996
270,0.500588239268,12.1179829907,-13.7763382833,-7.38910911882,75.99999999999996
271,0.490895092495,-10.1204388821,3.09436922867,-36.4805457984,75.99999999999996
272,0.148101769964,3.91373553184,4.97517393001,-11.5701051707,75.99999999999996
273,0.176004623455,0.961888830156,2.92307975708,-9.12440634435,75.99999999999996
274,0.173393510366,72.569469082,-27.1800277522,1.02305218389,75.99999999999996
275,0.483166500476,12.0941678522,-7.64637984872,-13.6479325922,75.99999999999996
276,0.197984821782,21.902322932,4.57334387465,-0.781191412226,75.99999999999996
277,0.320342907184,-2.7922352831,16.8871209529,4.12238095562,75.99999999999996
278,0.227367605466,3.25189236146,2.82207971647,-7.24155416327,75.99999999999996
279,0.188347306634,-0.265841308371,4.21857505735,-8.06076124414,75.99999999999996
280,0.128491652443,-6.7023349978,6.15666314452,27.9218566449,75.99999999999996
281,0.554396877492,-7.69497005382,29.565343629,-1.55005126853,75.99999999999996
282,0.237004074477,1.57657795627,3.59154115026,-11.8812257973,75.99999999999996
283,0.834445921988,22.6885968108,23.6256711522,6.36714117212,75.99999999999996
284,0.349043345701,4.09448596621,2.34791049758,-12.1172370078,75.99999999999996
285,1.25644654889,9.27118610552,9.21363684111,-21.1603501743,75.99999999999996
286,0.140431614571,0.55973282555,3.11086421818,-6.2774850932,75.99999999999996
287,0.156771152477,15.5911864683,-9.37631976692,-2.49929927548,75.99999999999996
288,0.928682184613,0.868886836084,83.7142243577,-0.483890211179,75.99999999999996
289,0.21639491752,9.26516664235,5.69811675507,-12.1195569788,75.99999999999996
290,0.274325479915,11.8125370369,-2.09396855935,-18.7252750285,75.99999999999996
291,0.424554696409,3.88018551977,1.47152708278,-7.02155433145,75.99999999999996
292,0.607588465577,1.48006668602,8.03663277393,-12.793587367,75.99999999999996
293,0.652118332387,5.20029895667,4.15128219601,-9.02266565177,75.99999999999996
294,0.243512536407,2.33986602392,4.13665444772,-9.32099721473,75.99999999999996
295,0.584412869813,1.0118342175,5.04448744704,-9.80248799103,75.99999999999996
296,1.7388498035,25.5917378413,7.27570608836,-12.4648633723,75.99999999999996
297,0.565665759695,2.16325946193,0.182677371223,-9.46872818315,75.99999999999996
298,0.195119893397,-56.5618259124,-42.2817992918,5.10644799807,75.99999999999996
299,0.172017204978,3.61841729882,-2.09204577265,-10.9862286641,75.99999999999996
300,0.370696260454,3.37502066482,1.69425933414,-9.18468161841,75.99999999999996
301,0.778559507587,-4.4945217866,16.9260630757,-7.04893249035,75.99999999999996
302,0.35847214373,0.482260767092,-4.66789813258,-10.550895476,75.99999999999996
303,0.782186703223,2.65254709622,1.81976203688,-9.75998636567,75.99999999999996
304,0.333697617043,0.167327075713,1.4021533549,-5.02625286151,75.99999999999996
305,0.949237870056,3.86104258101,2.75623739426,-10.0828797995,75.99999999999996
306,0.382434954634,0.348571459601,4.04017021139,-6.0005074695,75.99999999999996
307,0.164683883633,2.71766638202,-0.416399518076,-1.04463707297,75.99999999999996
308,0.137411876968,-8.58829947834,-38.1179713404,30.0497673814,75.99999999999996
309,0.724363696016,2.07873188932,3.9220562404,-6.21100688739,75.99999999999996
310,0.201803044333,36.9618151396,49.6819177345,-35.1960640418,75.99999999999996
311,0.174137755665,1.17225408405,4.77575670272,-9.88501629366,75.99999999999996
312,2.69238933821,3.25997013964,2.3160311499,-11.9431258748,75.99999999999996
313,0.883320495965,5.33087075448,8.64712349179,-7.14382997278,75.99999999999996
314,0.174907838797,0.215772095616,3.77248266406,-7.41574091935,75.99999999999996
315,0.589675157967,1.75591622402,7.60632745798,0.932546947208,75.99999999999996
316,0.908441603261,-1.80046145134,3.83122218536,-9.96040890243,75.99999999999996
317,0.733877484841,1.11598528724,5.031234944,-10.0184534746,75.99999999999996
318,0.129535153084,0.729947355152,2.4422428011,-8.88284098504,75.99999999999996
319,0.158802786782,53.3617492813,-12.8557593214,-23.0787656265,75.99999999999996
320,0.386422919693,4.36823598253,2.56992226252,-9.42121205744,75.99999999999996
321,0.362474758683,3.86482406657,-4.75225486637,-1.47654621511,75.99999999999996
322,1.23238462358,0.763129878134,3.33884706226,-10.4524561019,75.99999999999996
323,0.117231011941,9.19475967063,-2.61040316875,-10.2145433218,75.99999999999996
324,0.164969164456,0.880416603663,1.71114806878,-9.86558068099,75.99999999999996
325,2.53398986202,37.2984322813,22.0338116903,20.0305021693,75.99999999999996
326,0.721823118857,8.0743884171,4.3217838353,-4.94924598988,75.99999999999996
327,0.19044868772,1.84512441835,4.42641195518,-7.23076908358,75.99999999999996
328,0.175330868323,2.10360309152,3.840958162,-7.97690943404,75.99999999999996
329,0.40588473204,2.80847203507,4.71753790239,-8.9291286322,75.99999999999996
330,0.196342147027,3.05039218086,7.87042649707,-13.9571028004,75.99999999999996
331,0.176977741179,2.4004532173,2.19096578494,-7.73659150204,75.99999999999996
332,0.128952801375,-4.33823991296,13.5943806375,3.05063903186,75.99999999999996
333,1.34880550915,-5.70770848827,34.5762484284,26.7292536986,75.99999999999996
334,0.390217132059,2.36261229628,3.36639128146,-8.08236909945,75.99999999999996
335,0.494468281826,4.27891587873,2.03114781589,-10.3388317908,75.99999999999996
336,0.487727022747,7.42447836071,4.28008403181,-9.39576413504,75.99999999999996
337,1.25342865074,-0.975143180376,2.88058722009,-4.59511432764,75.99999999999996
338,0.142435146865,-7.97674279025,6.52607485135,-11.2376622515,75.99999999999996
339,0.220565786649,31.1607285721,11.4823092719,8.27256465757,75.99999999999996
340,0.562922875958,0.216717326001,1.8092970463,-7.76335534074,75.99999999999996
341,3.04158067701,2.70727967703,2.79068669255,-7.15434375118,75.99999999999996
342,0.240823185743,3.34181749223,-2.1161258441,-7.70351216536,75.99999999999996
343,0.825229368304,-18.2385570104,-0.754677215946,-2.23871391934,75.99999999999996
344,0.346096308644,1.09246285592,0.827071635465,0.57967412923,75.99999999999996
345,0.743427626431,4.16924199661,-0.0114263430591,-4.1256631738,75.99999999999996
346,0.281353668359,0.760019400801,6.48332048358,-8.5885629482,75.99999999999996
347,0.208401568369,11.1869513029,4.68504218044,-11.1282095485,75.99999999999996
348,0.589084246274,7.60183742844,-0.293788239169,-3.12459918369,75.99999999999996
349,1.45343439508,5.8468373291,7.63675344665,-4.34187767636,75.99999999999996
350,0.199104482853,-4.58948603889,-16.2355012882,-29.267820289,75.99999999999996
351,0.887336967537,-13.223428352,-27.3970795099,-65.9593813374,75.99999999999996
352,1.18378062517,7.40561226695,3.13880966914,-23.418181599,75.99999999999996
353,0.317160566307,2.17966498125,9.95562504928,-9.48289122884,75.99999999999996
354,0.117419797592,122.375823165,-12.1406934651,5.9364113696,75.99999999999996
355,0.671853935144,1.8578971697,2.08942499525,-8.94578999114,75.99999999999996
356,0.163608541811,11.1468954225,-0.0503606887135,-7.53648237589,75.99999999999996
357,0.129400105354,0.924636917553,4.33496510657,-7.55973708967,75.99999999999996
358,0.251985621901,-0.769654307985,-19.2210218563,4.70609718915,75.99999999999996
359,0.533849476257,5.18814092822,6.61379285006,-5.7379429406,75.99999999999996
360,0.164337297498,-1.82995926244,14.6074819887,-11.6574605422,75.99999999999996
361,0.151183336524,0.598852953876,2.00601723339,-5.47816255636,75.99999999999996
362,0.111027903864,3.19206534561,-0.320196006021,-6.9360809899,75.99999999999996
363,0.18668952594,-27.2484744202,-3.3251343534,17.5275887591,75.99999999999996
364,0.726181230934,-15.0786060256,-10.46750015,1.03188641994,75.99999999999996
365,1.87502290358,-0.830769426786,2.22894079115,-2.1304354857,75.99999999999996
366,0.121537155302,-24.3040368227,-1.83567611735,-5.87659678217,75.99999999999996
367,0.154395598965,3.11595918097,0.327400668352,-9.74559146523,75.99999999999996
368,0.118136555931,-1.41117773971,8.6249511466,-4.86432545496,75.99999999999996
369,0.248988577007,3.57844253805,3.08563609872,-6.48591133745,75.99999999999996
370,0.1682870276,9.79015275071,12.19075679,-2.56141506458,75.99999999999996
371,0.401776604265,2.19053816866,-1.93364206512,-7.38262308117,75.99999999999996
372,0.242285435378,1.65433335642,5.0909755311,-6.63521175808,75.99999999999996
373,0.435272533862,1.13111838094,3.72217662583,-8.18245231005,75.99999999999996
374,0.119629688014,-19.397544184,-24.6877229252,12.0604871883,75.99999999999996
375,0.28879306335,-2.34868667297,2.94005377684,-7.91894987559,75.99999999999996
376,0.478117053348,6.38243008313,3.80634298249,-4.75238911548,75.99999999999996
377,0.217771591801,-12.2694580978,5.52551346138,-20.6570940591,75.99999999999996
378,0.242751280974,1.43596065047,2.33914690964,-5.24682594199,75.99999999999996
379,4.03912283441,1.72957368344,2.74239546184,-6.01630692999,75.99999999999996
380,1.28742656009,2.25001466795,3.73076441941,-8.26235412969,75.99999999999996
381,0.248384464651,4.9242498409,5.80081389876,-7.65599012045,75.99999999999996
382,0.274112898687,0.710562719217,4.33382397401,-7.88980800641,75.99999999999996
383,0.179729629242,2.00173167616,2.87803337939,-9.51715039759,75.99999999999996
384,0.12002736022,4.71189789292,8.33780044442,-6.41213781221,75.99999999999996
385,1.10696578381,5.29044859903,2.49951734657,-7.1286196567,75.99999999999996
386,0.129951647644,3.09347606124,9.02119198484,-7.71370580404,75.99999999999996
387,0.147471507197,9.42885383687,1.93303313709,-14.0371945428,75.99999999999996
388,0.240805045838,2.11321152655,2.52413989829,-9.04513531234,75.99999999999996
389,0.808839372941,2.29412423782,3.4289095084,-8.35618347234,75.99999999999996
390,0.177753235284,3.87235667406,4.01512184688,-9.53889530836,75.99999999999996
391,0.207661107097,2.61564154062,3.46034033988,-2.54746903345,75.99999999999996
392,0.197562441592,-0.851850374362,-0.0597135828854,-17.3918036369,75.99999999999996
393,0.237116616893,3.84222696339,6.84041476169,-7.19771486894,75.99999999999996
394,0.117403359742,-9.28091884943,6.077020499,-7.82466288559,75.99999999999996
395,4.5574587206,128.071377384,36.6086939299,17.8418809174,75.99999999999996
396,1.23726629644,6.7154079781,1.29283639678,-4.97954537154,75.99999999999996
397,0.969767747838,17.1529984545,9.81766719675,-19.0294587911,75.99999999999996
398,0.171817344394,1.30515289323,4.48057237564,-7.19987384798,75.99999999999996
399,0.149866939886,2.74894170246,-0.934660554142,-12.1123695884,75.99999999999996
400,0.244210210196,-8.39785099784,22.0249651413,-29.4884787422,75.99999999999996
401,0.106885616471,6.61422041078,0.477354801429,-12.0630071366,75.99999999999996
402,0.131140933467,2.37268915149,3.81119402244,-7.74544789498,75.99999999999996
403,0.570882220724,2.3519376915,4.3282335741,-3.86988116004,75.99999999999996
404,2.80060542506,7.61173956389,-0.518802335716,-4.44390480723,75.99999999999996
405,0.705703229735,0.837304416875,3.02930443596,-6.86609608631,75.99999999999996
406,0.280001786895,5.29054992938,4.09047954722,-8.26891359124,75.99999999999996
407,0.462058883799,1.58531941264,-0.286460298824,-12.7141835213,75.99999999999996
408,0.137898790256,2.93558229721,1.96530164562,-7.70066707137,75.99999999999996
409,0.145507823776,0.879611513258,1.30130911423,-8.699120093,75.99999999999996
410,0.261776293218,-7.40148447735,32.0296978613,-7.39314050737,75.99999999999996
411,0.593773153529,-13.0178823295,26.5252821368,-40.5770842382,75.99999999999996
412,0.229958370149,2.85510036533,2.91011327644,-7.80634229747,75.99999999999996
413,0.206261793734,2.07040689117,0.751425683855,-8.98799799593,75.99999999999996
414,0.101197947805,4.61933850387,5.00255259174,-8.51858786347,75.99999999999996
415,0.165704586532,0.176899499355,2.91820663053,-9.03424304663,75.99999999999996
416,0.79816437674,7.93607942417,4.69808230964,-4.02055448396,75.99999999999996
417,0.44455369681,0.657382233272,1.21451780687,-6.62215358371,75.99999999999996
418,0.265337593189,-27.6813862974,-85.6890495053,54.9242628127,75.99999999999996
419,0.1417389232,-7.37537668783,41.0640800712,17.6249989678,75.99999999999996
420,0.878293608192,-2.5050892364,29.0815151183,-20.1096572786,75.99999999999996
421,0.146435537578,2.56678877045,4.13301791954,-10.8313240296,75.99999999999996
422,0.307360235906,69.94109994,-36.045220064,-9.7075874574,75.99999999999996
423,0.382197039974,49.7771984523,-0.173574190745,8.60564998581,75.99999999999996
424,0.450162930181,5.18591078067,4.03972988005,-12.3192220588,75.99999999999996
425,0.115689357222,2.00188649561,3.83456993581,-8.73263928199,75.99999999999996
426,0.604098284479,-10.0887912785,4.15060978246,-15.8244756769,75.99999999999996
427,0.308681954147,0.65574343324,6.00155088606,-2.86195559236,75.99999999999996
428,0.103746509354,10.1811514108,6.10981567331,-6.15436905802,75.99999999999996
429,0.240763518438,106.405943323,-43.5633752466,-166.564224118,75.99999999999996
430,0.10057745962,1.99929059929,2.38458121357,-7.99659728516,75.99999999999996
431,0.172723944199,1.61879040058,2.85430413566,-7.2267857378,75.99999999999996
432,0.727578363975,4.7170236765,5.13783682878,-6.70635059311,75.99999999999996
433,0.217088775141,0.859884444999,2.09788971893,-8.65592511555,75.99999999999996
434,0.195185734073,2.4853781354,0.639141748021,-6.64282586879,75.99999999999996
435,0.195306358663,-0.0731849688766,-5.13411245225,-7.43408700616,75.99999999999996
436,0.4095665331,-6.19861166288,15.2165295847,-1.99517372142,75.99999999999996
437,0.784593635019,5.151651011,21.8689481859,51.4361018262,75.99999999999996
438,1.54956471157,1.75094959923,2.45964964139,-9.01801538129,75.99999999999996
439,0.133395385416,0.232755222622,3.39596606175,-8.55002112419,75.99999999999996
440,0.113449584728,3.09750855859,3.0818616182,-9.24921558036,75.99999999999996
441,0.159428402536,12.3864168747,-18.8659759487,9.51383904303,75.99999999999996
442,0.383957610219,-49.7286901252,-5.88734003625,-18.2595551474,75.99999999999996
443,0.578179952325,6.1290456442,4.88280327923,-7.46791166593,75.99999999999996
444,0.151519742442,5.5337051665,1.01308897013,-10.5650093841,75.99999999999996
445,1.00247923972,12.1141652654,-0.977241344299,-23.5532238766,75.99999999999996
446,0.7129408501,6.56082110547,2.55762592827,-5.14911564845,75.99999999999996
447,0.555849413862,33.133298748,85.491211762,-0.480154847789,75.99999999999996
448,0.279567041147,3.43790972489,2.52553088365,-8.4309944513,75.99999999999996
449,0.283906521543,1.70375598625,4.61337245705,-7.9481869831,75.99999999999996
450,0.746469353818,-7.29222795141,4.48502782746,-8.97697083562,75.99999999999996
451,0.478993595738,-3.37348463946,25.6299051422,-36.1285126612,75.99999999999996
452,0.24254928915,4.38699983926,3.89081413428,-4.31803764355,75.99999999999996
453,0.788596071237,2.4504603699,4.49348495768,-9.25120592587,75.99999999999996
454,0.105365669149,0.79561227958,3.7617566773,-10.6774863836,75.99999999999996
455,0.102948904397,10.4590862323,9.39090076555,-9.60845403481,75.99999999999996
456,0.363582010514,-3.32797232676,5.35956294921,-0.0675860317368,75.99999999999996
457,0.676825839252,5.23757318088,0.672383829589,-9.11144697855,75.99999999999996
458,0.139270670616,3.07995409435,1.4557351081,-6.75714748996,75.99999999999996
459,0.103088337753,7.59800729782,6.88714325437,-8.14586226326,75.99999999999996
460,0.332568232702,3.02253257941,-3.32685589981,-15.5800760424,75.99999999999996
461,0.122080473342,-1.0762278015,4.00071137929,-9.95896958298,75.99999999999996
462,0.110048985809,2.08700062673,5.11587052577,-8.37357004222,75.99999999999996
463,0.39890595638,1.13976925117,-23.349406706,-12.2897975977,75.99999999999996
464,0.834131107612,1.01445587097,5.9750089035,-9.24126804171,75.99999999999996
465,0.102264487974,15.8762649482,-53.761249318,37.8835334354,75.99999999999996
466,0.13113937977,0.484093603632,4.14517881248,-8.83792215753,75.99999999999996
467,1.68579327354,4.42062284873,5.31626278374,-6.68253842726,75.99999999999996
468,0.317722592534,0.514638534364,1.86609142204,-6.09627851794,75.99999999999996
469,0.53383310496,-2.7198334508,4.8241908509,-9.18783989584,75.99999999999996
470,0.159504449835,1.52853947862,0.654076526809,-5.35859002852,75.99999999999996
471,0.146685290642,27.2448224594,5.8295137271,-3.49010705959,75.99999999999996
472,0.204420306393,1.94843061893,3.99599581544,-9.98370797587,75.99999999999996
473,1.23204910773,2.19714039195,2.49522227646,-8.80163588436,75.99999999999996
474,0.164574519261,1.95343651866,5.6672505074,-12.0223526389,75.99999999999996
475,1.66893359946,3.60404360307,9.0200042223,-4.43182364427,75.99999999999996
476,0.373662339201,3.00103234248,-3.06424786624,-10.5763543375,75.99999999999996
477,0.394206744028,1.23488931965,3.33985682481,-8.79080093535,75.99999999999996
478,0.137794764291,2.75013710837,3.25679146838,-8.29491047011,75.99999999999996
479,0.113833203885,14.7035100291,53.0546029075,27.4134680964,75.99999999999996
480,0.466084356251,-20.3876039655,1.90245513009,-9.11366270197,75.99999999999996
481,0.13474045156,0.832403880265,4.79125899332,-7.5693926588,75.99999999999996
482,0.357690087322,2.8497078811,-0.432297629364,-5.61400217782,75.99999999999996
483,0.397849838415,1.44946649252,7.04750093685,-6.17899601966,75.99999999999996
484,0.121958557119,7.40864065046,21.8478034063,-40.2874872059,75.99999999999996
485,0.131971283212,21.5763362566,47.6334433421,-1.62170953418,75.99999999999996
486,0.56611873166,5.7670961292,8.02007650611,-3.94934237232,75.99999999999996
487,0.217727255708,5.39212697916,34.7960022901,-31.5844544228,75.99999999999996
488,0.852303011758,2.30106434815,2.6540252316,-9.10661790291,75.99999999999996
489,0.169159236569,3.16005925313,5.1495137054,-10.4481481487,75.99999999999996
490,0.465295966257,-0.611416485987,2.08618815948,-10.9141876852,75.99999999999996
491,0.501575956291,5.95933001215,3.88307177035,-5.41239611275,75.99999999999996
492,0.318299551151,0.990804715507,1.46223220042,-6.41573552776,75.99999999999996
493,1.14744135936,2.32842147416,2.16669098534,-8.49524867858,75.99999999999996
494,0.140193079726,1.13612565083,11.3100132103,-12.1774107529,75.99999999999996
495,0.58263545414,2.3607320445,1.68090973563,-6.66401616178,75.99999999999996
496,2.91616674399,4.94735457096,1.73041543893,-4.84131728756,75.99999999999996
497,0.466789586562,2.41991614289,2.57186912057,-7.63019809483,75.99999999999996
498,0.168405625639,-2.62026972661,-2.91941539623,-5.87367303259,75.99999999999996
499,0.214556186872,8.07946181505,-0.79112415131,-8.98236426134,75.99999999999996
500,0.370780367327,-36.0992800503,15.7651522676,-5.47321550114,75.99999999999996
501,0.125754788979,3.40629923638,1.33528304071,-12.5797699829,75.99999999999996
502,0.267954309289,1.58107010813,4.86415691636,-9.25757142618,75.99999999999996
503,0.123455999447,3.21553621738,-1.43534576788,-5.06001431023,75.99999999999996
504,0.113149839296,-0.432058780115,-7.92527131414,-10.3559635777,75.99999999999996
505,0.116082296507,-33.704126529,7.72791233069,-22.6109086151,75.99999999999996
506,0.262583409355,5.9372447321,2.76282261925,-7.74661335612,75.99999999999996
507,0.362934198478,0.599856787693,3.50469455044,-1.93753508718,75.99999999999996
508,0.305315896801,-3.80603068311,6.65716077285,-5.88725621754,75.99999999999996
509,0.140327590406,19.5794392037,23.5588833716,9.13270085283,75.99999999999996
510,0.11904082908,18.9753934983,-1.48275591932,-24.5785448785,75.99999999999996
511,0.129392545475,5.84950893818,53.6730318225,17.6501187619,75.99999999999996
512,0.132387634032,0.390068221999,8.92226323325,5.69630928198,75.99999999999996
513,0.342127228614,4.23021013421,3.69605558954,-8.25970686077,75.99999999999996
514,0.560505817783,-19.3586577114,-35.7119553209,-33.4636837232,75.99999999999996
515,0.132616280528,-8.95174690789,5.09635556745,3.00269144452,75.99999999999996
516,0.588592963803,1.62144750833,3.15920212233,-3.92049274706,75.99999999999996
517,0.287431917087,2.03899784674,8.96577077739,-10.0505496115,75.99999999999996
518,0.372068062003,5.79527366065,3.39483286825,-6.21535854535,75.99999999999996
519,0.115993760574,7.53402621897,-5.61991829153,-14.9207969673,75.99999999999996
520,0.513317576393,5.20259171319,5.49927404143,-5.2258603991,75.99999999999996
521,0.195409260644,-0.809366561068,3.24674030549,-9.70225382433,75.99999999999996
522,0.127492579025,26.8045162229,15.4120212722,-11.6913336479,75.99999999999996
523,1.24726595339,1.59374921819,-6.06496143239,-5.31970254039,75.99999999999996
524,0.124189089769,-15.5560754812,25.6634755071,-1.37584625747,75.99999999999996
525,1.57671282749,15.3751784715,-5.12973738879,-10.2765013874,75.99999999999996
526,0.553605992534,2.69129261587,2.90588490223,-8.69320261206,75.99999999999996
527,0.783078509587,4.27139540178,1.84312907702,-7.02541837054,75.99999999999996
528,0.195790864059,-2.41204754264,0.246510666869,-6.97651284064,75.99999999999996
529,0.453625677573,5.50455428155,13.0528201405,1.882360394,75.99999999999996
530,0.549194501875,-69.8492030723,-1.90517311322,-64.6129501121,75.99999999999996
531,0.211901160416,1.16749692366,8.96633731605,-1.59461282623,75.99999999999996
532,0.100773473628,2.35159837897,3.60677744244,-8.78389722894,75.99999999999996
533,0.158763459239,0.702162318253,-1.52078218839,-4.6408397907,75.99999999999996
534,0.611534894685,1.17572167704,0.71036229621,-7.65915988488,75.99999999999996
535,0.244164963241,45.5496603099,-14.998346768,-22.192959847,75.99999999999996
536,0.204837232916,2.68073001044,4.02185677612,-9.0133480497,75.99999999999996
537,0.320816647575,4.65186625176,-1.54229083871,-9.65981763964,75.99999999999996
538,0.10812511298,2.38514212056,3.94733036556,-7.87966763748,75.99999999999996
539,0.202137505668,9.80266817509,21.8801625826,11.2552252511,75.99999999999996
540,0.567188848439,2.00978186564,5.02247273165,-7.63941096508,75.99999999999996
541,0.414127880887,-1.01375305631,51.5510637782,-45.809615106,75.99999999999996
542,0.416803020614,-5.3856872255,34.8682140199,-44.5440423924,75.99999999999996
543,1.83706185321,1.94600581609,4.18493712069,-9.82098073921,75.99999999999996
544,0.104243644465,-2.34678649976,2.91415108036,-14.7750240589,75.99999999999996
545,0.662415510581,14.5763882551,1.91575284043,-10.1022781254,75.99999999999996
546,0.505919272058,-4.95856392414,0.152725697539,-8.15546417573,75.99999999999996
547,0.116389246728,7.7432099878,5.13709123718,-4.71306085118,75.99999999999996
548,0.366958512552,-6.05549867298,0.195976781359,9.60814948197,75.99999999999996
549,3.4670725124,2.35525198808,3.40671077678,-8.18779262465,75.99999999999996
550,0.251230585038,7.26093819656,8.40161881788,-8.9941245025,75.99999999999996
551,0.122256623368,10.8893513918,54.7186433274,-64.0994876927,75.99999999999996
552,0.320574511666,0.61405590513,-3.17482639155,-18.8564294263,75.99999999999996
553,1.4712354282,11.8661850177,7.91597585261,28.806238069,75.99999999999996
554,2.12541981127,1.93592588327,5.16687780761,-8.28732462563,75.99999999999996
555,0.470008713879,-25.4021576706,-11.4736215356,-8.85402401256,75.99999999999996
556,0.161186153275,8.22621322019,2.8860739887,-10.8479096939,75.99999999999996
557,1.20813185289,-28.5734442954,32.3707745368,2.49515958202,75.99999999999996
558,0.115444152279,1.12954761809,2.82399660679,-9.94255383675,75.99999999999996
559,0.168027964109,-0.551436038743,1.94751034589,-6.4784606347,75.99999999999996
560,0.426065714723,5.30297049295,6.33910513585,-8.44878531506,75.99999999999996
561,0.692736356205,-51.0389687855,45.3675232447,8.21492651151,75.99999999999996
562,0.28672309606,0.693864899885,1.68760491769,-5.86166154322,75.99999999999996
563,0.720526126535,4.7188345162,-1.43495394402,-6.33898943354,75.99999999999996
564,0.10822954347,-2.27693992565,-2.47618235893,-3.06101338497,75.99999999999996
565,0.211074697151,-1.99160246006,-10.3455181584,-7.94808166863,75.99999999999996
566,0.476254930908,2.06483659961,4.09533944153,-4.29367685133,75.99999999999996
567,0.435961080435,2.50946127577,2.28288691052,-4.70706122803,75.99999999999996
568,0.448887632355,-1.95124653793,0.0422292317193,-4.19802490437,75.99999999999996
569,4.2420025108,2.61653289993,3.31725714074,-7.70186080821,75.99999999999996
570,0.50259365217,16.5829805395,-69.9505749681,-54.1599430169,75.99999999999996
571,2.13410624454,0.853935322833,5.25525165973,-7.84566481529,75.99999999999996
572,2.26773877934,3.36657966018,4.61932179137,-8.55706763983,75.99999999999996
573,0.191919515096,4.07966688499,4.88149021449,-4.02175801076,75.99999999999996
574,0.149655333474,-15.0061767902,1.53009296233,-9.28902373969,75.99999999999996
575,0.147633232159,9.78431796844,-2.70527074284,-6.95369185959,75.99999999999996
576,0.315672431916,0.107775646669,5.95617336853,-11.946702569,75.99999999999996
577,0.150160393295,1.07021760557,3.50896555482,-6.40591171996,75.99999999999996
578,1.25652849444,1.77428458722,5.28284853114,-8.63920867313,75.99999999999996
579,0.161998004457,18.8532986277,-0.165194140034,9.94276224647,75.99999999999996
580,0.480827327649,5.79963631162,2.52401752869,-12.6781612923,75.99999999999996
581,0.27004976192,1.77581160784,0.329530788654,-6.82362367669,75.99999999999996
582,0.123298507036,-22.3256356596,2.97583856423,20.0800553633,75.99999999999996
583,0.199526911602,4.34223259078,-8.52655461326,-2.06511886074,75.99999999999996
584,0.148170426713,-1.23253852488,2.21674793314,-4.5848084021,75.99999999999996
585,0.159997693514,3.18496505261,-3.57717117395,-3.56342705346,75.99999999999996
586,2.75807613105,-1.7338149169,4.31493026345,-5.34569391426,75.99999999999996
587,0.277405905861,1.90645143182,7.18587317995,-0.865547583629,75.99999999999996
588,0.408344807167,-0.966052062118,8.11738511432,-6.29507367512,75.99999999999996
589,0.413927612662,2.93322181947,4.06174194465,-8.34568561037,75.99999999999996
590,0.183062447833,7.86520043818,2.56673454223,-8.76192864019,75.99999999999996
591,0.593046826177,4.54348707768,2.60746451834,-6.0212603274,75.99999999999996
592,0.509163993746,2.43325270896,2.1193305379,-8.15087422553,75.99999999999996
593,0.177897384084,2.1830336232,2.7966572445,-8.75353956479,75.99999999999996
594,0.609771698286,6.42917056792,6.3025043684,-7.25725926775,75.99999999999996
595,0.121752538804,6.58926935135,0.761426340447,-8.2724408148,75.99999999999996
596,0.787427453056,5.4934177971,2.00241546262,-8.97525161166,75.99999999999996
597,0.407622913021,2.42954957003,6.45563820356,-3.94651703664,75.99999999999996
598,0.252938286751,1.37565460425,5.48979869875,-7.9172027352,75.99999999999996
599,0.17159440907,11.1036763101,5.24486254693,-1.83327560606,75.99999999999996
600,0.538958493258,3.36233150069,7.32702836676,-12.0944275368,75.99999999999996
601,0.121449242201,-4.29794590966,-25.5992012925,67.8097123232,75.99999999999996
602,0.425452071014,2.98294028056,3.05215547011,-4.32058666672,75.99999999999996
603,0.117795883823,15.179695649,54.999954527,43.0375493863,75.99999999999996
604,0.242815457995,-16.3625281293,20.8266173787,22.4459065412,75.99999999999996
605,0.123026092469,4.15487484947,-0.0126054052205,-9.31894837244,75.99999999999996
606,0.175860484399,-1.77348538395,4.53812777136,3.20375920355,75.99999999999996
607,0.275932964717,12.2181889235,-12.8279312156,-28.1483405488,75.99999999999996
608,0.21276242668,3.84913188322,2.16147657439,-7.81592435638,75.99999999999996
609,0.194893052591,-2.41246095829,8.13088080299,-11.3969782878,75.99999999999996
610,0.255978999752,-1.40422982662,5.15594411639,-10.2769509132,75.99999999999996
611,0.484215259732,64.4383230213,-57.3544902773,-8.61744929282,75.99999999999996
612,0.116726792956,1.76230771949,3.56405749459,-8.02712989621,75.99999999999996
613,0.404614454167,6.93872248468,-3.41073346302,-7.99043735468,75.99999999999996
614,0.162730819468,-0.278393938131,6.6376978883,-2.06740182375,75.99999999999996
615,0.219560355918,2.63483532639,1.34009682312,-11.9549444535,75.99999999999996
616,5.06478827845,1.56103788425,3.73090709844,-7.53493253193,75.99999999999996
617,0.120672010995,2.58229548479,3.38426049168,-7.52522186448,75.99999999999996
618,0.179752256224,3.01341005229,5.72987045287,-4.67236809866,75.99999999999996
619,0.661276230166,-7.90069641375,-0.961706241908,-11.665726639,75.99999999999996
620,0.198547199406,2.53610272109,3.89653300462,-4.61484698183,75.99999999999996
621,0.129006150683,52.8683153608,-62.2348301106,32.4600832436,75.99999999999996
622,0.157687933989,-25.8194636733,46.8947327521,38.1746033399,75.99999999999996
623,0.189586409899,7.76177745806,-4.21323717184,-9.85918751246,75.99999999999996
624,0.3870098421,0.8179014069,2.03841234489,-9.80809641635,75.99999999999996
625,1.72311317932,1.9144249896,3.66117809725,-7.74348589698,75.99999999999996
626,0.376540540532,-18.3925876815,16.0447344019,-44.6049694045,75.99999999999996
627,1.0931734205,1.47562093884,0.631079531454,-2.936098059,75.99999999999996
628,0.18060891343,-6.68517358361,2.35266428501,-12.3544289672,75.99999999999996
629,0.166160713448,-3.58895375094,2.40493096197,-5.02436122476,75.99999999999996
630,0.403416952092,-15.0706490785,43.0157205243,1.58450557145,75.99999999999996
631,0.431485036341,2.42033351622,7.14713488899,-5.25130535889,75.99999999999996
632,0.12083821478,0.947877125778,13.4005982409,0.122280841066,75.99999999999996
633,0.177327497819,-3.21134539697,10.3499003254,-11.2004421543,75.99999999999996
634,0.45175360372,3.88286932853,1.86300429412,-8.52590719579,75.99999999999996
635,0.341564194183,-0.090946712738,5.68021120849,-11.1026453773,75.99999999999996
636,0.147304765917,3.15036450101,0.380573297518,-7.64758313241,75.99999999999996
637,0.113219261635,-0.455931367187,3.36109006582,-8.25052247584,75.99999999999996
638,0.225011193397,-4.33005838447,5.49349398241,-11.7805655201,75.99999999999996
639,0.467675491193,7.8286431433,3.23004280367,-7.91424075976,75.99999999999996
640,0.434689899172,1.38279250059,3.95256308773,-10.8759616116,75.99999999999996
641,0.213934023425,4.79894049808,3.40213901847,-8.77440005417,75.99999999999996
642,0.247520011702,0.279730596613,22.8632938679,-2.22410552039,75.99999999999996
643,0.235671795704,7.25291334704,32.720211257,-25.4622552092,75.99999999999996
644,0.199155350265,4.5040892153,1.03505761447,-8.50166360576,75.99999999999996
645,0.205102652181,-1.84612627683,-4.11220889578,-8.97528152143,75.99999999999996
646,0.137086634731,-1.20759530526,15.1778581587,-0.9100552139,75.99999999999996
647,0.930311421992,3.62812209882,8.85161224677,-11.0529779616,75.99999999999996
648,0.344824829945,2.10353923068,1.09801568369,-10.4488677343,75.99999999999996
649,0.531180273829,2.16972237646,4.88632724985,-8.8716702859,75.99999999999996
650,0.660948284554,6.57978182692,5.92380177189,-8.28017897733,75.99999999999996
651,0.773574130951,3.32657103035,6.34724067047,-5.13630614302,75.99999999999996
652,0.270097637263,-2.10533149413,3.56169074811,-7.00660348716,75.99999999999996
653,0.270949311213,2.14015800093,1.35938780168,-8.31983079178,75.99999999999996
654,0.134912122656,57.1845178826,-11.1144609596,80.1490752559,75.99999999999996
655,0.292188231064,-20.4992461299,-28.1198790272,8.68105582539,75.99999999999996
656,0.415574879834,-0.20462484068,1.97761132921,-2.96626492419,75.99999999999996
657,0.333539052204,-10.5770893883,-7.63844855702,11.030334945,75.99999999999996
658,0.130536339717,-16.1597634182,13.0879642317,24.8646217491,75.99999999999996
659,1.18262580987,2.69675143649,3.03272616597,-9.99306258207,75.99999999999996
660,0.167727151343,1.9405437672,4.99541006043,-8.68051940111,75.99999999999996
661,0.166796938184,1.41431693703,4.34918096068,-8.05431979785,75.99999999999996
662,0.24908049609,5.33864427405,0.118263713975,-18.0865245534,75.99999999999996
663,0.163254719549,-0.425801942906,-6.97159250987,-0.598131102405,75.99999999999996
664,1.22252585131,5.4100691734,4.4256145726,-7.68424636593,75.99999999999996
665,1.4804949781,-2.29336338493,10.395925823,0.104421703577,75.99999999999996
666,0.118236905548,3.90085641095,5.97962358623,-9.9801271158,75.99999999999996
667,0.249029011856,-22.2464632639,-2.32417559802,-5.39540119953,75.99999999999996
668,1.61533856281,1.96464234797,4.44418987817,-9.90169735085,75.99999999999996
669,0.155857041919,3.5153657746,21.6419739728,-1.80978419367,75.99999999999996
670,0.135719157307,0.607159694391,6.94351353442,-9.68083279281,75.99999999999996
671,0.344592821698,0.357510523203,3.96183863658,-7.64772771766,75.99999999999996
672,1.19535644968,4.98256369848,2.2157692914,-10.6129944469,75.99999999999996
673,0.14476592806,29.4168711508,6.02471014159,9.17714405523,75.99999999999996
674,0.260125856466,6.59465214202,-0.907399698575,-6.72354563409,75.99999999999996
675,0.101153850467,2.12822435441,5.88335578675,-11.7644710838,75.99999999999996
676,0.244176208531,3.0966629836,8.61567409718,-7.267722836,75.99999999999996
677,1.33534822626,3.08115936307,4.64085104114,-11.0768509211,75.99999999999996
678,0.319692299365,2.72717608026,12.5460522735,-10.7828190614,75.99999999999996
679,0.255621840129,55.4737879546,-3.41650651051,-22.2153079015,75.99999999999996
680,0.221605008748,9.96785260986,0.934626882068,-5.53142186378,75.99999999999996
681,0.17030057692,-1.75150509192,4.02733024296,-4.9219923795,75.99999999999996
682,0.389016701617,-1.55122752391,44.1844506402,-7.3535945258,75.99999999999996
683,0.280143460553,1.05821581775,5.85342363331,-12.3933421611,75.99999999999996
684,0.518159564371,1.41039995086,0.623125494562,-13.6499695619,75.99999999999996
685,0.68417675153,1.45237357299,3.79565689433,-6.52424420565,75.99999999999996
686,0.106504152086,0.2808821699,2.28642727109,-11.022006019,75.99999999999996
687,0.246071961375,6.03841639637,13.4977976602,-13.407280713,75.99999999999996
688,0.109422648761,-2.41098133335,0.55579816447,-9.26640440374,75.99999999999996
689,0.114413552251,5.77292486945,3.47459157676,-6.66081011047,75.99999999999996
690,2.14789789923,3.74680690336,4.60271267866,-1.93233862844,75.99999999999996
691,0.549086777017,1.50773147715,-0.439364178839,-11.0628266702,75.99999999999996
692,1.27489329421,3.90999449111,1.51324343698,-9.23372036808,75.99999999999996
693,0.358652067905,1.80383177651,1.81705851696,-7.45883173772,75.99999999999996
694,0.472961616755,-0.118711796832,-7.95672062206,139.019208088,75.99999999999996
695,0.388565504878,1.05665472861,3.73597414212,-15.0875959354,75.99999999999996
696,1.52549537573,-3.21251328226,2.60634488329,-5.92769988666,75.99999999999996
697,0.365604089183,12.0592539745,10.7115918197,-10.1512980278,75.99999999999996
698,8.34031175971,2.27957454255,3.33132402194,-8.09740433633,75.99999999999996
699,0.163085600887,-2.68754277282,6.97019834006,-6.54534923519,75.99999999999996
700,0.135160638571,2.72097831477,1.75341237354,-9.61359027034,75.99999999999996
701,0.262462539117,-0.816525129526,2.19891166018,-5.03847172816,75.99999999999996
702,0.185714361288,-7.42530904921,2.86847492122,-0.875676296759,75.99999999999996
703,0.137436134215,3.55514961385,1.45780391886,-6.76988330515,75.99999999999996
704,0.461401399192,1.67596933663,0.480194415189,-10.6056482659,75.99999999999996
705,0.145182494353,8.69231009369,7.85226148188,-7.23966779485,75.99999999999996
706,0.282345865122,4.05383083542,5.61319310853,-5.36730951735,75.99999999999996
707,0.137007302396,-0.765915540957,-8.72435902176,-7.37392121256,75.99999999999996
708,0.217168768216,2.57420159216,6.80042182262,-7.39509071853,75.99999999999996
709,0.145867679758,6.06406299325,2.20849280869,-8.07350887125,75.99999999999996
710,0.152071676985,0.850676191312,0.417782136551,-12.5480297901,75.99999999999996
711,0.183890205651,9.29892659199,-6.08892077483,-8.49231711487,75.99999999999996
712,0.540563374465,6.20494737409,-4.31265774556,-11.1840097525,75.99999999999996
713,0.58385930898,2.81964142993,4.60945858612,-8.56061079789,75.99999999999996
714,0.128605512672,9.34601803199,-4.10582030211,8.29050582391,75.99999999999996
715,0.304480458391,-0.86701656177,5.57179941314,-7.55217302617,75.99999999999996
716,0.155158631542,6.63616564128,3.7178955415,-5.30182006126,75.99999999999996
717,0.319706398681,3.55081338854,3.8586292931,-10.2052852217,75.99999999999996
718,1.40912230376,2.57840543738,4.15535093588,-6.93915920948,75.99999999999996
719,0.685724202262,3.34564015975,2.6787264604,-12.2235732567,75.99999999999996
720,0.860210213182,2.73136133842,3.72526851542,-8.90691663464,75.99999999999996
721,0.106080638348,0.942682610096,-0.232144269043,-10.8858321044,75.99999999999996
722,0.216797922599,-2.07612713313,-0.725868462269,-6.99975278693,75.99999999999996
723,0.637218827181,18.6474273505,-3.74264817875,-38.1755501361,75.99999999999996
724,1.58853898145,1.16634199642,1.94386896608,-10.6630908728,75.99999999999996
725,0.154354719831,-0.84947181707,0.453216539283,-0.655132369843,75.99999999999996
726,0.12214792481,-5.95544406246,16.0652242132,-13.4761159324,75.99999999999996
727,0.104233374297,-27.7301200436,0.96082568628,-19.3022709089,75.99999999999996
728,0.16605008536,2.4040338636,1.54455350478,-5.18326318536,75.99999999999996
729,0.113572124173,3.67170039751,3.57250652933,9.43395325691,75.99999999999996
730,0.169487333923,7.19462236849,18.5143330225,-40.7801166843,75.99999999999996
731,0.250669872458,-1.62799525671,5.50270233826,-7.43955875935,75.99999999999996
732,0.179275478326,65.2269161942,27.6467241356,-25.192044361,75.99999999999996
733,0.155058876586,-0.947456092392,7.6591050299,-11.3192222346,75.99999999999996
734,0.686147675354,2.06212397468,2.5251281703,-8.81917599699,75.99999999999996
735,0.324220787555,-7.54802537268,-2.39592739364,-13.5514579418,75.99999999999996
736,0.697439162157,0.366135304184,2.76343391074,-4.37724121487,75.99999999999996
737,0.494101879672,2.49258710773,3.89537986104,-9.54359005119,75.99999999999996
738,0.409716264195,-11.1287966737,-0.5653616094,-17.3267479905,75.99999999999996
739,0.124586449128,7.06402121951,4.57858053518,-6.42179213218,75.99999999999996
740,0.251770496374,0.686813248374,0.201397012248,-5.8287438451,75.99999999999996
741,1.3176543515,2.25629555897,-0.222155550751,-11.2296377472,75.99999999999996
742,0.452146591207,-1.74011816564,12.5042707147,7.13727242388,75.99999999999996
743,0.100825095634,0.128683198611,5.98945629538,-8.90598444907,75.99999999999996
744,0.349102070597,4.82296943755,4.80801647756,-4.88614483628,75.99999999999996
745,2.93208098361,0.631355333699,3.59745928939,-8.25428835118,75.99999999999996
746,0.29232267142,2.98808450686,4.08621434576,-8.05162939111,75.99999999999996
747,0.206440727648,1.90976295417,5.17748449896,-8.73303069004,75.99999999999996
748,0.186786442746,1.83294829414,2.66249238213,-9.10236074837,75.99999999999996
749,0.133542666371,-3.06075571246,-2.39492062255,-17.4057062218,75.99999999999996
750,5.3651058662,-96.7293909709,-74.3786017818,-61.2458332795,75.99999999999996
751,1.12270453119,3.82064835792,4.16455865618,-5.73077517032,75.99999999999996
752,0.199012993316,1.14709939803,3.48838292325,-4.29123683773,75.99999999999996
753,0.54476127951,7.35309922579,4.37472017413,-4.32684057535,75.99999999999996
754,0.158449402862,-3.06444044108,0.0514596208508,-9.88363355168,75.99999999999996
755,0.549432679262,3.5737319005,4.77168536694,-7.41582700549,75.99999999999996
756,0.131859970014,-31.9161466965,-8.28253630357,-12.0383963751,75.99999999999996
757,0.181671682361,1.01270833581,3.14277758561,-12.4511460655,75.99999999999996
758,0.297003181459,-0.00821345549653,4.4397044033,-8.60662760961,75.99999999999996
759,0.361869821273,-0.254130767662,2.16790585577,-13.2424720926,75.99999999999996
760,1.27538811591,-24.6146063214,-12.4012421653,-8.52197545248,75.99999999999996
761,0.786534736222,2.42419016087,2.27387758148,-7.96767759933,75.99999999999996
762,0.202896095597,6.63731087586,2.72823120053,-4.46370443817,75.99999999999996
763,0.170168515785,0.0765532833639,0.0961886828892,-7.58547677753,75.99999999999996
764,0.607967419159,4.01789224428,3.90703173801,-7.04986004662,75.99999999999996
765,0.100916852868,-1.29572680535,4.69186560013,-9.92347610281,75.99999999999996
766,0.124152117765,4.15417692275,4.39424567332,-7.19785388292,75.99999999999996
767,0.567705497124,-0.874845582327,8.25886037635,-9.21849404057,75.99999999999996
768,0.492654226198,4.6547455865,-3.34863567494,-3.94376373831,75.99999999999996
769,0.255665216291,9.72782322124,25.4993646815,57.0638953215,75.99999999999996
770,0.429060450704,79.7794626829,-41.0470894763,-5.88126251142,75.99999999999996
771,0.150887607138,6.3856877505,0.790340627288,-10.368264879,75.99999999999996
772,0.762874341615,27.3170486746,28.3171561628,-9.66791627368,75.99999999999996
773,0.159016920547,2.28577012003,1.46667639579,-8.44600972519,75.99999999999996
774,0.186662360927,1.40774706076,3.15362974652,-7.27147889045,75.99999999999996
775,0.434356759424,0.813992533663,4.89908769073,-8.0858938513,75.99999999999996
776,0.145460434795,-5.75037424625,12.1605935917,-4.03887625713,75.99999999999996
777,0.25407101978,-0.0510233250067,1.55763209853,-3.33877093495,75.99999999999996
778,0.294867877637,67.5365599742,-30.0194582735,-25.6690816692,75.99999999999996
779,0.142219229368,-0.533189837568,1.19886413596,-10.0578685569,75.99999999999996
780,0.472370388766,6.36953205059,6.21498599283,-6.21557038668,75.99999999999996
781,0.885108457136,5.84356927165,-1.22687541,-15.7988437568,75.99999999999996
782,0.57392098588,4.93897505712,0.676321729087,-2.24574541208,75.99999999999996
783,0.14538912654,-2.79597421899,-1.72650893922,-1.9484555202,75.99999999999996
784,0.430732860067,2.14473960173,2.82269280866,-4.24856743293,75.99999999999996
785,0.184046095125,12.0676905547,2.93811209855,-6.70659169481,75.99999999999996
786,0.534291175816,2.30113230169,4.08242005624,-7.38600135769,75.99999999999996
787,0.532113143056,1.37864071878,1.71906164873,-5.73215344725,75.99999999999996
788,0.569952763647,3.04206135458,2.13044354798,-4.64032153077,75.99999999999996
789,0.529791829083,-11.0886137722,7.64071712787,-8.75769928326,75.99999999999996
790,0.10964922047,1.92342435516,3.37171191225,-8.31942969027,75.99999999999996
791,0.330697363968,10.4964524629,8.99411831971,-8.02636567934,75.99999999999996
792,0.445069863589,6.45778058491,0.842048399822,-4.67484129928,75.99999999999996
793,0.267934782476,-16.4523409143,-13.7592544072,-1.93154852949,75.99999999999996
794,0.913488311159,4.96911297148,3.66266531197,-6.12376154504,75.99999999999996
795,0.253650015177,4.71172677547,4.22542063867,-11.2902740753,75.99999999999996
796,0.116651143143,5.4537498429,4.62694165881,-2.094999696,75.99999999999996
797,0.198042483142,-26.357752757,0.965801028531,-25.4988231066,75.99999999999996
798,1.69865973449,-0.959503889216,2.02117094219,-8.49403134175,75.99999999999996
799,1.89274318493,-7.33471042994,-1.3792014526,-14.2030907067,75.99999999999996
800,0.254030693179,0.820877216625,5.05949632484,-7.7853083636,75.99999999999996
801,0.135326808577,-0.116150044968,1.71963012758,-9.66498084074,75.99999999999996
802,0.110941513288,-25.805695637,44.0620464148,42.0651525537,75.99999999999996
803,0.258393648484,6.37002053964,3.33034581586,-6.71088820435,75.99999999999996
804,0.134450422029,-1.48542052625,4.97433936148,-8.00350635515,75.99999999999996
805,0.270804634559,4.20352504988,-0.857398969168,-11.5920521189,75.99999999999996
806,0.24613059061,3.03114662686,7.3765661012,-6.00837832762,75.99999999999996
807,0.429547105213,-38.8445653979,-10.2677917516,-0.196737756766,75.99999999999996
808,0.504168418797,-0.59088616032,4.60627314366,1.42499614323,75.99999999999996
809,4.5154913046,-1.19922529305,2.4003928972,-9.72911852752,75.99999999999996
810,0.264338841658,1.09898299192,10.7835832366,-12.9388903412,75.99999999999996
811,0.396826686652,1.80681446535,2.47124891918,-5.28923802775,75.99999999999996
812,0.100901279624,-4.21439013177,9.38878428496,-15.8842476192,75.99999999999996
813,0.107112348036,1.40078713504,3.94426174586,-7.79984030121,75.99999999999996
814,4.75138718913,1.80045417977,3.62588421401,-8.38160963322,75.99999999999996
815,0.500654123011,2.30251187807,3.66155115662,-7.89067363397,75.99999999999996
816,0.145449664453,3.46506244235,4.41730937526,-13.2562402475,75.99999999999996
817,0.411227365732,-51.3641618698,-12.7336198081,44.9177960781,75.99999999999996
818,0.315216439832,3.72757508312,4.03506980822,-6.30195038952,75.99999999999996
819,0.121798442718,0.291090885952,-0.872910548356,-10.4370975701,75.99999999999996
820,0.180878053937,7.60260133001,-8.23116913193,-12.2721625663,75.99999999999996
821,0.183769338604,-4.00742683448,5.93911765769,-11.6606892885,75.99999999999996
822,0.751738175549,3.19909794297,1.32372617472,-6.45669559151,75.99999999999996
823,2.09420545216,2.72247614255,3.59813252097,-6.88073730924,75.99999999999996
824,0.826109879833,3.05814395395,-18.6939811072,2.64149410402,75.99999999999996
825,0.254369258966,6.90133541241,-2.27305951352,-10.0046757839,75.99999999999996
826,0.506120910137,3.84552011492,-1.87939582498,-10.9442665396,75.99999999999996
827,0.584739566811,-16.7260288704,19.50286838,-58.3917238687,75.99999999999996
828,0.129470762615,1.06348357869,3.28889083527,-9.18332162335,75.99999999999996
829,0.345744511196,12.1723326435,-16.9095229631,-26.4211374309,75.99999999999996
830,0.362137779452,5.15265089959,-7.42697349705,-9.50825772578,75.99999999999996
831,2.55699751349,0.451884166022,5.61782536973,-7.46234672772,75.99999999999996
832,0.173750572827,-18.212731632,4.26223366289,44.2694507614,75.99999999999996
833,2.04970271848,3.03720434486,8.71229274324,-7.74978732833,75.99999999999996
834,0.230876746234,0.410531758322,2.61664743275,-10.3336499091,75.99999999999996
835,0.41584874826,11.3819022853,5.45397008121,-7.42191363227,75.99999999999996
836,0.105493738636,106.239342775,130.498045702,26.6609820372,75.99999999999996
837,0.564124961296,1.98348722994,2.54361736841,-6.7803658429,75.99999999999996
838,0.118276929608,-10.3467479172,11.5082622489,-7.78959021169,75.99999999999996
839,0.287911429824,-3.84969611181,1.18914055614,-5.55397826155,75.99999999999996
840,0.243117251434,25.7962119874,-4.84638201455,-70.9004070256,75.99999999999996
841,0.758273480676,0.542247233902,1.79190233246,-5.57636609692,75.99999999999996
842,3.29592942645,1.85978666454,4.04326425135,-6.66517389098,75.99999999999996
843,0.395190137101,4.88272106093,3.7582937529,-10.6228739413,75.99999999999996
844,0.161388738826,2.27111970219,1.21987093496,-8.1177818359,75.99999999999996
845,0.109672439644,-3.90778923041,-2.64972056069,-12.8268899832,75.99999999999996
846,1.23677119094,-5.86972717979,7.81315945075,-14.1865789103,75.99999999999996
847,0.120943787414,-1.82754450775,-1.41786218571,-6.91397253735,75.99999999999996
848,0.636583707284,-50.7483846213,27.8564815814,-19.7842345814,75.99999999999996
849,0.710350793944,3.78225078428,3.32351158269,-8.78532640732,75.99999999999996
850,0.104836228368,25.0683566052,54.7787463615,54.77831984,75.99999999999996
851,2.25760200143,1.99816584873,2.18860425103,-6.79633767078,75.99999999999996
852,0.116255981222,3.70042715226,-0.470644410919,-6.264718521,75.99999999999996
853,0.128822866115,-52.441544791,-205.027378402,37.1588737975,75.99999999999996
854,0.577907404032,5.25012339619,-4.73025313541,-6.43448974452,75.99999999999996
855,0.453563028744,-85.10011886,30.2833787375,20.6045903055,75.99999999999996
856,0.121590152919,8.81977808441,3.58014486728,-14.2782209512,75.99999999999996
857,0.231039224692,6.08905776107,10.8659572351,-4.31907455688,75.99999999999996
858,0.123821276158,4.54009159446,4.722023707,-9.05141131422,75.99999999999996
859,1.16440858557,3.92346166029,6.03301898219,-8.89343722176,75.99999999999996
860,0.217849921777,-0.943757039331,2.42276582446,-9.24682696654,75.99999999999996
861,0.183967159314,4.73633706308,7.40847969574,-31.9759642464,75.99999999999996
862,3.04397863651,0.945112464469,4.78628614785,-7.97536645848,75.99999999999996
863,0.306695774985,-2.73300951997,3.90691821925,0.935068000375,75.99999999999996
864,0.170393994666,-28.3670104349,-1.82871035088,-20.8788519788,75.99999999999996
865,0.112523786968,6.01408394248,3.79000749442,-13.319041536,75.99999999999996
866,0.110829016566,5.10660719024,3.71085325575,-9.66299328288,75.99999999999996
867,0.1776840446,6.88259322296,4.73078995576,-7.45107126421,75.99999999999996
868,0.514952087324,-66.4396314266,38.5985092987,-64.89371663,75.99999999999996
869,0.359763367317,3.34788584192,6.18691068221,-9.86609057494,75.99999999999996
870,0.264801058642,14.0644151805,1.7502338009,-3.12972384468,75.99999999999996
871,0.178884985231,-1.7164836892,4.4049215558,-6.03709367863,75.99999999999996
872,0.480342294056,-21.0427200787,21.8815711629,-43.5847630859,75.99999999999996
873,0.316987083816,1.20770649395,3.59753195516,-9.02180918612,75.99999999999996
874,0.20441987955,4.15484270687,2.78823075684,-8.30321522445,75.99999999999996
875,0.107539523846,2.75960590297,4.14232668033,-6.54418259074,75.99999999999996
876,0.120666845109,5.0336903827,1.16110053234,-6.73787047978,75.99999999999996
877,0.490457669083,7.90083659956,9.60561023856,-7.44122478536,75.99999999999996
878,0.559532860875,-5.23474361238,8.3770181646,-14.5781617127,75.99999999999996
879,0.955506360533,2.88060912925,2.92108433216,-11.461246259,75.99999999999996
880,0.470465614959,-2.78753229158,2.28586999961,-0.335169018305,75.99999999999996
881,0.127113007134,-31.8082209828,-14.0155610045,-19.1363188176,75.99999999999996
882,0.841838005404,2.94065692158,3.54011815244,-3.01032713728,75.99999999999996
883,0.410103009193,7.33591264716,5.52532846897,-9.60181991294,75.99999999999996
884,0.529642923798,1.51630270717,8.57572347698,0.381447546095,75.99999999999996
885,0.277925223963,-2.98093497648,-8.15484527685,-17.1307927532,75.99999999999996
886,0.145477023638,-0.318763827044,4.91091765938,-3.28415812387,75.99999999999996
887,0.280591676574,5.67288329286,4.1677698958,-3.35785548435,75.99999999999996
888,0.112371873912,19.4980058352,9.71921191805,-21.0510804348,75.99999999999996
889,0.10169231446,3.13855837341,7.94310100986,-7.55573246278,75.99999999999996
890,0.109579673521,-0.982133300977,-0.0890407474624,-4.82210433289,75.99999999999996
891,0.106435833343,1.66358934536,3.87648463315,-5.86599621062,75.99999999999996
892,0.529109862267,1.74757685217,2.0295813399,-9.26431668738,75.99999999999996
893,0.153970618912,-12.8455423277,8.77931543307,-15.9748223527,75.99999999999996
894,0.202596872838,24.7603969803,5.67343859421,24.5269382223,75.99999999999996
895,0.124865738022,-11.764839871,6.80055032909,-13.9034737174,75.99999999999996
896,0.649047290322,-0.696552599552,3.75681489574,-9.50954477634,75.99999999999996
897,0.341623443437,0.690339060318,6.2795558584,-6.01575726118,75.99999999999996
898,0.90058528172,13.2254356503,2.14192035924,-11.0950794428,75.99999999999996
899,0.928299247781,-18.8103097971,-5.08718765381,-11.7581885577,75.99999999999996
900,0.261738003904,7.58298286015,6.71342646578,-8.15752454809,75.99999999999996
901,0.156344335521,21.7319864503,12.0173080252,-33.9736722712,75.99999999999996
902,0.354437132248,3.46160631805,5.81006141486,-6.73052185035,75.99999999999996
903,0.421642560812,1.67931741477,1.89981229309,-6.32582580471,75.99999999999996
904,0.151433460807,-12.9674249219,0.850287407275,5.09303962449,75.99999999999996
905,0.132078354276,17.6551469284,13.08681047,-13.5328370018,75.99999999999996
906,0.260842519888,12.1484382612,33.0385738527,-8.55792029288,75.99999999999996
907,0.249611362375,-3.35040411774,10.6544233468,-23.0799538116,75.99999999999996
908,0.232395947059,1.44994748925,5.81271985462,-3.83533160363,75.99999999999996
909,0.668659173994,-42.3982085142,-14.8694377928,46.2017591355,75.99999999999996
910,0.11128958062,4.79057309438,3.23235698313,-5.47307075134,75.99999999999996
911,0.248386723816,3.05754803621,4.08392079776,-5.75091600111,75.99999999999996
912,0.659730096583,-65.1317344284,-34.154496436,20.9702275367,75.99999999999996
913,0.353624771429,4.51235934657,2.96867048137,-5.75433177745,75.99999999999996
914,0.472585700607,4.03171821677,6.12850643204,-1.08356999564,75.99999999999996
915,0.284101940349,4.29448330646,4.83797642211,-4.44797629041,75.99999999999996
916,0.10435831662,5.76320684859,-13.2564917608,-28.0690759048,75.99999999999996
917,1.19659493064,1.4989690391,1.06345372752,-6.38993271199,75.99999999999996
918,0.470969203453,5.28571368102,5.47133840912,-4.97986935996,75.99999999999996
919,0.193118840852,10.7747413741,1.64651351453,-10.1807199754,75.99999999999996
920,0.641139440375,2.25179523973,12.8297803594,-11.2796630734,75.99999999999996
921,0.39136108361,26.7075415944,17.4704081388,-20.5179309351,75.99999999999996
922,0.633347914743,-55.1690851797,-48.4888056877,54.7503914393,75.99999999999996
923,0.230527581157,0.963158173459,0.190371925744,-5.69174633269,75.99999999999996
924,0.163869803577,5.31062657328,0.0244851415871,-11.3432264128,75.99999999999996
925,0.377841915878,2.35766371091,3.89612785129,-6.61840170509,75.99999999999996
926,0.101245692562,-6.42449780171,4.19983357054,-8.92279207165,75.99999999999996
927,0.794996383477,4.33083032423,4.66289764109,-7.4051749673,75.99999999999996
928,1.12565523103,4.66628979805,3.81570494914,-7.54600358003,75.99999999999996
929,0.502493170751,2.45827087364,5.13932355824,-6.02020294575,75.99999999999996
930,1.13113078303,3.68823853811,2.48926996714,-12.1314512287,75.99999999999996
931,0.801057647641,4.32798263054,-0.0397773595114,-8.93717948781,75.99999999999996
932,0.352131132591,0.840024940722,2.45926408997,-8.22815244444,75.99999999999996
933,0.416767363829,5.02736230058,1.12054193789,-8.78306866833,75.99999999999996
934,0.167963572381,-0.539733128841,3.40921491094,-10.4004076437,75.99999999999996
935,0.152233319195,3.70555902754,3.95036981036,-4.98247390746,75.99999999999996
936,0.255483865578,2.52309220937,4.1085474788,-11.8326686467,75.99999999999996
937,0.576363927707,0.927351325097,2.8018595951,-12.2102484122,75.99999999999996
938,0.575933600797,19.274831099,3.63945817639,-14.6661705933,75.99999999999996
939,0.228164577316,79.1367131312,39.2890041572,28.4089521821,75.99999999999996
940,0.324367559319,16.550116254,7.85370777944,-10.7541510534,75.99999999999996
941,0.635123302875,-1.49566101517,6.36835691829,-3.59786170003,75.99999999999996
942,1.36518041347,-2.13298519637,4.56346313115,-7.20977679338,75.99999999999996
943,0.112841660226,2.64451024747,4.50968632795,-9.72657239553,75.99999999999996
944,1.26882763383,-70.4860802358,11.9836011788,39.4652666983,75.99999999999996
945,0.75611955203,3.53345665154,5.38222245875,-14.520879263,75.99999999999996
946,0.137837728006,1.11462080911,3.36208093454,-19.9555030291,75.99999999999996
947,0.312559956862,-2.0580632511,2.77442123254,-13.4907534645,75.99999999999996
948,0.323202252026,-15.7070190632,22.0988299364,12.6548425525,75.99999999999996
949,0.837037504365,-1.47410244116,0.123357399763,-7.68340287517,75.99999999999996
950,0.774222543813,-5.55896771397,-38.543461824,5.79879870926,75.99999999999996
951,0.723001049876,31.4540809643,0.79229927745,-13.2330596848,75.99999999999996
952,0.435366064365,0.853224958463,-4.37144793335,10.9590390232,75.99999999999996
953,0.496536330885,1.43714952708,3.24907347448,-8.66633901986,75.99999999999996
954,0.479948403743,22.9016177737,8.13970779765,-9.49605294785,75.99999999999996
955,0.152259639601,6.90235073291,3.14615486969,-14.5356990355,75.99999999999996
956,0.269925700806,-0.843528576312,3.73279441123,-13.4828819943,75.99999999999996
957,0.168334621443,3.67234988021,1.39467660108,-10.0387080062,75.99999999999996
958,0.17411723668,0.999221588234,6.57910157175,-10.4655127933,75.99999999999996
959,0.118891866818,-3.84496862919,-24.5460076968,-16.9237522235,75.99999999999996
960,0.161634589327,-16.8019589908,8.70669450138,-7.38794804797,75.99999999999996
961,0.159237296724,1.73561754934,3.17707347318,-8.82788315105,75.99999999999996
962,0.227045843012,3.43040212582,2.53939405118,-4.08609301059,75.99999999999996
963,0.153340023536,8.90257495494,-0.490465963158,-5.04138072045,75.99999999999996
964,0.145900991163,2.36794173733,3.40777149172,-8.72127978731,75.99999999999996
965,0.213692063154,3.190581556,-1.16234965012,-10.2955299826,75.99999999999996
966,0.130459198523,3.31934539455,-5.58552298314,-6.95601467368,75.99999999999996
967,0.498784386472,-1.64624100678,4.11704906664,-10.9823503443,75.99999999999996
968,0.154239960989,5.13064971037,2.14912529439,-5.09797258397,75.99999999999996
969,0.176523659609,7.15888469288,2.8396519945,-6.39483930614,75.99999999999996
970,0.111268385366,7.26461835606,6.20007397944,-11.0736335415,75.99999999999996
971,0.234951953449,-5.26063459279,9.20907812747,-9.98226359213,75.99999999999996
972,0.239111624761,2.32505047539,2.28714752271,-9.01673351401,75.99999999999996
973,0.157947989417,7.21105349205,3.03239513737,-9.3641785012,75.99999999999996
974,0.226793830695,12.8815076905,9.41308663828,-6.73070812821,75.99999999999996
975,0.102251837179,-4.19532555708,37.5094106636,-40.7893724132,75.99999999999996
976,0.244099737082,72.3481764846,17.7366985327,-48.9790125688,75.99999999999996
977,0.368621577301,-3.15631019225,9.4952130666,-16.1346093433,75.99999999999996
978,0.41930757504,-3.81483471303,5.65180582792,1.20999855585,75.99999999999996
979,1.15577902087,0.230815241569,-6.20730114634,-17.4199783366,75.99999999999996
980,0.828876463398,1.31879232611,5.49962190802,-9.8045416634,75.99999999999996
981,0.348209733158,15.3047924436,8.83364253142,-14.7439196678,75.99999999999996
982,0.315339479588,6.91742255994,5.7082062234,-7.7930681584,75.99999999999996
983,0.115747839271,-1.5500496476,1.46151090625,-8.94783500981,75.99999999999996
984,0.741069501117,5.97091340521,4.71637083553,-10.2569593104,75.99999999999996
985,0.102104047235,4.36705050366,3.81523827922,-10.4057231256,75.99999999999996
986,1.48438451349,3.77376888752,2.85192631282,-1.19087914783,75.99999999999996
987,0.372080864674,17.2150149569,-0.987933748785,-10.2500821578,75.99999999999996
988,0.161768302611,3.35070616367,2.57156985022,-10.452494952,75.99999999999996
989,0.263755441869,2.18908670193,1.35295237196,-11.7046733153,75.99999999999996
990,0.418984309472,4.12150701105,1.1221233175,-10.000407581,75.99999999999996
991,0.195358746568,5.41432145168,-0.251097427403,-9.87801506838,75.99999999999996
992,0.181140111481,-5.31054455619,3.61074075852,-2.09192075029,75.99999999999996
993,0.644144154576,6.3599277301,6.63730725804,-7.12255178505,75.99999999999996
994,0.426982126315,3.3191157215,3.65203110537,-9.51548850088,75.99999999999996
