Star_ID,Mass (MSun),X (pc),Y (pc),Z (pc),Simulation Time (Myr)
0,0.12923980707,1.01645568052,1.02661026318,0.456356644523,0.7999999999999999
1,0.413782741526,1.31094414856,-1.37422015892,0.500175609388,0.7999999999999999
2,0.414854596143,0.464661615698,-0.746458085295,-1.43935904284,0.7999999999999999
3,0.211553416858,-0.139556206497,-0.277331800139,0.0863575213455,0.7999999999999999
4,0.123559236319,0.256085913584,0.114025123286,-0.117103534845,0.7999999999999999
5,0.111613827082,-0.255694027607,-0.74325609303,-0.428783588938,0.7999999999999999
6,0.628711164674,-0.665971445811,-0.0910567161347,-0.183521329662,0.7999999999999999
7,0.21248096621,0.0658939987287,0.193707600996,-0.586475281159,0.7999999999999999
8,0.263597421053,-0.538110448278,-0.627313618908,-0.377097963272,0.7999999999999999
9,0.276022864975,0.26403372634,-1.65086280469,-0.911069985645,0.7999999999999999
10,0.468933209027,0.173219612013,-0.356605449718,-0.711708938571,0.7999999999999999
11,0.237916956882,0.662024707049,-0.247738837438,0.402928599837,0.7999999999999999
12,0.104001185875,0.05213899824,0.0853158072025,-0.236419007744,0.7999999999999999
13,0.354418158068,0.90444308549,-0.808485015813,-0.430831420752,0.7999999999999999
14,0.333380540794,-0.00835247697044,0.409459615578,0.341029839095,0.7999999999999999
15,0.120739900541,-0.354202784333,-0.603101579924,-0.045112338594,0.7999999999999999
16,0.483333001325,-0.131599016518,0.830424216416,-0.647500331572,0.7999999999999999
17,0.448884185191,0.634828023733,0.66495077359,-0.955301665102,0.7999999999999999
18,0.212154589388,-0.906112710798,0.373601569813,0.681374438853,0.7999999999999999
19,0.124426137196,-0.65370885369,-0.769766591987,0.279191333584,0.7999999999999999
20,0.26931055424,-0.0379463556269,0.729943467746,0.175992172912,0.7999999999999999
21,0.80514204184,-1.24093419575,0.550769786729,-0.615574619379,0.7999999999999999
22,0.146701884679,0.380383932192,-1.11563172732,-0.890161297171,0.7999999999999999
23,0.39059145271,1.26294199543,-1.5333055742,0.278572898378,0.7999999999999999
24,0.130390774674,0.0731559994267,-0.193059380796,-0.0328833867002,0.7999999999999999
25,0.119365369746,0.586791784707,-0.409942677147,-0.880403409426,0.7999999999999999
26,1.16169583266,0.758250178985,-0.329666347042,-1.59485884891,0.7999999999999999
27,0.230569824816,-0.0126941086269,-0.845224073825,-0.714893554827,0.7999999999999999
28,0.193389837541,1.02723179551,-0.459700517061,-0.947965101355,0.7999999999999999
29,0.142706393987,-1.57983041452,-0.754743151812,0.771205067601,0.7999999999999999
30,0.492598538149,-2.23333926691,-0.273168398378,-0.154920633365,0.7999999999999999
31,0.435895848863,-0.0943252295705,-0.842672438629,0.257602627543,0.7999999999999999
32,0.111398277402,-1.2842962166,1.61882393973,-0.254629254477,0.7999999999999999
33,0.585797719145,-0.0875556459549,0.285319152982,-0.227699061068,0.7999999999999999
34,0.128274658698,0.447328685711,-0.890200599969,-0.516927121204,0.7999999999999999
35,0.718878577769,0.306589087457,-1.22880159438,0.977483644287,0.7999999999999999
36,0.252387279137,-0.242983825829,-0.260453208493,-0.0448670760516,0.7999999999999999
37,0.169995316913,-0.107178616461,0.182144602325,-1.47687897095,0.7999999999999999
38,0.170566726389,0.414347652608,0.138696596739,0.201089703416,0.7999999999999999
39,0.470947980616,0.190352551889,-0.0525287649328,-0.796377353119,0.7999999999999999
40,0.790010230509,1.40304519375,1.12228092586,-0.332344803617,0.7999999999999999
41,0.246940613927,-1.18272297789,0.592366923902,-0.89742747455,0.7999999999999999
42,3.40123334223,0.361117965613,-0.121967874299,-0.0145431198515,0.7999999999999999
43,0.620421670337,0.084933029634,-0.0139562413428,-0.0518951162885,0.7999999999999999
44,0.607449995392,1.06941173422,-0.627822655313,0.129788981355,0.7999999999999999
45,0.15861953212,-0.697866380317,-0.190219097395,1.31912479136,0.7999999999999999
46,0.267744275112,-0.917870821643,-0.790188230598,-0.911934517922,0.7999999999999999
47,0.370471453757,0.465603829197,-0.883560407238,-0.197788631006,0.7999999999999999
48,0.69407353042,0.18298723667,0.711006518124,-0.873594220417,0.7999999999999999
49,0.396335512534,-0.0233879881241,-0.378919758579,-0.0238090192983,0.7999999999999999
50,0.151257309084,-1.12435492398,-0.512858413809,0.135125295802,0.7999999999999999
51,0.103203784911,-0.56833492316,0.445603741351,0.393402380657,0.7999999999999999
52,0.193778745607,-0.504844656525,-0.0976198620695,0.72929586568,0.7999999999999999
53,0.123928017792,0.581192211792,-0.203721382562,0.118960879231,0.7999999999999999
54,0.495690805858,0.40430045453,0.00591969245313,0.0892081898617,0.7999999999999999
55,1.26064467617,0.590351850069,-1.37428932556,-1.04530857598,0.7999999999999999
56,1.57578977893,-0.334042185594,0.43142442625,-0.362806618225,0.7999999999999999
57,0.387429830044,-0.0828053349824,-1.36429651404,0.141391380666,0.7999999999999999
58,0.199615183784,1.16548059212,-0.450835012996,-0.0392022861883,0.7999999999999999
59,0.118928932585,0.0141849043543,-0.345093924999,-0.576689391419,0.7999999999999999
60,0.201449070069,-1.36479894945,0.311195859396,-0.0997625321401,0.7999999999999999
61,0.28312369066,0.559567659427,0.642990135907,0.150768605532,0.7999999999999999
62,0.234834705,-1.20464572338,-0.680425845172,0.0238387548858,0.7999999999999999
63,0.621422367334,-0.281657106778,0.862394971329,-0.33362063798,0.7999999999999999
64,0.101282148641,1.6573627233,-0.679468180741,-1.27041173767,0.7999999999999999
65,9.90849369833,-0.195762740537,1.88896564438,-0.942193647889,0.7999999999999999
66,0.110337287064,-0.199816470805,0.0434059746343,-0.67570966128,0.7999999999999999
67,0.127277317661,0.280697955463,0.54120515926,-1.54441639976,0.7999999999999999
68,0.114873610358,1.04729836326,-1.32953569217,-0.441575996373,0.7999999999999999
69,0.237178939057,0.421009998704,-0.154672436732,-0.481793821152,0.7999999999999999
70,0.11147712292,-0.804166721626,0.0146781268935,-0.362776400508,0.7999999999999999
71,0.226437665824,0.555251621581,-1.0360735711,-0.728880594243,0.7999999999999999
72,0.492649157577,-0.685673479798,-0.578719769544,-0.660459943634,0.7999999999999999
73,0.228827446103,0.124750880899,0.824293722073,0.526044661216,0.7999999999999999
74,0.235858867317,-0.374823772747,0.420522487816,1.01930956842,0.7999999999999999
75,0.125085651434,-0.93892128183,-0.184329055959,0.905252646882,0.7999999999999999
76,0.611056040702,-0.101810964338,-1.07075609874,0.255074585474,0.7999999999999999
77,0.194781548491,1.05674093075,0.254771570302,-1.10947779391,0.7999999999999999
78,10.4444195078,-0.348624809065,-0.563063299152,0.483335463941,0.7999999999999999
79,0.164996857651,1.48932505574,0.480961639925,-0.096868021759,0.7999999999999999
80,0.351601562299,-0.493927435506,-0.210181522002,1.12816397518,0.7999999999999999
81,0.113215238069,-1.62621068142,0.597810448259,0.472621266895,0.7999999999999999
82,0.267849032143,0.111297228212,-0.554850850611,-0.454772587668,0.7999999999999999
83,0.105382405053,0.31470876285,-0.160244650977,0.589351565876,0.7999999999999999
84,0.824883326499,-0.66716587558,0.220250804119,0.0801349411605,0.7999999999999999
85,0.182682783865,-0.785551977602,0.24031944519,-0.0573762762506,0.7999999999999999
86,0.24300632041,-0.077744913985,-0.488591792168,-1.18101217686,0.7999999999999999
87,0.555897151981,0.987753154469,-0.353891268026,-0.591081737022,0.7999999999999999
88,0.108775631279,0.352014512222,-0.0112308715828,-0.632932860338,0.7999999999999999
89,0.518544665534,0.155255051857,-0.0159829732116,0.2724359315,0.7999999999999999
90,0.134030800639,0.682347228592,1.20691091511,-1.10917677747,0.7999999999999999
91,0.127871060566,1.08440608479,-1.33866106679,-0.389412850324,0.7999999999999999
92,0.167310310028,0.702059293891,0.0591061084171,-0.884816064731,0.7999999999999999
93,0.216834670299,-0.200999305346,-0.0759898927102,-0.900874910599,0.7999999999999999
94,0.436691907984,-0.549843085239,-0.904363987754,-0.910423360048,0.7999999999999999
95,0.599392672104,0.73171551379,-0.710473194262,-1.12688399206,0.7999999999999999
96,0.199627718414,-0.146089359432,-0.0336612767055,-0.118321783702,0.7999999999999999
97,0.180335151962,-0.405734810902,-0.973476069552,-0.832172508383,0.7999999999999999
98,0.614858608515,0.948785460072,-0.836488212964,0.047599845097,0.7999999999999999
99,0.135025898084,0.0301643341588,0.132428831369,-0.897238991473,0.7999999999999999
100,0.126245248002,-0.158654790073,-0.722750711109,0.599186862061,0.7999999999999999
101,0.628596357528,0.085606622954,1.06679132536,-0.0609495158543,0.7999999999999999
102,0.435254347144,0.0316587207347,0.369495726933,0.227014184742,0.7999999999999999
103,0.20484964981,-0.231751241354,0.130108060626,0.22089449009,0.7999999999999999
104,0.380733687252,-1.1371582461,-0.852420370011,0.803431148927,0.7999999999999999
105,2.19363774291,1.73972220721,0.582093788767,-0.730333912303,0.7999999999999999
106,0.328689123851,-0.84554969343,-0.250411616603,-0.434652379477,0.7999999999999999
107,1.37347937807,0.245125715441,0.0249986592397,0.870223263877,0.7999999999999999
108,0.321748963558,0.152181496916,0.659921708162,-0.238817953525,0.7999999999999999
109,0.190141978995,-0.664342387985,-0.610686862389,-0.713655456205,0.7999999999999999
110,0.119328406061,1.03078956217,0.187611204539,-0.506669858921,0.7999999999999999
111,0.168280149013,-1.91333622332,1.30876537899,-0.504914662406,0.7999999999999999
112,0.476952889114,-0.578719255292,0.227600603248,-0.988798412126,0.7999999999999999
113,0.177682517437,0.383529643938,0.836130674306,-0.341405449341,0.7999999999999999
114,0.808894299836,-1.39558894824,0.329634424526,1.13884284233,0.7999999999999999
115,0.128476695646,0.240892003294,0.813619759019,0.242938672892,0.7999999999999999
116,0.481070526715,0.957913765451,-0.485032488698,0.267859248335,0.7999999999999999
117,0.284624699278,-1.06021725308,-0.257080783078,-0.697998491912,0.7999999999999999
118,0.197922125131,-0.0639337431864,0.687596715187,-0.410059361273,0.7999999999999999
119,0.16843755538,0.394401382941,1.02378330451,-0.0103097829956,0.7999999999999999
120,0.9201326878,0.546687303188,-0.229515208267,1.61956113725,0.7999999999999999
121,0.287225373246,0.262684486162,-0.0353593088174,1.26423081518,0.7999999999999999
122,0.110924812658,0.111882764786,0.324935822209,0.219653054521,0.7999999999999999
123,0.397942301586,0.540740412906,-0.1002814577,0.0791351357092,0.7999999999999999
124,0.434312869822,0.197869525961,-0.105883797664,0.554654764777,0.7999999999999999
125,2.05346094533,-0.0871512315078,-1.38765700377,0.320531391136,0.7999999999999999
126,0.11158984743,-0.275412892439,-0.947294806659,0.579709938461,0.7999999999999999
127,0.207267177943,1.17703435993,0.242364383691,-0.677644756594,0.7999999999999999
128,0.229902105325,0.349442141719,1.83212923572,0.981947438015,0.7999999999999999
129,0.181158435382,-0.103792116394,0.57928701238,-0.263539901013,0.7999999999999999
130,0.184841549554,1.69452319432,0.632593546482,-1.07455637322,0.7999999999999999
131,0.393165486395,0.644166057492,0.0293848144696,-0.999855938301,0.7999999999999999
132,0.453349848962,-0.583550154134,-0.920214701999,-0.558044849119,0.7999999999999999
133,0.305577408603,0.0504138025216,0.502844162586,-1.28761813117,0.7999999999999999
134,0.9353933083,0.00110632763505,0.226429237228,0.359548478955,0.7999999999999999
135,74.4932023157,0.892321737536,-0.545525195856,-1.08558462737,0.7999999999999999
136,0.692022082648,0.743886280535,-1.28123229097,-0.219998515286,0.7999999999999999
137,0.366597927605,0.761274183314,-0.784947803547,0.0593748057582,0.7999999999999999
138,0.18647409083,0.463452555857,1.20802191097,-1.14075205163,0.7999999999999999
139,0.11420616113,0.0442842228521,-0.0497064993131,0.396680562048,0.7999999999999999
140,0.215397819369,0.565971124252,-1.35120507779,-0.650965269817,0.7999999999999999
141,0.460877747604,0.460985417796,0.0859923356813,-0.257960743388,0.7999999999999999
142,0.227605249623,0.935535611463,0.601594069928,0.399884000777,0.7999999999999999
143,0.159018365339,-0.646963946848,-1.41306413891,0.626748986702,0.7999999999999999
144,0.135818445294,0.800443924703,0.194341371778,1.07392399409,0.7999999999999999
145,0.310173533349,1.20080615536,-0.393310795256,0.0718037408554,0.7999999999999999
146,0.334146341351,-0.222807935258,0.376236419387,-0.516514001658,0.7999999999999999
147,0.324561032155,-0.113916657464,-0.396501530736,0.923452164796,0.7999999999999999
148,0.154172307564,-0.935264515326,0.702014185335,0.944340365112,0.7999999999999999
149,0.320398246699,0.0594568341894,-1.52821242511,-0.437886708747,0.7999999999999999
150,1.85706650163,1.67431930477,-0.0904959041491,1.23562523096,0.7999999999999999
151,0.100382576087,-0.148816371532,1.24603991496,0.66135369351,0.7999999999999999
152,0.154773476611,-0.0231017182793,-0.408657771332,0.0223262197745,0.7999999999999999
153,0.32705345586,1.81068705106,0.924368823211,-0.702111713924,0.7999999999999999
154,0.655095462506,0.0556898604009,0.256401862262,0.162189608152,0.7999999999999999
155,2.99171941532,-0.631620717321,0.776462059866,0.14570010009,0.7999999999999999
156,0.167825023933,-0.601150198202,-0.46848647288,-0.598679885326,0.7999999999999999
157,0.211777211444,0.402058173649,-0.319230378973,-0.150971593465,0.7999999999999999
158,0.284279901933,0.100029380734,0.665558439637,-0.00913051417033,0.7999999999999999
159,0.391200454407,-1.27467205863,0.249763088598,0.84579599043,0.7999999999999999
160,0.1338723608,0.0237577148324,-0.228874326093,-0.729261650124,0.7999999999999999
161,1.11812956257,1.00696835513,-0.0512437141736,-0.00223054025701,0.7999999999999999
162,0.225787057216,0.397322217148,-0.873553001074,0.671144863083,0.7999999999999999
163,0.923473964839,-0.023483402503,-1.87054915357,-0.443671461657,0.7999999999999999
164,0.912991049426,0.46327448456,-0.663866645921,1.69282969402,0.7999999999999999
165,0.283181041099,-0.235017974169,-1.19856451281,-0.306549451817,0.7999999999999999
166,0.296869960004,0.662200978874,-0.0185254419954,-0.185188098909,0.7999999999999999
167,0.343209755495,-0.130406261075,-0.217643154295,0.199320542724,0.7999999999999999
168,0.100077379957,-0.756279470727,-0.323035344345,-0.64868316946,0.7999999999999999
169,0.816131582019,0.662320992126,-0.28440696258,-0.432675010647,0.7999999999999999
170,0.476883632381,-0.0562878046148,-1.29411168932,-0.563099651652,0.7999999999999999
171,0.27649351668,-0.443085629489,0.968317867437,-0.0174225720454,0.7999999999999999
172,2.23694158719,0.969288252821,0.0193966223015,-0.561322366947,0.7999999999999999
173,0.614103969267,0.469064551825,0.597496978355,-0.45036279204,0.7999999999999999
174,0.521137041535,1.04933350809,1.27532798111,-0.0162993567708,0.7999999999999999
175,0.128982673195,-0.524912315626,-0.189505626496,-0.634678385247,0.7999999999999999
176,0.170855458479,-0.56142027288,0.0300769543178,0.140547553835,0.7999999999999999
177,0.115180118054,-0.96401295184,0.806841499694,-0.358133923977,0.7999999999999999
178,0.383849372127,-0.342646445562,-0.279423452672,-0.732173248434,0.7999999999999999
179,0.375308477402,1.1606391076,0.495398582199,0.67853680388,0.7999999999999999
180,0.170056627102,-0.213342111387,-1.10734234857,1.06157191178,0.7999999999999999
181,1.45079231457,-1.64374268443,-0.618738995688,0.538308054132,0.7999999999999999
182,0.217868410962,0.853291350759,0.141578933613,0.123695434626,0.7999999999999999
183,0.408279673474,-0.393392989886,-0.127407209008,0.283934908631,0.7999999999999999
184,0.202617350997,-0.628391320904,1.13387047382,-0.447749459124,0.7999999999999999
185,0.199322464554,0.25327088846,-0.702584525842,-0.437359108879,0.7999999999999999
186,0.934827812484,0.489358792229,0.994288875605,0.308344792808,0.7999999999999999
187,0.358417594093,0.564431418584,-0.555745857835,-0.207592557858,0.7999999999999999
188,0.124191068639,0.246884459065,0.0961425842162,-0.234968159983,0.7999999999999999
189,0.1171093173,0.238825491541,-0.701588093493,0.112683012069,0.7999999999999999
190,0.336844587745,0.627110105344,-1.00482641833,-0.722573142612,0.7999999999999999
191,0.356557917553,-0.62743277338,0.563235495826,0.692495389134,0.7999999999999999
192,0.632944938546,0.731791682324,-1.37551741817,-0.894861641727,0.7999999999999999
193,0.27091051929,-0.164506772089,-0.0903730586832,0.587325067274,0.7999999999999999
194,0.96894853111,-1.97870170932,-0.858737922265,0.590644592346,0.7999999999999999
195,0.765543640402,-0.587757490579,-0.109318696834,0.364686579298,0.7999999999999999
196,0.117018012463,0.0257926706006,1.83430683145,-0.930547924679,0.7999999999999999
197,0.11869452601,0.304454948447,-0.58885503946,-0.380805942748,0.7999999999999999
198,0.137965338948,-0.303598113284,-0.1109842286,1.09981948666,0.7999999999999999
199,2.3002808356,-1.55805832885,0.147466901639,-1.24264048543,0.7999999999999999
200,0.632976599737,-0.60431144314,0.104955749893,-1.00311978977,0.7999999999999999
201,2.85377748293,0.28414358849,0.233647511159,-0.378894275175,0.7999999999999999
202,0.365754297353,0.326581945842,-0.663974076036,0.0973640228431,0.7999999999999999
203,0.135411445691,-0.131489496808,-0.264014610387,-0.5819792631,0.7999999999999999
204,0.170780545065,0.109450324347,0.114307670845,0.326520946694,0.7999999999999999
205,0.151754611613,-0.0933944540956,1.09050895115,0.853714130361,0.7999999999999999
206,0.157531597234,-0.0796412785544,-1.63965291509,0.898074302144,0.7999999999999999
207,0.240964382221,1.67566064797,-0.247357994086,-1.27633922037,0.7999999999999999
208,2.85845916502,1.33469867685,-0.271530806386,-1.06542678321,0.7999999999999999
209,1.70851524453,-0.0759462225107,0.159980138351,-1.55596717175,0.7999999999999999
210,0.221770423932,-0.343468884927,0.18067830567,0.189757002984,0.7999999999999999
211,0.833119338326,-0.0534336848221,-0.0305109319952,-0.321450061475,0.7999999999999999
212,0.299644848746,-0.485244355022,-2.37350675379,0.40365347551,0.7999999999999999
213,0.115880553401,-0.0660110717405,0.344918539901,0.150222035821,0.7999999999999999
214,0.346676591598,-0.439500794124,-0.117016244513,0.567242243492,0.7999999999999999
215,0.229446623793,-0.203427547502,-1.70022449312,1.2828065391,0.7999999999999999
216,0.214005584707,0.560002407429,-0.264159627927,0.168491169265,0.7999999999999999
217,1.22590795638,-1.06896915849,-0.509376576936,-0.157719384767,0.7999999999999999
218,0.228646769405,0.367961446024,-0.3898896827,-0.53576380996,0.7999999999999999
219,0.302414695949,-0.026791749711,-0.504224924653,1.12296146839,0.7999999999999999
220,0.147917997205,-0.401633123078,-0.407352748821,0.556412467305,0.7999999999999999
221,0.164153210413,0.291445144498,0.689251394421,0.673995136486,0.7999999999999999
222,0.113507088996,-0.52030366345,0.83704819237,0.0825384381267,0.7999999999999999
223,0.146665680333,1.21572392223,-0.225855224725,-0.929504931708,0.7999999999999999
224,0.814846017947,-0.683730219789,-0.139851125333,-1.47738733355,0.7999999999999999
225,0.218194940644,-0.644623871446,-0.530582641696,-0.863827579049,0.7999999999999999
226,0.124735707402,-0.606697350473,0.181205640572,0.535673030199,0.7999999999999999
227,0.113817154517,-0.967703887999,-0.523206197853,0.908749657785,0.7999999999999999
228,0.308971365463,-1.57583440274,-0.451803793655,0.330877367309,0.7999999999999999
229,0.144634523787,0.357172875207,-0.461937774487,-0.287865704968,0.7999999999999999
230,0.719505328049,-0.731460034594,-1.82665431641,-0.0672822099812,0.7999999999999999
231,0.268190907064,-0.614093573761,0.681187948658,0.589995959735,0.7999999999999999
232,2.04527879195,0.074020598376,0.0895005390728,-0.481560188842,0.7999999999999999
233,0.135507163636,0.509973122762,1.4476476616,0.271582478193,0.7999999999999999
234,0.131443117527,-0.493709553363,-1.09659327045,-0.316480959391,0.7999999999999999
235,0.308878652258,-0.897915806819,-0.368516973386,-2.29181000989,0.7999999999999999
236,5.8898441778,1.0361022432,0.286855758547,-1.30978528875,0.7999999999999999
237,0.172266060745,0.152737985871,0.261600753336,0.510229644154,0.7999999999999999
238,0.253581040598,-1.36869846858,-0.540699048754,0.57533370855,0.7999999999999999
239,4.67327263412,-0.35824604148,-0.948287444484,-1.04946968362,0.7999999999999999
240,0.635518266965,0.761981371384,-0.558064293031,-0.8127394458,0.7999999999999999
241,3.07522001891,0.0253246869752,-0.39599177897,0.487599713366,0.7999999999999999
242,0.352358888369,-1.07173498798,-0.760831077674,0.276895380474,0.7999999999999999
243,0.186432970113,0.0354275608144,0.466366692158,-0.896809033783,0.7999999999999999
244,0.223748559553,-0.836129584132,-0.247634764024,0.575090774023,0.7999999999999999
245,0.113809333617,-1.11983305031,-0.691419705204,0.0678922358678,0.7999999999999999
246,0.617041563099,-0.76527412515,-0.287793162525,-1.53836278084,0.7999999999999999
247,0.403413097198,-0.142222467933,-0.850891763976,0.590410184053,0.7999999999999999
248,0.138437348012,0.947857137656,0.604455879514,-0.8293133122,0.7999999999999999
249,0.299360494311,-0.81747140239,1.25336221911,0.150046170936,0.7999999999999999
250,0.121667840443,-0.141772588433,0.179494123749,-0.620583286295,0.7999999999999999
251,0.387844556867,-0.675148602887,0.178838560608,-0.192074973352,0.7999999999999999
252,0.107092046289,0.104396210833,-0.224812436413,0.0364254385418,0.7999999999999999
253,0.107681835484,2.0960877824,0.339235338694,0.529517301597,0.7999999999999999
254,0.275219866077,-0.268996673215,0.418812598552,-0.267824106457,0.7999999999999999
255,0.115295897989,-0.955527441254,-0.814284433549,-1.12886042419,0.7999999999999999
256,0.165606904123,-0.26499042929,0.820604719061,-0.113266147795,0.7999999999999999
257,0.488270660734,-0.287484960339,-0.0684061932621,0.00389929883935,0.7999999999999999
258,0.24766440399,1.54343015637,-0.732941222315,-0.015217658505,0.7999999999999999
259,0.139058717486,-0.295995999517,0.457720126204,-0.284860810479,0.7999999999999999
260,1.03249414056,-0.67692598873,0.267333038908,0.255332621604,0.7999999999999999
261,0.103537429436,-0.104318600816,0.311195687272,-0.0946383266793,0.7999999999999999
262,0.353673110076,1.20433190162,0.960400076335,0.164879474235,0.7999999999999999
263,0.195384640285,1.42066093173,0.00589422507104,0.202878523496,0.7999999999999999
264,0.399446408766,0.839625622946,-0.434176165076,1.39632257797,0.7999999999999999
265,1.08102671991,-0.451829264607,1.20511615407,0.124489390865,0.7999999999999999
266,0.262154410129,-0.717256754095,0.879685528094,-1.08371670386,0.7999999999999999
267,0.187234898801,-0.818616277233,0.310053004745,-0.315919068405,0.7999999999999999
268,0.770594945449,-0.262080354893,0.61167860793,1.65203962161,0.7999999999999999
269,0.190997959978,-0.00581471131234,0.268100465832,0.0976567849994,0.7999999999999999
270,0.317829402649,0.391544160099,-0.57322958708,0.315130640893,0.7999999999999999
271,0.16963991512,-0.873649036495,-0.101809572207,-0.458070405661,0.7999999999999999
272,0.123421158008,-1.57393564036,-0.356062708922,0.861195231664,0.7999999999999999
273,0.12671399418,0.226292507515,-1.26117178009,0.177707727014,0.7999999999999999
274,0.253255360887,0.552543808063,-0.610597601585,0.205478473703,0.7999999999999999
275,0.108030080994,0.165860813126,-0.953555815837,-0.475235966687,0.7999999999999999
276,2.47632460574,0.901694354256,-0.918276623081,-0.289165621095,0.7999999999999999
277,2.22310828388,-0.0806889577313,0.535627223671,0.19463495235,0.7999999999999999
278,0.342521189475,-0.852468170508,-0.333339534703,0.248565284506,0.7999999999999999
279,0.171403728993,-0.488979167423,0.60344624578,-0.0298355974308,0.7999999999999999
280,0.101558238276,-0.466405109021,-0.529748172636,0.313036139078,0.7999999999999999
281,0.370030755305,0.694556786231,-1.29409851171,-0.492424340583,0.7999999999999999
282,0.370098866927,-0.674245755641,0.366999086774,-0.569946447384,0.7999999999999999
283,0.591353735599,-0.377198077037,0.455419169269,0.0351157961316,0.7999999999999999
284,0.31086875948,-0.39454440852,-0.5849314613,-0.462182467784,0.7999999999999999
285,0.180293829788,0.927066058185,0.0989111245568,-0.737116195957,0.7999999999999999
286,0.329309690982,0.687202638164,-0.731673264147,1.00978596867,0.7999999999999999
287,1.57644543455,-1.46215123943,-0.712478870366,0.126498534057,0.7999999999999999
288,0.407307501505,-0.188098124596,-0.262587970829,0.223246494015,0.7999999999999999
289,0.523135088271,0.715876426395,0.58053604462,0.895203391166,0.7999999999999999
290,0.222373719496,0.740765365979,-0.489527704435,-1.04020381073,0.7999999999999999
291,0.199810451242,0.736158268435,0.668936179653,-0.340167932619,0.7999999999999999
292,0.624883045158,0.463495219558,-0.187874566849,0.209733073335,0.7999999999999999
293,0.210843950353,0.13867090116,0.226619363341,0.902450704051,0.7999999999999999
294,0.514749061549,-0.896658878838,-1.58846523281,0.382022799153,0.7999999999999999
295,1.13237841729,-0.0809063069637,-0.40407509722,0.817048323112,0.7999999999999999
296,0.172540889929,-0.396562121989,-0.656042654195,1.60006936014,0.7999999999999999
297,0.735602390059,-0.464654157798,-0.784912739862,-0.25534279162,0.7999999999999999
298,0.23692238419,1.14007288526,1.48930471546,0.909702011737,0.7999999999999999
299,0.202664707099,-0.19746049077,0.125984889193,0.42846988411,0.7999999999999999
300,0.161811699847,0.271653365556,1.36129702,-0.353990194127,0.7999999999999999
301,0.149896420645,0.771189524047,0.664986825229,0.212696699239,0.7999999999999999
302,0.213511456122,-0.428904807229,-0.343332855816,1.12656289414,0.7999999999999999
303,0.137541405378,-0.150056227352,0.191977059892,0.0537364817096,0.7999999999999999
304,0.19699111631,0.591567629035,0.557765016869,-1.16748943527,0.7999999999999999
305,1.85715326396,0.936196396093,0.44200276724,-0.217253561213,0.7999999999999999
306,0.159306263113,-0.276211698591,-0.113338147208,-0.593125694823,0.7999999999999999
307,0.28886000299,-0.586615972069,1.37188955621,0.299343454483,0.7999999999999999
308,0.327104154292,-1.13763075455,0.651299498418,0.827440172199,0.7999999999999999
309,0.142879900731,1.25149420755,0.133425179515,-0.467166386317,0.7999999999999999
310,0.635247688581,-0.256585713021,-0.140894803308,-0.655624225747,0.7999999999999999
311,0.109717392724,0.371045334544,1.09075525546,-0.164701147327,0.7999999999999999
312,0.333165864017,0.225339275073,0.289232602688,-0.633325894138,0.7999999999999999
313,0.167133808998,0.496860336114,-0.593703366334,0.997613366653,0.7999999999999999
314,0.717544329335,-1.05112878222,-0.26528439976,0.749284264339,0.7999999999999999
315,0.736681222002,-0.997500034989,-1.13713124151,1.10092076772,0.7999999999999999
316,0.148778120751,0.603901389255,-2.331274428,-1.25697480937,0.7999999999999999
317,0.113251518837,-1.13577062299,1.20999473596,0.911724758851,0.7999999999999999
318,0.413288094574,-0.870459890196,-0.885594921807,1.82046374812,0.7999999999999999
319,0.546411726403,-0.474239960171,0.145198422835,0.757671283343,0.7999999999999999
320,0.671949912962,0.483787635413,0.581146053569,-0.58723585684,0.7999999999999999
321,0.159157991416,0.290879636572,-0.257663661247,-1.49154753096,0.7999999999999999
322,0.488680574646,1.39755371502,0.103355236327,0.584289950254,0.7999999999999999
323,0.20954709664,0.0426250055972,0.0750463207217,0.527944619323,0.7999999999999999
324,0.339886151802,0.817014149645,1.42151393998,1.21908204058,0.7999999999999999
325,3.23578379769,0.628176596765,0.131197298762,0.575210201274,0.7999999999999999
326,0.268515136997,0.208040780591,0.92681826519,-0.91261003437,0.7999999999999999
327,0.4672387062,-2.06453867576,-0.318960495661,-0.249255152064,0.7999999999999999
328,0.104728008054,-0.0846443126485,-0.54918482414,-0.40601641436,0.7999999999999999
329,0.287460805535,0.072805086178,-0.219159846128,0.864464430897,0.7999999999999999
330,3.20184677109,-0.0854505346429,1.24998546096,-0.681869362217,0.7999999999999999
331,0.292066550779,0.458086511355,0.835622974156,0.86710735174,0.7999999999999999
332,0.106131865374,-0.358593541714,-0.210454402669,0.644580068001,0.7999999999999999
333,0.27171851762,-0.489220973473,0.57180355048,-0.915841946861,0.7999999999999999
334,0.358939263738,-0.526594827606,-0.560864852974,0.224455306897,0.7999999999999999
335,0.524761198734,-1.4563026002,-0.602168820169,1.03766585931,0.7999999999999999
336,0.246670169222,-1.20541960897,-0.728628595045,1.07863152443,0.7999999999999999
337,0.191874252046,-0.610835364393,0.281698252216,-0.29405393406,0.7999999999999999
338,3.32369238226,-0.279845237876,0.978684200803,-0.268661458223,0.7999999999999999
339,0.164900069588,0.771571551075,-0.0534234864031,0.0766789033551,0.7999999999999999
340,0.123380598769,-0.0360976842956,0.0809046250122,-0.278935299281,0.7999999999999999
341,0.131340417397,0.27540260639,0.187627095897,1.22715650473,0.7999999999999999
342,0.112646725411,-0.692961097136,0.116142858153,0.00370015666279,0.7999999999999999
343,0.153071552729,0.268272128992,-0.527609680907,1.30677056896,0.7999999999999999
344,0.439641126602,0.607250362033,0.315344598284,-0.563730238697,0.7999999999999999
345,0.149099460661,-1.19669839582,0.384306877558,0.236664340509,0.7999999999999999
346,0.367182162481,-1.29208959529,-0.576051819034,-0.130114170992,0.7999999999999999
347,0.284070512074,-0.526093886587,0.878493373751,0.618536271348,0.7999999999999999
348,0.431378865344,-0.854869189852,-0.271241886546,1.64309277955,0.7999999999999999
349,0.126044372758,-1.51745744938,1.31056743167,-0.650668157538,0.7999999999999999
350,0.492580991821,-0.572917909811,-0.798318966622,-0.668161737129,0.7999999999999999
351,0.695759095855,1.85973540981,0.306522949395,-0.115024097566,0.7999999999999999
352,0.236726746581,1.43275178036,-0.618354493897,0.0453862738323,0.7999999999999999
353,0.143910435385,-0.599602015276,-0.153644335832,0.383962602369,0.7999999999999999
354,0.20074596728,0.71228684489,0.684268956955,-1.8029860464,0.7999999999999999
355,0.299201500461,-0.0527760490385,0.14384881856,0.235743948966,0.7999999999999999
356,0.558438525885,0.108474009806,-0.487453083358,0.303992762068,0.7999999999999999
357,0.115709681841,-0.0462471626003,-0.451674055541,0.262986037703,0.7999999999999999
358,0.164857542878,0.390186634147,-0.714170430515,-0.175187798142,0.7999999999999999
359,0.162969269356,0.0678133435027,-0.11315841459,-0.368964817247,0.7999999999999999
360,7.02722497839,0.263945157508,0.930258721971,-0.700888513205,0.7999999999999999
361,4.54531137001,-0.445706356701,0.391255483132,-0.0561110610792,0.7999999999999999
362,2.34356789046,-0.0447814756745,-0.176425846125,0.737273191562,0.7999999999999999
363,0.823234686518,-0.649791882212,0.966534331475,-0.451046653934,0.7999999999999999
364,0.416436776694,-0.632170119411,0.00639207181042,0.316514345765,0.7999999999999999
365,0.356768664939,0.886836539965,-0.509239758208,-1.06944723704,0.7999999999999999
366,0.106616152434,1.64905697694,0.658495798117,-0.45551170929,0.7999999999999999
367,0.312861710529,-0.362637239095,0.276647364766,-0.778747285951,0.7999999999999999
368,0.673105391635,-0.1887263615,-0.381557568931,0.231288913037,0.7999999999999999
369,0.119845851465,-1.46194399799,0.223076801389,1.11183079504,0.7999999999999999
370,0.157499165043,-1.25661184548,0.493229802453,-0.00197165832958,0.7999999999999999
371,0.123278169473,-0.0617015409759,-1.14479602409,-0.615370547798,0.7999999999999999
372,0.135002162167,-0.122264613015,-0.895500879722,-0.233226699099,0.7999999999999999
373,0.218848951844,0.0248469193272,-0.20646192908,-0.20319398239,0.7999999999999999
374,0.381116485221,-1.75307944234,-0.531008128298,-0.101049976909,0.7999999999999999
375,0.1592772743,-0.406158087753,-0.676267513631,-0.482138615548,0.7999999999999999
376,0.398860931187,1.0902039885,-1.05903331127,-0.636711363732,0.7999999999999999
377,0.566552255379,-0.246789366008,0.484333357494,0.128101889284,0.7999999999999999
378,0.147117235253,0.0807617737341,0.561848288545,-0.190324571288,0.7999999999999999
379,0.804560068054,-1.48983477719,-0.199104504459,0.274988423788,0.7999999999999999
380,0.142065424846,-0.397282961476,1.32760647587,-0.227586774859,0.7999999999999999
381,0.144457886547,-0.0524125064649,-1.18803678857,-0.683746893896,0.7999999999999999
382,0.799310505917,-1.30385833955,0.855337801139,-0.416624978399,0.7999999999999999
383,0.273013166873,0.0192357418148,0.681363239495,0.278943505214,0.7999999999999999
384,0.113390490669,0.583255938122,-0.102771607156,1.54963938793,0.7999999999999999
385,3.12807337555,0.649646177827,0.728520861801,0.959090295801,0.7999999999999999
386,0.413233664283,-0.743822407591,0.0351402045734,0.898207338238,0.7999999999999999
387,0.150754309901,0.390303063622,-0.179681315915,0.0704081551275,0.7999999999999999
388,0.507113469241,0.681370219567,0.558632029702,-0.769600796121,0.7999999999999999
389,0.113911433885,0.74121157162,-0.285807077096,-0.0590525257522,0.7999999999999999
390,0.180865043034,-1.08115621334,-1.64335242084,0.431018055292,0.7999999999999999
391,0.535367638035,-0.296691845725,-0.129080217155,0.121873091575,0.7999999999999999
392,0.26077765939,-0.43124840759,-0.468794112072,0.835681930963,0.7999999999999999
393,0.346064546332,-0.604737998632,0.152700878907,0.405623126135,0.7999999999999999
394,0.351067794475,1.04073150463,-0.0974638013778,-0.657492531529,0.7999999999999999
395,0.504516194053,0.217138678937,-0.317621199201,-0.990721534379,0.7999999999999999
396,1.07244679321,-1.70125073027,-0.991615788146,0.887097086813,0.7999999999999999
397,3.1639812342,0.34749451158,-0.0558193038782,0.0832162653002,0.7999999999999999
398,3.10633012424,0.092683390735,-0.104511100781,-0.439197906006,0.7999999999999999
399,0.128145441145,0.279603144993,-0.130799098743,0.0344326836741,0.7999999999999999
400,0.147814987768,-0.457509167544,-0.0644840324908,0.0991718451169,0.7999999999999999
401,0.484725638818,-0.105091121795,-0.469975466925,-0.40677654883,0.7999999999999999
402,0.868957195453,0.359934114812,0.236082946533,-1.66554042136,0.7999999999999999
403,0.291520161237,0.477829879719,-0.254695818663,0.416005211925,0.7999999999999999
404,0.209879340274,0.00350692946629,-1.27871300596,0.581852057223,0.7999999999999999
405,0.119426563649,-0.525168562889,-0.179196553983,-0.108458953451,0.7999999999999999
406,0.234079031678,0.142723334947,-0.622893395661,-1.09571871314,0.7999999999999999
407,0.490882942991,0.749015358088,-0.837946586616,-0.578332292706,0.7999999999999999
408,0.581252029198,0.566929836742,-1.25797628873,-0.520407033459,0.7999999999999999
409,0.295347383778,-0.265281100392,1.0950617889,-0.956813211698,0.7999999999999999
410,0.124718158206,0.410945822442,1.00402863393,-0.00898244622668,0.7999999999999999
411,0.236825642044,0.0741808527624,0.533212409426,0.0522054015445,0.7999999999999999
412,0.325578853973,0.218540796808,0.209073485485,-0.515662334319,0.7999999999999999
413,0.152248431061,-0.249524428047,-1.4521453892,0.218972294935,0.7999999999999999
414,0.121625013132,-1.56593056037,-0.0848944690095,-0.0657486536285,0.7999999999999999
415,0.159210264989,-0.066234162723,-0.419512484518,0.124538178813,0.7999999999999999
416,0.165888030329,0.686084885212,0.25267836485,0.1628103894,0.7999999999999999
417,0.427950437027,0.298471576452,0.075800420435,0.784124092407,0.7999999999999999
418,0.278626243244,-0.717758205952,-0.0315443253221,-0.759850167267,0.7999999999999999
419,0.209399403232,-0.246376918241,0.157512212953,-0.19947723348,0.7999999999999999
420,0.132108102377,-0.0880142543664,-0.0600716981065,-0.167938711128,0.7999999999999999
421,0.12003551527,-0.261354959031,-0.175767667093,0.0523041080909,0.7999999999999999
422,0.694542051676,-0.740625114889,-0.707782105634,-0.434168305979,0.7999999999999999
423,0.271002977783,-0.5009624648,0.313495435552,-0.246414113234,0.7999999999999999
424,0.288222277431,0.15850915268,-0.414335118242,-0.383620720308,0.7999999999999999
425,0.259496384984,-0.544746062125,-1.2994176768,0.350074376107,0.7999999999999999
426,0.44598857848,0.690720131004,0.111224509771,0.106041825503,0.7999999999999999
427,0.137071606871,0.578825688024,-0.892451968296,0.302178980655,0.7999999999999999
428,0.185878733409,2.15773445281,0.830655693303,0.281589678155,0.7999999999999999
429,1.308262866,0.54395633845,-1.0742032463,0.806247607331,0.7999999999999999
430,0.178721360688,-0.877365332456,0.17975719563,-0.910879326786,0.7999999999999999
431,0.220111815562,0.0425285638014,0.223028789046,0.0561902972415,0.7999999999999999
432,0.679419551844,1.68751169218,-0.499679692396,-0.271345801516,0.7999999999999999
433,0.314017922082,-0.0968474738864,-0.519846027007,0.359360672161,0.7999999999999999
434,0.364575797767,-1.42328831339,-0.455445325164,-0.32744619174,0.7999999999999999
435,69.0287846185,-1.67578465831,-0.830395108863,0.762677201433,0.7999999999999999
436,0.187976502153,1.23126336453,1.24482006999,-0.542724158315,0.7999999999999999
437,4.52091739666,-0.777954051931,-0.615499024798,0.199682215291,0.7999999999999999
438,1.07948438471,0.0385185597742,2.08698617186,-0.0751530954567,0.7999999999999999
439,0.459148240975,-0.0906472734637,-0.260534797939,1.70196102885,0.7999999999999999
440,3.68334826387,-0.0846069651866,1.30537650062,0.138971765923,0.7999999999999999
441,0.187106520915,0.33690263015,-0.146830459359,-0.136041719957,0.7999999999999999
442,0.564857062166,0.471709852487,-0.42895525885,-0.250800479598,0.7999999999999999
443,1.34501583869,-0.348359795233,-0.923936509953,-0.341425723613,0.7999999999999999
444,0.136890890603,-0.450740297714,-0.862664759512,-0.672380390396,0.7999999999999999
445,0.208022177655,0.854355269767,-0.909631898311,0.576463420972,0.7999999999999999
446,0.402467680445,1.23948410619,-0.475380948604,-1.29360463271,0.7999999999999999
447,0.208410679369,-0.331577983679,1.51462897342,0.169083252563,0.7999999999999999
448,0.246350022363,-0.0116037853585,-0.169729621994,-0.392307333924,0.7999999999999999
449,2.14419182957,0.469166417374,0.271815548534,-0.999849771507,0.7999999999999999
450,0.201031904333,-0.454271347495,-0.366443616237,0.139541052313,0.7999999999999999
451,0.104057967351,-0.422219707019,1.31492759539,1.05793845649,0.7999999999999999
452,0.115776920667,-0.177521357961,-0.400102782977,0.781520463239,0.7999999999999999
453,0.302236807005,-0.00431009567921,0.000991935567562,-0.747966551082,0.7999999999999999
454,1.30869608993,0.264209653803,0.286476345101,0.184355428145,0.7999999999999999
455,0.517286625219,0.166406714123,-0.344108983825,1.11379301659,0.7999999999999999
456,0.723727661819,0.802745264621,1.08222445293,-0.357323056221,0.7999999999999999
457,0.391067645914,0.864321868366,0.935092343525,0.970922946184,0.7999999999999999
458,0.284045561896,-0.887980210412,0.191370818262,-0.350873135337,0.7999999999999999
459,0.308029525297,0.599637000908,0.191983266462,1.30016054949,0.7999999999999999
460,0.321568525476,-0.653968411506,1.29656520114,1.08748848067,0.7999999999999999
461,0.542325619463,0.314066182124,-0.8596429062,-0.137135495857,0.7999999999999999
462,0.356203054258,-0.859688624791,-1.28742884604,0.0504642341737,0.7999999999999999
463,0.250394675478,0.927340502667,0.00639402552702,0.121745798416,0.7999999999999999
464,0.772679894908,0.552675525557,-0.45975742209,0.803830653754,0.7999999999999999
465,0.248556346898,0.420618005501,-0.89629779558,-0.63671209992,0.7999999999999999
466,0.512367583072,1.35584421574,-0.218240650858,-1.01334604522,0.7999999999999999
467,20.825260118,-0.396040361603,0.342583760339,-0.293741734092,0.7999999999999999
468,0.410828582758,-0.958815046479,0.363294966007,0.0759581571527,0.7999999999999999
469,0.165096761378,-0.96493303384,-0.380809462356,-0.224371715843,0.7999999999999999
470,0.183643222184,0.29088436962,-1.1738103426,-0.909958968865,0.7999999999999999
471,0.326129326295,-1.20345785495,-0.059676795267,-0.623078916116,0.7999999999999999
472,1.04856336015,0.570139375398,-2.24922486569,-0.828503860301,0.7999999999999999
473,0.189774350171,0.844756619388,-0.461560395172,-0.554138071642,0.7999999999999999
474,1.25533473645,-0.807751848374,1.47598869273,-0.436471585356,0.7999999999999999
475,0.101520394002,-1.13909743912,-0.570978210372,0.908237270771,0.7999999999999999
476,5.17707398813,-0.0498163284563,-1.03942614813,-0.608069651329,0.7999999999999999
477,0.114355614222,-0.26980341403,-0.248105760399,0.00961218478505,0.7999999999999999
478,0.271816894806,-1.05341979895,-0.223517762517,0.398282017576,0.7999999999999999
479,0.113069623265,-1.53016936695,0.702414909869,0.0280375035199,0.7999999999999999
480,0.142768272587,0.102964650387,-0.345649804072,-0.286582141067,0.7999999999999999
481,0.268346891827,-0.369044800825,-0.967699113047,-0.0311967414193,0.7999999999999999
482,0.256851185159,1.01172244379,-0.590637174975,-1.17631196225,0.7999999999999999
483,0.474031647305,0.123909984896,-0.445653923468,0.799420814844,0.7999999999999999
484,0.127393151875,0.401016166992,0.471567828874,-0.153671491552,0.7999999999999999
485,0.413112244867,1.04923889491,-1.32825805085,-0.279213498596,0.7999999999999999
486,0.115256266342,1.00858562568,-0.742076414039,-0.501605588893,0.7999999999999999
487,0.161504839117,0.371338376897,-1.11399394714,1.42952230737,0.7999999999999999
488,0.24493924227,-0.759820167129,-1.23872563912,-0.713249836337,0.7999999999999999
489,0.302502104493,-1.12666789926,-0.289589502115,-1.90366763562,0.7999999999999999
490,0.970668091688,0.619885563836,-0.142615478025,0.281885172058,0.7999999999999999
491,0.778807126717,0.066983950386,-1.45552369873,0.156364181438,0.7999999999999999
492,0.211653596912,0.822968266944,-0.861748482886,0.748264257849,0.7999999999999999
493,0.968999689761,0.0136851004603,0.533484749238,-0.660405131418,0.7999999999999999
494,0.185179036192,-0.177592764942,-0.30448321728,0.775218396659,0.7999999999999999
495,0.173403414203,-0.814187980781,-0.436664444954,0.793473363334,0.7999999999999999
496,0.379056734894,1.22910959583,-0.0923851053051,0.353364474248,0.7999999999999999
497,0.140353213239,0.829045128213,0.206981349345,-0.35877107765,0.7999999999999999
498,0.626635133639,0.352455783272,-0.784804050701,-0.356048044223,0.7999999999999999
499,0.322134650669,-0.732149946538,0.376412069706,0.481833285574,0.7999999999999999
500,0.402752684632,0.946966602061,0.143624385567,-1.43110528047,0.7999999999999999
501,0.11414482731,0.181522893268,-0.0412738415703,0.500299451888,0.7999999999999999
502,0.152636195261,-0.679352285667,-0.31129145288,0.0878050148103,0.7999999999999999
503,0.102189792686,0.180594938602,-0.175865801046,0.315324286887,0.7999999999999999
504,0.226264527063,0.4696979773,-0.272268811071,1.29076622736,0.7999999999999999
505,0.125797034393,1.21368320156,0.0601274333702,-0.167884354234,0.7999999999999999
506,0.113880478373,1.4033084593,-1.44585345318,0.229592167143,0.7999999999999999
507,0.25369121264,-1.07828701931,0.0943911210161,-0.46394486116,0.7999999999999999
508,0.117910353816,0.191699619671,0.232512546196,0.346358333793,0.7999999999999999
509,0.129055085509,0.914452969478,-1.34336963132,0.746554161593,0.7999999999999999
510,0.17447403597,0.772764203597,0.181037267877,0.00149271810764,0.7999999999999999
511,0.442961474841,-0.123207143146,-1.26248521069,0.581143989154,0.7999999999999999
512,2.86542980808,0.905083042488,0.288014593741,-0.27111629082,0.7999999999999999
513,0.154680018539,-0.363690619176,-1.32896551776,-0.0972237415615,0.7999999999999999
514,0.496240218081,0.984342437519,-0.076790778995,-0.0747018630663,0.7999999999999999
515,0.13026189806,-0.547197206307,1.76795389953,-0.21278780406,0.7999999999999999
516,0.131789660437,-0.89903277552,-0.233497811723,0.350396629972,0.7999999999999999
517,0.105530275573,-0.0358578936026,0.0717599852233,-0.180972692701,0.7999999999999999
518,0.111321342441,0.309737174177,0.636945151298,1.25163599019,0.7999999999999999
519,0.714841355356,0.144996829192,0.0367715627504,0.0724141158897,0.7999999999999999
520,0.489155272529,0.527114450157,-0.589927690316,1.72213199933,0.7999999999999999
521,2.76033559738,1.39785251076,1.73755370758,0.55921026325,0.7999999999999999
522,0.551733501708,-0.273299831568,0.53008900679,-0.773179025559,0.7999999999999999
523,0.136238202503,-0.197146334483,-0.024657319062,-0.0632216150052,0.7999999999999999
524,1.599077182,-1.13303968794,0.969770097642,0.00463947559612,0.7999999999999999
525,0.177187469897,-0.602546731306,-0.544622708519,0.949390413643,0.7999999999999999
526,0.597615694211,-0.810706593246,-0.242264478317,0.024071188678,0.7999999999999999
527,0.237548256014,0.735657814967,0.547728653015,0.686610094669,0.7999999999999999
528,0.101581041457,0.507658362792,-0.351427863869,0.459408041323,0.7999999999999999
529,0.10663386101,0.41999103896,-0.280012957799,-0.447660173955,0.7999999999999999
530,0.43690365434,0.484981077918,0.103295536293,0.265954260462,0.7999999999999999
531,0.430258182011,-1.37011888199,0.825544196979,-0.809002717949,0.7999999999999999
532,0.413279847008,0.116491750211,-0.224764868408,0.0508326966007,0.7999999999999999
533,0.311165083261,-0.580138765948,-0.0817399340127,0.014855342696,0.7999999999999999
534,0.714483209454,1.45378478058,-0.66178840338,0.655470579362,0.7999999999999999
535,0.365596199835,-0.339466064777,0.0383078816042,-0.567759310346,0.7999999999999999
536,0.960443452516,0.917297354073,0.2355000201,-0.229732394705,0.7999999999999999
537,0.372814892252,-0.772330167226,1.16945992017,-0.422833834385,0.7999999999999999
538,0.115481237888,-1.35045454688,0.19368595603,-0.723629732929,0.7999999999999999
539,4.10972703614,0.903324238394,1.58407220233,-1.19096190649,0.7999999999999999
540,0.370627734743,0.779292902675,-0.0548455556311,0.330545261156,0.7999999999999999
541,0.371486103083,-0.551168937724,1.28612171002,0.938236795988,0.7999999999999999
542,0.128700869112,-1.16911935829,-0.725626530426,0.364192492262,0.7999999999999999
543,0.631128278947,-0.373948601127,0.525149345688,-0.424042309623,0.7999999999999999
544,0.140455428029,-0.729588256818,1.35702074429,-0.305035710998,0.7999999999999999
545,1.23317918294,0.965473805754,-0.652719314034,-1.24024568732,0.7999999999999999
546,0.5402098721,1.16578387454,-0.547116164308,-0.978985798283,0.7999999999999999
547,0.259900228397,0.373125784057,-0.0544752209797,-1.51682792667,0.7999999999999999
548,0.112977601241,0.903702744768,0.502135148781,0.770657341914,0.7999999999999999
549,1.3255567334,0.808562419664,0.130497495797,-0.983363982388,0.7999999999999999
550,0.202840398403,-0.692107325832,-0.551286383829,0.334317860787,0.7999999999999999
551,3.04871748425,-0.566044795945,0.643695348881,-0.343150595247,0.7999999999999999
552,0.627134550988,0.514294001423,1.16580770852,-0.601271662839,0.7999999999999999
553,0.10985746344,1.11072688909,-0.707153928089,-1.24365906432,0.7999999999999999
554,2.29659582496,0.336396699792,-0.195221923563,-1.03911291099,0.7999999999999999
555,0.262310238631,-0.326469377318,-0.892577024597,-0.668773474492,0.7999999999999999
556,4.06082776402,0.475348489185,-0.0602437049981,-0.332550460544,0.7999999999999999
557,0.125842798876,0.0689861744375,0.364392091025,-0.512365375995,0.7999999999999999
558,0.133002567518,-0.533709943308,0.151922493324,0.166895625796,0.7999999999999999
559,10.1231720677,-0.79223794628,0.513713380675,-1.17357620601,0.7999999999999999
560,0.395421491312,0.949244787862,-0.0463125046818,0.540307995653,0.7999999999999999
561,0.416036765482,0.175195198358,-1.23091292741,-0.125793133297,0.7999999999999999
562,0.116944368802,0.372287799266,-0.500635088543,-0.145519745934,0.7999999999999999
563,0.196965330168,0.674731070015,-0.974980885658,-0.908454599468,0.7999999999999999
564,0.189508282,-0.318205060965,0.383528126769,0.04122396125,0.7999999999999999
565,0.121395127131,0.681206909129,0.704713598879,-0.346063487576,0.7999999999999999
566,4.90330226062,0.304624451738,-0.0663304777802,0.45932059307,0.7999999999999999
567,0.108580722208,0.00375370251054,-0.0268011834562,-0.557125818235,0.7999999999999999
568,0.248612361621,-0.744670096442,0.186599386015,0.611756987832,0.7999999999999999
569,0.112232811773,-0.00670525282147,0.407165075458,0.0640520401913,0.7999999999999999
570,0.22288359188,0.549747104233,-0.495999493745,-0.995260956494,0.7999999999999999
571,0.322081342436,-1.18420005374,-0.236148789997,0.536345224737,0.7999999999999999
572,0.509761589288,-0.503750673058,0.199592526105,0.651306597098,0.7999999999999999
573,2.34242115303,-0.38725887249,0.896503712987,-0.00539821949159,0.7999999999999999
574,0.101940492956,0.317608677341,-0.076411070424,-0.946048304192,0.7999999999999999
575,0.124440554695,-0.641299769141,0.966073121365,-0.0835883079959,0.7999999999999999
576,0.251388653599,-0.360871955845,1.45650630653,0.186288246746,0.7999999999999999
577,0.191463829672,-0.814907834627,-0.178452974287,0.379346931149,0.7999999999999999
578,0.113083922293,0.37256444341,0.502646677616,0.431332099165,0.7999999999999999
579,0.112499657367,-0.3800500568,-0.357946715397,0.0158426277734,0.7999999999999999
580,0.117755528481,-0.499605617122,0.367158414803,0.741581122441,0.7999999999999999
581,0.329501728878,-0.812144942658,0.290866147823,1.28187912048,0.7999999999999999
582,0.147490367552,0.00512618612136,-0.696273804961,-0.0767087223419,0.7999999999999999
583,0.574063065728,-0.318156600285,0.554531989599,0.496625977148,0.7999999999999999
584,0.216965931863,0.0862635937441,0.489719675883,0.218880938658,0.7999999999999999
585,0.126294804056,-1.00359038385,0.171682975318,0.279099165279,0.7999999999999999
586,0.14799072714,0.898189846907,-0.766872902588,0.575920308938,0.7999999999999999
587,0.38355381037,-0.293724227626,-0.159502223594,-0.784516507253,0.7999999999999999
588,0.20030615138,0.865533068188,-0.120899588006,0.19739763297,0.7999999999999999
589,0.137557540488,-0.941373717802,-0.233893746298,1.54115950355,0.7999999999999999
590,0.45109585775,0.591996446048,0.665604959303,0.558933323441,0.7999999999999999
591,0.23885433048,1.54922456433,0.422525006426,-0.406930267227,0.7999999999999999
592,2.78794806464,-0.707892089776,-0.0392162795786,-0.227411991215,0.7999999999999999
593,0.452384335792,-0.663496142858,2.086603839,-0.000249721667846,0.7999999999999999
594,0.141016928658,-0.344892072585,1.25814476574,-0.537033806647,0.7999999999999999
595,1.38139461867,0.256814869062,0.464687515668,-0.283783619346,0.7999999999999999
596,0.251834690834,-0.0245626337209,0.927761476047,-0.217278161683,0.7999999999999999
597,0.284913587248,-0.92706989219,0.166945411764,-0.498443305028,0.7999999999999999
598,0.366091359229,-0.42084958074,-0.478229355512,0.25008654617,0.7999999999999999
599,0.372185212779,0.282000807194,-0.734913596117,0.731730102693,0.7999999999999999
600,0.27507262285,0.241144605148,0.442042732217,-0.147678318377,0.7999999999999999
601,0.17211578455,-0.241745699168,0.0912812206482,-1.13489897374,0.7999999999999999
602,0.205659639049,0.524863773701,-0.0715053258794,-1.33205469404,0.7999999999999999
603,0.220013443388,0.629215054372,0.251020838571,1.12183471275,0.7999999999999999
604,1.20951183694,0.0389117714486,0.502463310093,0.673915861881,0.7999999999999999
605,0.261238900196,-0.0360196102017,1.32143946059,0.0469447505269,0.7999999999999999
606,0.200135597858,0.0181407273145,0.215820054883,0.0670801523955,0.7999999999999999
607,0.355577072857,-0.526231069196,-0.6420367967,1.5516856533,0.7999999999999999
608,0.266291807341,-0.552110136597,0.272458901057,-0.910819757108,0.7999999999999999
609,1.61339735887,1.4328123767,-1.12989799383,-0.136449798054,0.7999999999999999
610,0.163563934525,0.678882695819,-0.308614914064,0.798129958865,0.7999999999999999
611,0.183143786131,0.507181501217,1.23015898263,0.576293315793,0.7999999999999999
612,0.53289660117,1.07788791438,0.504071748874,0.377807814205,0.7999999999999999
613,0.132747767211,-0.796243962718,-0.667532514192,0.64335009774,0.7999999999999999
614,0.117472258276,-0.286343563693,0.199742136447,1.27197771963,0.7999999999999999
615,0.373824214484,0.778620223658,0.000710635775442,1.08572754975,0.7999999999999999
616,0.253215074417,0.922578294473,-0.569271683037,-1.09805060246,0.7999999999999999
617,0.271694177388,-0.0794199290723,1.03357596308,1.02602407453,0.7999999999999999
618,0.478316239243,1.11128538693,0.538859537279,-0.621998775075,0.7999999999999999
619,0.22965301933,-1.38248672874,-0.237303548801,0.979534027567,0.7999999999999999
620,0.130900138064,0.367959693978,-0.508119648244,-0.380807753895,0.7999999999999999
621,0.299443904935,-0.0444447617232,0.751653318405,-0.523779955671,0.7999999999999999
622,0.194098609746,-0.2876595126,1.03236180526,-0.431658601022,0.7999999999999999
623,0.124911098426,0.857846453866,-0.173699197879,-0.0728989504591,0.7999999999999999
624,0.449459060278,-0.258710282289,-0.559481133879,-0.264125023449,0.7999999999999999
625,0.108860518841,-0.327750222285,-0.822772286708,0.641019092983,0.7999999999999999
626,0.163385100096,0.124209809898,0.513735476861,0.0441661017029,0.7999999999999999
627,0.303594328917,0.354370429122,-0.87125389841,0.981921450414,0.7999999999999999
628,0.193589741744,0.0143496038878,0.278191701037,-0.451597908738,0.7999999999999999
629,0.293822826332,0.00746147459184,-0.280314806515,-0.389558754887,0.7999999999999999
630,0.297243661731,1.02065475952,-0.146341978071,0.0628975609382,0.7999999999999999
631,0.105127253738,0.0899995306252,0.235767744211,-0.026025942668,0.7999999999999999
632,0.679948169511,-0.30756209167,0.552994334283,0.0944192931947,0.7999999999999999
633,0.130856582629,2.28176671079,-0.170485898452,0.703161705871,0.7999999999999999
634,0.470692710767,-0.21095216271,-0.387684271309,-0.139536472758,0.7999999999999999
635,1.81111730143,0.786777086075,0.363590149874,0.921585370413,0.7999999999999999
636,0.102940715472,0.4011699527,0.857557896008,0.250667094886,0.7999999999999999
637,0.100664442973,-0.365072717485,0.439930763422,-0.554926363048,0.7999999999999999
638,0.42939578712,-0.578694052749,-0.0403583084156,-0.249821330217,0.7999999999999999
639,0.476327127918,-0.0749719401871,-0.109031949926,0.236564289388,0.7999999999999999
640,0.103302326661,-0.363074839703,1.79784780483,0.902966207976,0.7999999999999999
641,0.232949751821,0.282334076493,-0.854104372847,0.17585555354,0.7999999999999999
642,0.158443905942,0.0498987983001,1.13234384011,-0.525968766236,0.7999999999999999
643,0.268309156479,0.327543224425,0.518856019175,-0.182731079095,0.7999999999999999
644,0.565818477923,-0.363509386143,1.58137134469,0.731833429569,0.7999999999999999
645,0.113267023988,0.26779069456,0.0337401879062,0.414000990423,0.7999999999999999
646,0.702758474876,-0.0719354397123,-0.868662120915,1.04901226116,0.7999999999999999
647,0.290061267328,-0.773353459446,-0.0766726630795,-0.243678512506,0.7999999999999999
648,0.123866376074,1.19468556763,0.00205712769873,-0.141837443745,0.7999999999999999
649,0.146201173261,0.0406551993974,-0.0898293389997,-0.122119730629,0.7999999999999999
650,1.46696364992,1.49551660253,0.635475796014,-1.36635906329,0.7999999999999999
651,0.405859945133,0.303799912051,-0.659524751485,0.0776874858333,0.7999999999999999
652,0.680249925329,-0.236606358677,0.409301587371,-0.583163047784,0.7999999999999999
653,1.00588012299,-1.22556772068,0.941964328708,0.360536271087,0.7999999999999999
654,0.478820648736,-0.00168465666345,-0.325544935737,-0.462592987532,0.7999999999999999
655,0.266817541002,-0.200493104134,0.0120750475962,0.20339192318,0.7999999999999999
656,0.344187366282,-0.268513477918,1.03402428603,-1.18286638465,0.7999999999999999
657,0.159243281174,-0.235229071162,-0.947046524588,-0.241083934173,0.7999999999999999
658,0.134580573408,0.576447235237,-0.0127096777519,-0.550718317223,0.7999999999999999
659,0.667766715488,-0.474013791806,0.10674865642,-0.0533649413063,0.7999999999999999
660,0.206931839812,0.320116551078,-1.30438274195,-0.517939141863,0.7999999999999999
661,0.168649229779,1.0345563568,0.486692929869,-0.0129873726163,0.7999999999999999
662,0.12518045918,0.17509530211,-1.29141491536,1.04008642608,0.7999999999999999
663,0.268893573481,0.586781196885,-0.466565752426,0.214156933096,0.7999999999999999
664,0.231536046204,-1.22121030405,0.613800473346,-0.212065732783,0.7999999999999999
665,0.419650980864,0.0270149460278,0.13290383176,-0.480563841663,0.7999999999999999
666,0.111350277889,0.534949759846,0.242039441577,-1.09283907399,0.7999999999999999
667,1.32495082728,0.136643825772,-0.509281063948,0.661347610343,0.7999999999999999
668,0.108499261721,-0.364004002864,0.358501036181,-0.211760379445,0.7999999999999999
669,0.652734023478,-0.270512154482,0.487083988022,0.52314275993,0.7999999999999999
670,0.183751606426,0.153857958516,0.632668171255,-0.285469183718,0.7999999999999999
671,0.120700895582,0.810805919198,0.212468866465,-0.671043112923,0.7999999999999999
672,0.123282617556,-0.0646216182495,1.08323091875,0.816871757849,0.7999999999999999
673,0.165941968183,-0.218973125266,-0.924310091132,-0.699408040222,0.7999999999999999
674,0.125844029489,0.247632874962,0.809662800931,-1.46374420644,0.7999999999999999
675,0.866428427587,0.80202828553,1.27735926976,-0.542059592847,0.7999999999999999
676,0.34116764512,-0.490623168386,1.69084590644,0.191166581738,0.7999999999999999
677,0.280243743986,-0.694925300627,0.407825236154,-0.160692117119,0.7999999999999999
678,1.9032146318,0.647810219355,0.087640650628,-0.0461669384592,0.7999999999999999
679,0.582494959213,0.929992294883,-0.63746257961,0.636716380835,0.7999999999999999
680,0.266630171384,0.733641595843,-0.591963769144,-1.07082521243,0.7999999999999999
681,0.100470327136,1.16142306025,-0.0309997825189,-1.15617728715,0.7999999999999999
682,0.118181291824,-1.42693827251,0.112077906108,-0.529966068561,0.7999999999999999
683,0.217346969377,1.02672236485,-0.805604559314,-0.16255873615,0.7999999999999999
684,0.361560375362,-0.820973174583,-0.0660533182035,-0.618917722154,0.7999999999999999
685,0.116846655745,-0.449603213968,-0.318648184999,-0.772559445052,0.7999999999999999
686,0.2500660288,0.0979085826807,0.0956036447107,-0.282881617107,0.7999999999999999
687,0.422333571876,-1.50254994759,-0.463577516849,0.372202149232,0.7999999999999999
688,0.13086863418,-1.10901983462,-1.20308784003,0.673941655752,0.7999999999999999
689,0.469404470389,-0.714273475019,-0.310119609282,0.0485299875997,0.7999999999999999
690,0.125154687069,0.330407030624,-0.235877132571,1.39272606079,0.7999999999999999
691,0.332860899126,-0.0383257633603,0.443420960325,0.0609204453738,0.7999999999999999
692,0.147024399892,0.237366897455,0.324723813453,-0.664034270048,0.7999999999999999
693,1.63174901093,-1.02791914213,1.79894499958,0.700701382499,0.7999999999999999
694,0.163708125792,-0.149638557247,-0.774548867244,0.125485550301,0.7999999999999999
695,0.233939468489,-0.864547219862,0.653798526808,0.486324862422,0.7999999999999999
696,0.518383788754,-0.533728804062,0.790003229333,-0.420118485601,0.7999999999999999
697,0.200991285326,0.676221578583,0.744395099073,-0.400909296081,0.7999999999999999
698,0.685790675811,-0.640166025812,-1.07584263283,0.202672363051,0.7999999999999999
699,0.452976449222,0.322298986243,-0.233935422584,1.04103582585,0.7999999999999999
700,0.393239238457,-0.384028784547,-0.400658405707,-0.134019326041,0.7999999999999999
701,0.378091963814,0.306175841854,-0.75078500924,-0.0186940511201,0.7999999999999999
702,1.35304548107,-0.0696466587846,-0.453078777683,-0.14196489265,0.7999999999999999
703,0.158857062257,-0.1759072722,0.635236787866,0.0754999569699,0.7999999999999999
704,0.185102703314,-0.78125015812,-0.296448129992,0.155647081536,0.7999999999999999
705,1.26444410175,0.095120882592,0.555522950306,-0.759397410066,0.7999999999999999
706,5.03334684176,1.06120017604,0.411116473259,-0.29753973474,0.7999999999999999
707,0.102881844601,0.0749481438355,-0.866516163492,-0.461434014504,0.7999999999999999
708,0.447998669074,-0.282285381581,0.480195504483,-1.29698589393,0.7999999999999999
709,0.322275937841,-0.0481323480422,0.0871848282767,-0.418395230683,0.7999999999999999
710,0.250099853097,0.0788420345436,-0.87874360622,0.0378757458241,0.7999999999999999
711,0.138889158888,-0.797281578649,-0.235362808765,-0.815125357881,0.7999999999999999
712,0.376323421321,1.12741629968,0.355613728933,-0.70841377161,0.7999999999999999
713,0.144153954879,0.680536551712,0.463451266176,-0.319432318914,0.7999999999999999
714,0.231818922276,-0.324896010406,1.22692473227,0.428298487872,0.7999999999999999
715,0.646593310549,-1.01452553249,-1.46640758115,-0.899642919811,0.7999999999999999
716,0.308916660232,1.07087485094,0.175240300292,-1.87373709329,0.7999999999999999
717,0.121253200478,-0.694696866716,0.417272848981,-0.718050532742,0.7999999999999999
718,0.603009714117,0.267756572294,-0.58896380433,0.125595981348,0.7999999999999999
719,0.655212188194,0.136681847167,-0.328592684526,0.432479635978,0.7999999999999999
720,0.196733573609,0.398294009772,0.766559847729,0.104451640717,0.7999999999999999
721,0.102531862056,-0.631608146155,0.168635110521,0.844389776186,0.7999999999999999
722,0.430852790901,-0.354002043508,-0.214086723421,-0.0195588093972,0.7999999999999999
723,0.334190204841,-0.0729552116499,-0.23177122765,-0.426891940373,0.7999999999999999
724,0.101017322331,-1.34900760246,1.08866993788,-0.576453316446,0.7999999999999999
725,0.185465796843,1.424667673,-0.0919574079679,-1.10989410135,0.7999999999999999
726,0.128114337246,-0.450537859334,0.841023540918,-1.56533846009,0.7999999999999999
727,0.195912185973,-0.492560369318,-0.482855635087,-0.768364040502,0.7999999999999999
728,0.124911681656,0.44385829648,1.45710160961,-0.642056947642,0.7999999999999999
729,0.527378940494,-0.518450177262,-0.515263405252,0.452897749638,0.7999999999999999
730,0.157554291953,0.182376435353,0.335523090317,-0.715433434828,0.7999999999999999
731,0.516615854134,-0.304991672345,-0.698119295344,-1.46218960523,0.7999999999999999
732,0.1868954445,-0.188798585875,-0.323339889231,1.71664755708,0.7999999999999999
733,0.262634216471,0.71503942085,-1.48462637131,2.04855825832,0.7999999999999999
734,1.77096960528,0.837829777792,-0.500542232508,-1.12994468779,0.7999999999999999
735,0.253498891185,-0.359491209771,-0.577552076753,-0.992435868194,0.7999999999999999
736,0.177374426533,-1.14992841276,0.726965416263,-0.0595857738015,0.7999999999999999
737,0.331318383626,-0.563227271952,1.16662031865,-0.419016704638,0.7999999999999999
738,0.312803075364,0.803464330491,-0.53388216891,1.09516300641,0.7999999999999999
739,0.421399437225,-0.191194991909,0.142282090999,0.591112255226,0.7999999999999999
740,0.421064405521,0.0766898025586,-0.719334735538,-0.239443749726,0.7999999999999999
741,0.13184182228,-0.830078636261,1.17202577244,0.382542210341,0.7999999999999999
742,3.41041882929,0.390080113397,0.508315368152,0.823242444255,0.7999999999999999
743,0.492177710311,-0.47667630105,-0.86097990088,-0.138803675179,0.7999999999999999
744,0.196756698884,0.874662177085,0.629463692757,0.238096555498,0.7999999999999999
745,0.442806220797,-1.15049952179,-0.0257935248886,-0.757348653457,0.7999999999999999
746,0.567939207651,0.487027962478,-0.480716071197,0.111749889018,0.7999999999999999
747,0.101414745683,-1.14568826737,0.619690501424,-0.45143004727,0.7999999999999999
748,0.321477262605,-1.50558252212,-0.570439434915,-0.151803608447,0.7999999999999999
749,0.371854784869,-0.484879463159,0.394514001786,0.898096321146,0.7999999999999999
750,24.374904476,0.335690035352,0.137271736621,-0.166148677642,0.7999999999999999
751,2.16280246476,-1.34719724465,-0.599383673314,-0.00330562370504,0.7999999999999999
752,0.235316888829,-1.55382771024,-0.583493406692,0.860340089438,0.7999999999999999
753,1.22310206482,1.66413196193,-0.184073409193,-0.935020497731,0.7999999999999999
754,2.54104800511,0.0968869625189,-0.186735687842,-0.436121153129,0.7999999999999999
755,1.24141081326,0.354818241555,1.00841801547,0.481559225502,0.7999999999999999
756,0.193773035723,-0.51394984284,-0.746798221609,-0.753985017851,0.7999999999999999
757,0.167312479891,-0.0295167439578,1.24167883584,-0.577574705105,0.7999999999999999
758,0.222368977441,-0.716760556719,-0.594103200123,0.977790322854,0.7999999999999999
759,0.175183579701,-0.983425738163,-0.818420621949,-1.29071523992,0.7999999999999999
760,0.152749122759,-0.1614659872,-0.351158527677,0.0703248653818,0.7999999999999999
761,0.141314362248,0.700306097395,-1.24594994093,-0.889927714935,0.7999999999999999
762,0.182690388783,-0.197627803546,-0.098127618135,0.39046390813,0.7999999999999999
763,0.105930392738,-0.0346397699289,0.643734907456,-0.719170685961,0.7999999999999999
764,0.597655453641,-0.319964619356,0.344510184173,-0.329232727095,0.7999999999999999
765,0.107684794055,-0.905228282832,0.353465548598,-0.367034851171,0.7999999999999999
766,0.959441076264,0.324356204379,-0.590376607564,0.197290643857,0.7999999999999999
767,0.288968330122,-0.336418170995,1.75918589385,-1.87922952254,0.7999999999999999
768,0.125078390876,-0.00803809328319,-0.58382431565,0.835173181342,0.7999999999999999
769,0.212795354482,0.0361756768271,0.0788595339521,-0.612871112572,0.7999999999999999
770,0.199871671488,-1.2996988736,0.0550598174126,0.553339192427,0.7999999999999999
771,0.419568652245,1.37550152461,0.887726527403,0.468200867761,0.7999999999999999
772,0.775546044111,1.349176045,0.421296646016,-0.101849486561,0.7999999999999999
773,0.118438608531,-0.692263763221,-1.50858320164,0.0519564803691,0.7999999999999999
774,0.126884697213,-1.14884439981,0.633825727592,-1.5646672327,0.7999999999999999
775,0.1220221732,0.666392735191,-0.342279495874,-0.643272108844,0.7999999999999999
776,0.17637753475,-0.88738184215,0.0343034830495,0.484378320228,0.7999999999999999
777,0.158947871395,0.487289572845,-0.502471773476,0.303653831044,0.7999999999999999
778,0.257466253803,-0.212992969024,-0.640118744927,0.391001107647,0.7999999999999999
779,0.114077717871,-0.278895749804,-0.476510568651,0.509525434053,0.7999999999999999
780,0.145709305357,0.740494712353,0.808340990803,-0.399141116209,0.7999999999999999
781,0.107393583237,1.45722065792,-0.235884195734,0.590624886467,0.7999999999999999
782,0.690779433347,-1.00229970378,-0.538821120312,1.22512403439,0.7999999999999999
783,0.23021126365,0.586953964697,-0.133703156577,-1.12768348096,0.7999999999999999
784,0.275400300851,2.33477727989,-0.0784449900815,0.521983262782,0.7999999999999999
785,0.49286448231,-0.312506231664,0.0709986837936,-0.0483570866533,0.7999999999999999
786,0.263024331669,0.395328066365,0.458671973044,-0.798765154465,0.7999999999999999
787,0.288320240005,0.105889269827,-1.60787518145,-1.3142478255,0.7999999999999999
788,0.118950577618,0.746771017443,-0.657359311355,-0.0913517515415,0.7999999999999999
789,0.218370308363,-1.01967255483,1.31472587827,0.837998227483,0.7999999999999999
790,1.78299921805,0.154553323169,-0.573683630265,1.66202588707,0.7999999999999999
791,0.160033523792,-0.954281174564,-0.403059991306,0.196406157465,0.7999999999999999
792,0.302645951051,1.89657924001,-0.284899519265,0.37421804986,0.7999999999999999
793,0.383075322162,-2.29042726414,0.201130406667,0.302686316322,0.7999999999999999
794,0.309968101368,1.50095654988,0.128349081524,-0.900453856143,0.7999999999999999
795,0.50495495229,0.530216764561,-0.984632657142,1.12198899006,0.7999999999999999
796,0.848140416636,-0.0270921353376,-0.399649422569,-0.806119543048,0.7999999999999999
797,0.115947828758,0.52808909082,1.25902905318,-0.841659883786,0.7999999999999999
798,0.132681268669,-0.116017828545,-0.324064289128,0.622263309261,0.7999999999999999
799,0.264594268222,-0.18490980121,0.927669685886,0.621859918677,0.7999999999999999
800,0.165658624695,0.25230540505,-0.320024372599,-0.217598837797,0.7999999999999999
801,0.43714700805,-0.296538228139,0.382599909245,-1.07106604607,0.7999999999999999
802,2.59349578338,0.391797829898,0.368861142108,-0.534625837487,0.7999999999999999
803,0.744128056919,1.52155641392,1.07955937706,0.221881582382,0.7999999999999999
804,0.228771876448,0.210183553901,0.608891061584,1.06175773141,0.7999999999999999
805,0.469663651912,1.08967365212,0.185217098359,0.867803196445,0.7999999999999999
806,0.543146966355,-0.179134720783,-0.0148035812626,0.686602927951,0.7999999999999999
807,0.186611764383,-0.33931550441,0.211444395647,-0.304140442555,0.7999999999999999
808,0.677710186679,0.415620300084,-0.761559463212,1.11859072765,0.7999999999999999
809,0.797859665881,-0.00539198179388,-0.143020893908,0.45164222757,0.7999999999999999
810,0.312607904154,-0.218716192732,0.368656194634,-0.452508748551,0.7999999999999999
811,0.288756333374,-0.252876846571,0.047562081602,-0.822021010153,0.7999999999999999
812,0.353439248669,-0.487150801943,-0.286563092268,0.840215840656,0.7999999999999999
813,0.345734939289,0.0697354834289,-0.741960960999,-1.16244713608,0.7999999999999999
814,0.16850925438,0.445973786495,0.527379207823,0.222318308898,0.7999999999999999
815,0.632944808311,0.988179392372,-0.883940464194,0.542927277291,0.7999999999999999
816,0.113037747576,0.584556560277,0.373005865448,-0.32855261183,0.7999999999999999
817,0.386502552038,-1.33781197018,-0.0695529353289,0.507686428839,0.7999999999999999
818,1.92574897225,-0.814654371298,-0.338539509031,0.390332398112,0.7999999999999999
819,0.82546909413,-0.459271549547,-0.484991670352,0.0855048150245,0.7999999999999999
820,0.140405330578,0.310137138989,0.116986222916,-0.0048229823591,0.7999999999999999
821,0.306095488583,-0.867105111384,-0.633049857631,-0.294013058345,0.7999999999999999
822,0.218765048153,-0.0613098461719,-0.299597079783,0.478140249928,0.7999999999999999
823,0.87931757568,0.661624783168,-0.0196485025738,-1.22901951518,0.7999999999999999
824,0.13934430396,-0.596327379258,0.487618250762,0.3432717923,0.7999999999999999
825,0.255333279384,0.314000890784,0.238716560336,-0.481707354542,0.7999999999999999
826,0.388901168288,-1.20021070421,1.61682521913,-0.136420783995,0.7999999999999999
827,1.52012784398,-0.459859663883,0.130134118124,1.06775641583,0.7999999999999999
828,0.115534747922,-0.452642252344,-0.584608383579,0.0679107378928,0.7999999999999999
829,0.203635166514,1.21493351613,0.949062493718,0.553616102337,0.7999999999999999
830,1.77649205831,0.26098361701,-0.204033996138,-0.440370262183,0.7999999999999999
831,0.638625115209,0.297898468013,0.145728488173,0.262416836189,0.7999999999999999
832,0.210750213659,-0.355472759679,-0.898281582693,0.228616505489,0.7999999999999999
833,0.103133077146,0.187524575925,0.0108730015745,1.50654165283,0.7999999999999999
834,0.272357075985,0.340619215981,-0.79164990259,-0.530891973938,0.7999999999999999
835,0.678582679824,-0.99286817623,-0.444783866006,-1.62141735658,0.7999999999999999
836,0.633044034568,0.175518729798,-0.166467243916,0.556572725065,0.7999999999999999
837,0.100361078904,-0.926118978094,0.699563625771,-0.0445712948899,0.7999999999999999
838,2.60565193631,-0.0491712986457,-0.155953950618,-0.0864737038785,0.7999999999999999
839,0.287471591237,0.417614498861,-0.372652815534,-0.920737193586,0.7999999999999999
840,0.1010403282,0.0742104331037,0.887586308618,-0.31234411194,0.7999999999999999
841,0.21572627078,0.778394969657,1.80887602985,0.514373318938,0.7999999999999999
842,0.844274406821,0.247828223752,-0.228004232221,0.146630289384,0.7999999999999999
843,0.128085666765,0.739482811774,0.817855597625,1.91579908115,0.7999999999999999
844,0.200242907864,1.24842776098,-1.12196013961,-0.241294310756,0.7999999999999999
845,0.140859449417,-0.547045659709,0.402656410904,-0.0288482022159,0.7999999999999999
846,0.104646800329,0.0974150196617,-0.601623314875,-1.1315296072,0.7999999999999999
847,0.261660592471,0.150463052397,1.1276379433,0.468131888704,0.7999999999999999
848,0.138177610163,1.20984759857,0.469601784229,-0.0330277203108,0.7999999999999999
849,0.562205708212,0.469449068964,0.268555540328,0.0174559432437,0.7999999999999999
850,0.557405591872,0.554827966573,0.409463976086,-0.0541327921204,0.7999999999999999
851,0.398791692535,0.0855781257883,0.0178498844605,0.739339070112,0.7999999999999999
852,0.126021342956,-0.332650092164,-0.584693059491,-0.65263548023,0.7999999999999999
853,0.105125181996,-0.0614878167654,0.0990865245847,-0.671957169809,0.7999999999999999
854,0.222305925412,-0.250540922191,0.0299404094203,-1.18587810405,0.7999999999999999
855,1.89184632237,-0.287132868771,0.876268303502,-0.603035318055,0.7999999999999999
856,0.177412494531,-0.392134897585,-0.247870495478,-0.661596366115,0.7999999999999999
857,0.11736866495,0.774879437534,-1.25330181696,-0.822462578333,0.7999999999999999
858,0.107210779805,0.235217868967,0.581190060313,0.0422505032634,0.7999999999999999
859,0.103655722135,-0.659224399962,0.831310111407,-0.248726953707,0.7999999999999999
860,0.443246524253,0.801473517002,0.847976833811,0.43012485486,0.7999999999999999
861,0.449181080208,0.136652815348,0.672683238708,0.618886562152,0.7999999999999999
862,0.276959403887,0.770624478216,-0.213632980066,-2.15756635243,0.7999999999999999
863,0.165110045566,-0.239680706519,0.125646017149,0.0554732940008,0.7999999999999999
864,0.215546083929,0.0715469816324,0.844194600469,0.443686285224,0.7999999999999999
865,0.428259375564,-1.3953998939,0.494605110212,-0.271461568743,0.7999999999999999
866,0.247847496697,-1.18635162565,-1.02718483444,0.155676262298,0.7999999999999999
867,0.788624787172,0.105147345666,-1.61000429647,-1.1016718137,0.7999999999999999
868,0.329321022222,0.815721922908,-1.43249033956,-0.530164040716,0.7999999999999999
869,0.321235946374,0.380739134919,-0.0731255374315,-0.334437956837,0.7999999999999999
870,0.155622392548,0.511581485481,-0.0646505723751,0.77797507356,0.7999999999999999
871,0.403518035725,1.00092929158,0.0991031016649,1.28225165711,0.7999999999999999
872,0.104042437031,0.619179717611,0.694000184362,0.789389418863,0.7999999999999999
873,0.221511954835,-0.155829122157,-0.715608515528,0.209080057216,0.7999999999999999
874,0.400460773621,-0.757891011758,0.887850735501,0.812500881725,0.7999999999999999
875,0.18374102362,-0.327322122445,0.665690170627,0.358573319567,0.7999999999999999
876,0.225773043744,-1.09364846704,-0.905006542584,0.856267107743,0.7999999999999999
877,0.175119152623,-0.49018300574,-0.0767726664766,0.696989917558,0.7999999999999999
878,1.37438713058,-0.758440956551,0.210939950585,-0.471039176733,0.7999999999999999
879,0.175528615173,-0.202461377206,0.0849698526652,0.217655338009,0.7999999999999999
880,0.298516000824,-0.364616448542,-0.862746222321,0.0333325859417,0.7999999999999999
881,1.48740731729,0.570606224594,-0.0166250764643,0.106774401051,0.7999999999999999
882,0.15553294845,-0.0504990953674,0.00751103380126,1.30015165326,0.7999999999999999
883,0.308466773862,-0.568567757112,-1.10516686965,-1.17324623966,0.7999999999999999
884,0.350568849052,0.144140847365,-0.932414825858,-0.464172557909,0.7999999999999999
885,0.342435022223,0.585175986296,-0.165022290949,-0.77761440088,0.7999999999999999
886,0.313250034767,1.68053794007,0.178104818581,-0.724444194729,0.7999999999999999
887,0.305016069104,-1.25817414375,1.16038593469,-0.687492286241,0.7999999999999999
888,0.606457468521,1.03737680279,-0.110402328907,-0.0180101432213,0.7999999999999999
889,0.243376375203,-1.10233530637,0.404519459743,1.500625689,0.7999999999999999
890,0.184015903738,0.99723414041,-1.00446784009,-1.03154378612,0.7999999999999999
891,0.37199031747,0.640408013867,-0.0185794146904,-0.802219262043,0.7999999999999999
892,0.111715266544,0.140658394876,-1.72360540175,0.879683754367,0.7999999999999999
893,0.298261752878,1.04629155645,0.895558114355,-0.714718032511,0.7999999999999999
894,0.848676857971,-0.339039554878,-0.640759539318,-1.65198458807,0.7999999999999999
895,0.80403131651,-1.03310156906,-0.579440411656,0.723890934118,0.7999999999999999
896,0.548229420873,0.118600905284,0.701776666873,-0.86213944517,0.7999999999999999
897,0.181996210371,0.122262777604,0.583920772318,0.509105548274,0.7999999999999999
898,4.28660660363,-1.42201247028,-1.05544561393,-0.163506607029,0.7999999999999999
899,1.45964046761,0.739731422637,1.33593882082,-0.869486672688,0.7999999999999999
900,0.59014850191,-0.947117575145,0.572099391785,-1.35107290335,0.7999999999999999
901,0.139072468106,0.739330907174,0.0522245259642,0.488716716108,0.7999999999999999
902,0.581291270546,0.099518816953,0.478702871165,-0.6167399891,0.7999999999999999
903,0.382792653137,0.708203330477,-0.0225135902633,0.570321184913,0.7999999999999999
904,0.142585869178,-0.101242654726,-0.832937155823,-1.02145642311,0.7999999999999999
905,0.148128561713,0.659073253143,0.643260615351,0.723524985738,0.7999999999999999
906,0.556260843642,-0.443355412966,0.684750745015,-0.876101593327,0.7999999999999999
907,0.255159475437,0.72504084925,-1.03907037768,-0.441682638522,0.7999999999999999
908,4.30551688271,1.0021030985,0.553492942425,-0.198566076554,0.7999999999999999
909,0.664487322529,0.0710545427901,0.484814983743,-0.207469378054,0.7999999999999999
910,0.312510426718,0.593570546074,1.72080235922,-1.14240059255,0.7999999999999999
911,0.37203698575,0.997177982523,0.70819016565,0.00205969335616,0.7999999999999999
912,1.0550172229,1.19951318834,0.447396120265,0.518569799926,0.7999999999999999
913,0.855459502997,-0.265332504488,-0.493261155032,1.11374426111,0.7999999999999999
914,0.48540286292,0.914286640429,0.219005744267,-0.229404156894,0.7999999999999999
915,0.109105761112,-0.624950536136,-0.151773895118,-0.904859172073,0.7999999999999999
916,0.52114746111,-0.0811737017094,-0.108905525322,-0.263759395444,0.7999999999999999
917,0.128983217802,-0.101345122651,0.133511276829,-0.222370725434,0.7999999999999999
918,0.517487665428,1.05359796714,-0.569929723401,-1.31596437138,0.7999999999999999
919,1.39320477654,0.366457653297,-0.871832182624,-0.70183736434,0.7999999999999999
920,0.358981909373,-0.298765405632,0.495591347169,-0.0150586145575,0.7999999999999999
921,0.296116735487,-0.540556864178,-0.373290013698,-0.59701168906,0.7999999999999999
922,0.113189050674,0.708690808875,0.26935905412,-0.747294771208,0.7999999999999999
923,1.26576882862,0.504668917688,0.120309269114,0.0910658605466,0.7999999999999999
924,0.140372714336,-0.225723480952,-1.55817917711,0.329179947541,0.7999999999999999
925,0.100676375068,-1.52950924287,0.416769780889,-0.673075279146,0.7999999999999999
926,0.483024806092,1.37882562419,-0.279898665852,0.119258290765,0.7999999999999999
927,0.125298675238,0.311162125035,-0.400137013895,-0.847329256623,0.7999999999999999
928,1.4358452725,-0.830866032085,-0.486801040593,0.223202739992,0.7999999999999999
929,0.102343632394,0.0419935377362,0.733235256482,-0.361736473923,0.7999999999999999
930,0.293809733518,0.0911623447123,-0.983742498117,-0.0869836589862,0.7999999999999999
931,0.139961886862,-0.317391360265,0.634259408378,0.670829990746,0.7999999999999999
932,0.31622560738,-0.379069820996,1.2545860787,-0.0491447869973,0.7999999999999999
933,0.198666460665,-0.308940338496,0.0766088138216,-0.423728165284,0.7999999999999999
934,0.158875474402,0.177992102264,-1.35360339547,-1.06532410655,0.7999999999999999
935,0.124876142326,0.635491420093,-0.726003343085,-0.608857304907,0.7999999999999999
936,0.162435621193,-1.70856243985,-0.613160753082,0.933779730472,0.7999999999999999
937,0.345670684528,0.361099698777,0.211457208327,-0.115755022815,0.7999999999999999
938,0.202732819248,-0.270597267172,1.05810080483,-0.538097248252,0.7999999999999999
939,0.457511690027,1.67089053833,0.0046485736258,-0.690404316215,0.7999999999999999
940,0.392158750723,-0.24998512502,0.0254638033099,-0.133205298167,0.7999999999999999
941,0.198040820753,0.549645369088,0.276952210117,-0.41430984174,0.7999999999999999
942,0.201885854904,-0.223085589242,-0.414030812931,-0.109482619948,0.7999999999999999
943,0.162389856769,0.113559087563,-0.82627252565,1.21207059116,0.7999999999999999
944,0.159903379788,-1.82388960822,-0.434745422009,0.0815673023483,0.7999999999999999
945,0.131331190325,-0.44000257335,0.0031228836933,0.989318440702,0.7999999999999999
946,0.35035984266,0.341122799496,-0.787230705322,1.35668504771,0.7999999999999999
947,0.203026977006,0.204884135806,-0.316712840532,0.228564121667,0.7999999999999999
948,0.230524224074,-0.56608687756,0.489998866449,-1.42958900421,0.7999999999999999
949,0.14893990425,0.683448179966,0.216782710849,-0.571774737921,0.7999999999999999
950,0.166785472005,1.07024166321,0.483125574323,0.0732573494761,0.7999999999999999
951,0.10454295114,1.1330379432,0.393295004564,-0.283035101602,0.7999999999999999
952,1.15357381456,-0.479897565294,0.619827403299,0.352919965288,0.7999999999999999
953,0.110800891937,0.000973227310281,0.303034297447,0.355135230876,0.7999999999999999
954,0.64410034848,-0.161586506694,0.59150596825,0.641892722598,0.7999999999999999
955,0.36538163567,-1.66902382854,-0.858636650284,-0.42117932472,0.7999999999999999
956,0.188765686883,-1.39435846645,0.334697176527,0.871438742507,0.7999999999999999
957,0.889765335941,0.892760049562,-0.765915128267,0.9460817272,0.7999999999999999
958,0.10129545752,-0.280200152637,-0.360815682737,0.321691139353,0.7999999999999999
959,0.816542607419,0.244594851472,-0.0279520781665,-0.219070673494,0.7999999999999999
960,0.558126515461,-0.185845535219,0.133739125574,-0.936491210365,0.7999999999999999
961,1.00523047573,-0.340844585864,0.142625382058,-0.524138121468,0.7999999999999999
962,0.112954969202,-0.345239970966,0.798310388743,-0.124677457684,0.7999999999999999
963,0.289733218396,-1.60738643715,-0.94490880778,0.678346483212,0.7999999999999999
964,0.12085118805,0.062875726862,2.24646127878,-0.764430564771,0.7999999999999999
965,0.268709040006,1.04236670334,0.121000555988,0.381533868993,0.7999999999999999
966,0.361978322137,-0.383333846058,0.0515159945317,-0.556228696476,0.7999999999999999
967,0.100785418827,-0.210943927787,-0.403260380645,-0.77433406939,0.7999999999999999
968,0.20512581415,-1.12503053323,0.490997496178,-0.160404822085,0.7999999999999999
969,1.07814119485,-0.531724987631,0.241983614893,0.676944203067,0.7999999999999999
970,0.169075917314,-0.0443197218974,0.923339320186,0.0103985869631,0.7999999999999999
971,0.122282279631,-0.29832884777,0.81648741536,0.63622421813,0.7999999999999999
972,1.95591304488,1.56017705685,0.0867913354312,-0.0304728208649,0.7999999999999999
973,0.155273871191,0.27119205419,0.352285239398,1.6755175135,0.7999999999999999
974,0.167387489383,0.0928808824825,0.52383586272,0.0418314221758,0.7999999999999999
975,0.21373496292,0.95575952641,-0.397533603448,0.399140010552,0.7999999999999999
976,0.199808195347,0.101765995213,0.391884947562,0.214133056009,0.7999999999999999
977,0.720964349572,-1.01761190593,-0.264729689094,-0.70216319275,0.7999999999999999
978,0.342245242281,0.325629055649,-0.105139552554,0.938354948251,0.7999999999999999
979,1.04737878879,-0.797513595232,0.237443416653,-0.0037268012997,0.7999999999999999
980,0.146870392231,-0.166794038482,0.126798976434,-0.491156268587,0.7999999999999999
981,0.285273624207,-0.835362864643,0.582882729731,1.12168463767,0.7999999999999999
982,0.112834035134,-1.4533149528,-0.539545351579,-0.259419112114,0.7999999999999999
983,0.15641887932,0.544317264634,-0.347454162273,-0.060110804287,0.7999999999999999
984,0.49349327666,-0.239142851747,0.00845889434015,0.847160753142,0.7999999999999999
985,1.03031165504,-0.377395359682,-0.641249718009,0.491357089239,0.7999999999999999
986,0.192202151936,-0.670423342328,0.908301624462,-0.351672881817,0.7999999999999999
987,0.619912976359,0.341210694543,-0.879563432734,-1.05872528106,0.7999999999999999
988,0.139676885052,1.87013520255,0.463817722313,-0.446971640929,0.7999999999999999
989,1.75447861598,-0.610996744806,-0.124674399011,-0.19339124313,0.7999999999999999
990,0.415856947985,1.38513302936,-1.59061346067,0.451333983277,0.7999999999999999
991,0.104081512121,-1.55021727059,0.647546419861,0.274246295252,0.7999999999999999
992,0.129294223689,-1.46374832188,-1.30369413086,-1.48255669004,0.7999999999999999
993,0.255080648813,0.00161533149797,-0.886976491565,0.958909631414,0.7999999999999999
994,0.264496472581,0.150784772799,0.731479485864,0.746594985143,0.7999999999999999
995,0.911820192052,0.825267299313,-0.784093457409,-1.11598409415,0.7999999999999999
996,0.171923976099,-1.13016569248,1.09074338568,1.34287652651,0.7999999999999999
997,0.107341366834,0.572025526202,-0.0697327632896,-0.60453611397,0.7999999999999999
998,0.108342036111,-0.0632848654054,-0.303004384843,-0.0988870306214,0.7999999999999999
999,0.112640509098,-1.07519113448,0.538289068903,0.28515746369,0.7999999999999999
