Star_ID,Mass (MSun),X (pc),Y (pc),Z (pc),Simulation Time (Myr)
0,0.447770320747,-29.871029465,5.67915475257,-10.0786122406,66.20000000000051
1,0.726840244692,21.1852205565,40.4267231747,28.0424888971,66.20000000000051
2,0.503831753235,-10.4121319311,1.88268917848,-1.01087327614,66.20000000000051
3,1.28167521836,-14.5759023931,2.96650869901,0.73419544697,66.20000000000051
4,0.254737745401,-2.42240367549,12.1823581861,23.7701307774,66.20000000000051
5,0.124050724274,-29.9522572521,-3.53717551309,-10.5916177809,66.20000000000051
6,0.208420062052,-9.27534022505,-1.4095028894,-1.53120274014,66.20000000000051
7,0.119886418431,-12.6344223776,2.55261358787,0.847659002996,66.20000000000051
8,0.343156250112,-9.11720016099,0.286137296149,-6.79857206827,66.20000000000051
9,0.25330237121,-14.1615688139,-5.14429385197,3.89256572207,66.20000000000051
10,0.364818830767,1.88690957299,9.49463627136,-38.9043646599,66.20000000000051
11,0.592252077793,-11.8317423597,7.4523043266,1.40010969195,66.20000000000051
12,0.381803894109,-18.9084282671,4.72361410265,21.1312659806,66.20000000000051
13,0.315706644289,-11.2895954382,1.08121609733,-0.44434914973,66.20000000000051
14,0.17192371505,-12.0285691021,2.12826200851,-0.206971113035,66.20000000000051
15,1.28240140061,-18.1852272877,-2.06872211988,2.46897495605,66.20000000000051
16,0.320355078302,-4.18221663405,129.9823738,-14.6232204332,66.20000000000051
17,0.631935365767,0.623224011313,16.5521671316,-10.6798392815,66.20000000000051
18,0.115694276503,-21.0905193446,3.58531833267,1.32192112456,66.20000000000051
19,0.171670451196,9.73306943895,-41.531697311,32.936529761,66.20000000000051
20,0.184980175474,-5.01267310112,2.24249333552,3.58149613623,66.20000000000051
21,2.10003576726,-56.4547135517,23.2303324855,-5.90674034257,66.20000000000051
22,0.583040375164,-10.588683581,3.80131660099,0.306667478742,66.20000000000051
23,0.150327603612,-36.2503518588,6.76739113586,-0.943062980279,66.20000000000051
24,0.223937544352,46.8400778185,-2.43187581124,19.9083484066,66.20000000000051
25,0.693943778725,41.4963218079,25.7064670815,30.6149325416,66.20000000000051
26,0.733840501929,-73.4881268418,-4.53886116183,52.952222013,66.20000000000051
27,0.280084888439,-39.4269770358,-26.0167624553,-8.40522124308,66.20000000000051
28,0.133554881735,-11.1866228431,-2.97768975787,2.47298698456,66.20000000000051
29,0.458048839679,-13.1351593573,1.65141899391,0.50655677202,66.20000000000051
30,0.361147215897,-15.4202664993,2.7596434428,1.01758735621,66.20000000000051
31,0.366277823174,-21.8442011861,7.30604100825,-9.65716850354,66.20000000000051
32,3.39473997721,-10.6839193156,1.33062467527,0.765845667352,66.20000000000051
33,0.299270188538,-39.77791456,32.8196260745,0.379883227833,66.20000000000051
34,0.484527395897,-11.6628197658,1.08279412939,3.67185826499,66.20000000000051
35,0.101327945167,-12.6095131688,3.49724410168,2.33362209899,66.20000000000051
36,0.194281507928,-15.5219798211,2.22752913548,-2.70307674755,66.20000000000051
37,0.105106320755,-4.69506307724,8.30077052896,11.0526140441,66.20000000000051
38,0.126299036724,-11.5707358539,2.16117414395,0.827133996087,66.20000000000051
39,0.309335764735,3.43467053143,-17.1096711729,-7.08747998714,66.20000000000051
40,0.318986249589,-9.52278330872,1.35815879518,3.44199778639,66.20000000000051
41,0.306090382728,43.5238397247,-36.0452237386,65.6022042178,66.20000000000051
42,0.117247221767,-15.4284679594,-2.38684661587,18.0554682047,66.20000000000051
43,0.683650092713,-4.56079930399,-2.19816488879,-1.96990095007,66.20000000000051
44,0.169144957889,-10.2940248746,0.607358204674,3.64675074865,66.20000000000051
45,0.359792348405,-5.8292667186,-0.30356450041,4.24229331694,66.20000000000051
46,0.152252390699,-13.4410224097,9.06458338148,-1.6228286929,66.20000000000051
47,0.111123265188,-16.6223031521,1.0174093734,-0.384017870899,66.20000000000051
48,0.109380141076,-11.5750856361,18.898783351,9.366914062,66.20000000000051
49,0.342051194067,-10.0238136562,-0.0270732061093,-3.21907573287,66.20000000000051
50,0.101190860331,-17.6389847367,14.2102479815,-1.12845320852,66.20000000000051
51,0.112340383468,-7.73146165376,1.26130896697,5.36626977923,66.20000000000051
52,0.10523694619,0.986321653782,29.3325687334,-45.7453222648,66.20000000000051
53,0.551961992675,11.1359460647,11.8573552939,29.3613501998,66.20000000000051
54,0.183937433919,18.7853430432,-19.5977127052,5.22474226995,66.20000000000051
55,0.130544405039,-10.5815563159,1.55529279961,0.387501208433,66.20000000000051
56,0.797884556589,-12.0419165357,1.74237461464,0.284976920967,66.20000000000051
57,0.201178167563,-11.6531519608,2.1982764378,-0.324706613995,66.20000000000051
58,0.224791021701,24.6427953198,-63.0748075112,-5.76424269978,66.20000000000051
59,0.677538422124,-23.7526969633,-2.2744179349,-3.66393029834,66.20000000000051
60,0.131734983741,-40.2216677242,-19.0368331646,-22.3654100746,66.20000000000051
61,0.234085189914,-7.92775454707,6.38941649542,1.70126803834,66.20000000000051
62,0.203751245731,-8.85229354782,4.94972035889,2.6078804803,66.20000000000051
63,0.198619962919,-8.82963188866,1.15355044924,-6.40505349663,66.20000000000051
64,0.123643616474,16.2694048061,32.9130583313,29.3332429293,66.20000000000051
65,0.119341469133,-12.241332618,-2.19811865952,-0.400521058177,66.20000000000051
66,0.117100363509,-33.1407558951,-37.5797292857,-32.8191716327,66.20000000000051
67,0.324634878668,-11.6896220879,0.410485282898,0.724969196684,66.20000000000051
68,0.767336157477,-10.1944442756,2.31679707677,-0.685998948615,66.20000000000051
69,0.416433626981,-23.3260484714,-0.359790307149,-9.21915523429,66.20000000000051
70,0.324922471303,-77.2781058757,-7.73547801403,-16.5218699988,66.20000000000051
71,0.344527659492,-18.9795443238,63.9800424616,-8.08715305007,66.20000000000051
72,2.48413021626,-9.21690201521,11.788867074,-4.63967250078,66.20000000000051
73,0.124002301946,20.1026379205,92.1102579937,-1.16783213591,66.20000000000051
74,1.01674279258,-9.71449212009,-1.29026679286,0.012096048315,66.20000000000051
75,0.555147253296,0.879182172244,20.854100333,-14.0353907713,66.20000000000051
76,0.140869410436,-10.2810755455,0.197452976128,3.4577688451,66.20000000000051
77,2.01966450586,-8.30176433844,-0.0858580219226,2.94688646583,66.20000000000051
78,0.29055449152,-10.6440846155,3.56965959766,1.40067950516,66.20000000000051
79,0.448900349477,16.1738473721,20.8138147337,-7.95787071378,66.20000000000051
80,0.114107746304,-22.0907561435,45.6576451592,-6.24734769383,66.20000000000051
81,0.489240922316,-17.4942425865,4.65917644045,-2.33357864059,66.20000000000051
82,0.581860228245,-39.453922223,27.0287696211,-46.246004715,66.20000000000051
83,0.490461083299,3.45336937153,-76.2180137191,5.71817445165,66.20000000000051
84,0.825700110284,-13.0379168702,-2.15007372993,-0.0452715937851,66.20000000000051
85,0.124232257679,-12.4335512368,-28.1041262366,5.68249672056,66.20000000000051
86,0.19134299813,-13.7027652574,2.30115805649,-2.2479473399,66.20000000000051
87,0.153095903794,-13.5841947597,-0.673361444727,-1.14146277552,66.20000000000051
88,0.301431807435,-11.9791300172,4.76325219152,-3.94445276381,66.20000000000051
89,0.494112362767,-8.85442822161,-0.606874651716,3.65557154056,66.20000000000051
90,1.07907816171,-14.6295812225,11.1411309065,19.5780713112,66.20000000000051
91,0.4789950049,-17.251864272,2.60593069663,3.51858515308,66.20000000000051
92,0.131421232219,50.2465263652,-99.1078265177,28.8619951732,66.20000000000051
93,0.615070311502,-14.6825022991,0.174714093342,1.59234189785,66.20000000000051
94,0.461354510184,-11.9539373121,0.327411970802,0.142790027288,66.20000000000051
95,0.26272981539,1.15438072412,-15.4225000948,38.2535036407,66.20000000000051
96,0.260962569143,-9.91473598797,-6.4052660325,13.0012881288,66.20000000000051
97,0.325125400261,-14.3923729169,0.991790922314,4.79092642317,66.20000000000051
98,0.116037558962,-11.8192842813,7.11019117199,-5.26414458127,66.20000000000051
99,0.724977724667,-11.9859415717,2.39168384024,-1.05100592135,66.20000000000051
100,0.123803609851,-13.9650211875,-3.96854078068,-1.57839504109,66.20000000000051
101,0.210230709225,-19.3889690103,22.702989923,-2.43339856865,66.20000000000051
102,0.187865925096,-14.2571428488,4.14166233691,3.53064987925,66.20000000000051
103,0.176709115258,-1.92728778954,-2.58110256816,17.5945110273,66.20000000000051
104,0.373013190062,-20.7931490983,3.01755935027,-3.72546003302,66.20000000000051
105,0.442974034947,33.2611827599,-37.0484140744,35.2215307182,66.20000000000051
106,0.509528778325,-15.2963911263,-2.93232988526,-8.99005413608,66.20000000000051
107,0.617273927386,5.82410360301,-28.3990825467,41.5725307914,66.20000000000051
108,0.687842057117,-12.0376750807,1.28354996895,2.37494427801,66.20000000000051
109,0.195534218919,-16.2306550026,-31.7547895599,10.9007636956,66.20000000000051
110,0.490979301983,-14.5599016527,-1.65023577447,0.268589169587,66.20000000000051
111,0.177449539137,-15.9853931619,3.35721217442,5.62640453562,66.20000000000051
112,0.691995842596,-12.0430728993,16.1158677675,-49.1422598237,66.20000000000051
113,1.08495347693,-12.2467196424,1.57595817576,0.713221837083,66.20000000000051
114,1.00968301203,-13.1081432838,0.37696061767,0.710339772262,66.20000000000051
115,0.433498465361,-16.2209668296,-3.30222537813,-6.29431224655,66.20000000000051
116,0.143142688906,-11.6606562263,10.9444004542,-1.58082902602,66.20000000000051
117,0.959883329984,-13.6469084286,0.0740274927699,0.150050389029,66.20000000000051
118,0.346554601903,-10.1498929755,0.482372255062,1.91230204395,66.20000000000051
119,0.451280967466,-14.2490524085,-0.446891817542,2.85861898758,66.20000000000051
120,0.111618631532,-13.1669570962,0.932298934725,3.6882835964,66.20000000000051
121,0.189867053051,-9.46297781782,4.33550932653,2.85189592482,66.20000000000051
122,0.566051590082,-16.6842363789,-38.8352879876,43.6941073655,66.20000000000051
123,0.272306186437,-12.2864778892,-2.54241634449,2.44335539752,66.20000000000051
124,0.111097720056,-12.9533055277,-2.75197835918,-2.05578897106,66.20000000000051
125,0.4435816888,-9.0647082263,-1.06504207469,5.4075538453,66.20000000000051
126,0.405083924133,-9.71806746617,2.24600652469,2.44223495009,66.20000000000051
127,0.700863107152,-18.0442670091,15.8960460273,-0.581225259643,66.20000000000051
128,0.434725882574,-3.53724983665,-26.6983052578,-50.0421412758,66.20000000000051
129,2.59660913977,7.55802886305,32.9400521828,-57.4058156552,66.20000000000051
130,0.112121555482,-4.61702198091,-3.00920884851,-3.87624643896,66.20000000000051
131,0.153796624927,81.1921116162,39.3813864027,61.7319351612,66.20000000000051
132,0.315477420202,-9.51011680001,-16.3865538994,65.3951885479,66.20000000000051
133,0.201392864527,-13.4485505475,-3.77851652035,-1.182399907,66.20000000000051
134,0.484770404336,-11.4042589965,0.83100149471,1.48166334324,66.20000000000051
135,1.30339598622,-11.641735606,1.07359118016,2.59408252641,66.20000000000051
136,0.393744874524,-13.4097166234,-7.84651615845,1.65701553714,66.20000000000051
137,0.374128846142,-6.93012639566,2.73682641557,10.8418401816,66.20000000000051
138,0.283647373192,-11.9194239993,0.33964317122,4.97511598856,66.20000000000051
139,0.138141042893,-13.0365543339,0.550635834935,0.243694524646,66.20000000000051
140,0.227770976578,-4.83159403453,12.7723123713,13.73154095,66.20000000000051
141,0.260015450244,13.7477275087,-57.285866823,-26.7265531458,66.20000000000051
142,0.331567359759,-23.1697933382,-27.4665789897,11.4419012564,66.20000000000051
143,0.324569031616,24.1047930171,26.0407511794,-6.50085934342,66.20000000000051
144,0.161115205806,-9.70716050192,9.221034798,17.3902214483,66.20000000000051
145,0.489665048709,20.1806893719,-21.7752938742,-3.82720425161,66.20000000000051
146,0.131853064876,7.35502242664,-15.0434467884,32.3504884193,66.20000000000051
147,0.264304147168,-15.784298097,-1.23020692762,-4.13742148032,66.20000000000051
148,0.348754554825,-23.8193103675,0.836321101461,-9.17436642551,66.20000000000051
149,0.129243286508,-9.06800234017,0.992643566153,-0.889500531511,66.20000000000051
150,0.373001514634,-4.54895537949,-5.26277357258,0.0216661734519,66.20000000000051
151,0.330563557167,-13.5948622955,2.59172157824,4.38495029235,66.20000000000051
152,0.452963424101,-5.16886883074,12.0251886002,-0.814800187296,66.20000000000051
153,0.117826048256,-61.2933664756,-29.3652698253,5.45457787607,66.20000000000051
154,0.200269012024,0.590896974392,-2.50590469204,1.5985449706,66.20000000000051
155,0.919017352552,-9.12063430584,-0.280220836689,2.86990583896,66.20000000000051
156,0.128456375822,-12.7396524778,0.981172784789,-1.89111667917,66.20000000000051
157,0.498613994647,-9.81915730599,3.6227924998,5.14105665711,66.20000000000051
158,0.35536235264,-14.0686473462,-0.582544856558,2.73089427765,66.20000000000051
159,2.25239573225,4.91488505426,-19.0961775363,25.700652675,66.20000000000051
160,0.141011686848,-42.1465049621,33.258496242,8.63224070342,66.20000000000051
161,0.163607904766,-17.6248753892,1.40998144163,-2.19553819548,66.20000000000051
162,0.464180543061,-11.1081756687,3.77693503822,-2.48463282604,66.20000000000051
163,0.263030125613,17.7259656327,57.1128416694,9.20247244767,66.20000000000051
164,0.360810565102,-12.8446871414,-3.25565697465,-1.45782633328,66.20000000000051
165,0.11674576811,-14.6491104746,5.07820270311,3.58333671404,66.20000000000051
166,5.16674784103,-10.71177635,-1.43821265802,-0.822771763831,66.20000000000051
167,0.389704119135,-11.8322507615,-8.51615931834,-4.6645296082,66.20000000000051
168,0.76738978726,-29.161347104,8.83833611815,29.0585364277,66.20000000000051
169,0.118981823097,-13.5569812951,-0.48535928993,-0.215908152091,66.20000000000051
170,0.154888562235,-11.8606176624,-0.734452697275,-1.81686642264,66.20000000000051
171,0.716848937206,27.1143656016,38.3840413488,-40.4016497265,66.20000000000051
172,0.12314481998,11.2694691419,-40.5070468638,-24.2537900818,66.20000000000051
173,0.137991820278,3.13946296568,-7.93525861777,58.6974785146,66.20000000000051
174,0.389065493699,-10.4090808195,2.23223275776,-2.93271548189,66.20000000000051
175,0.104104033127,9.48001710954,-18.8050357392,27.3220579469,66.20000000000051
176,0.473868902224,-14.4992386021,-0.904504147378,-1.47932750572,66.20000000000051
177,0.676951508913,-11.3785059058,1.45191118125,-0.998789273976,66.20000000000051
178,0.166797785186,-12.5392019683,0.821942974472,0.279610840748,66.20000000000051
179,0.572077099744,-9.49488489547,3.42197153562,2.31230662082,66.20000000000051
180,0.123068758749,-11.1601103636,0.71595385397,1.6388481168,66.20000000000051
181,0.176548495878,-8.11762281795,-2.66493555495,0.817394118721,66.20000000000051
182,0.159406218416,-22.4876360848,-5.25904336876,7.63027097744,66.20000000000051
183,0.733981330503,-4.84552246652,18.8303307237,51.3981665688,66.20000000000051
184,0.145201186649,-23.4092310209,3.58148193345,7.73983148229,66.20000000000051
185,0.222957898371,-9.5405876164,0.620953287233,1.74425959857,66.20000000000051
186,0.479586714081,-11.8359863471,-0.829226787271,1.7001964249,66.20000000000051
187,0.534453397587,-11.221275879,-1.48940745291,6.83975025589,66.20000000000051
188,0.253829799283,-8.42772460016,6.66830861023,-6.32850254766,66.20000000000051
189,0.106425617991,-13.240875787,4.53492678598,6.6720830208,66.20000000000051
190,0.26480398247,-36.2675152236,12.0062455579,20.0529658127,66.20000000000051
191,0.769646787458,-23.4920283062,39.180438059,-1.18650796813,66.20000000000051
192,0.650776883065,-12.0958407482,-25.1075971457,2.68449904153,66.20000000000051
193,0.192279194678,-5.57626377871,2.54532879308,8.00423296553,66.20000000000051
194,1.86209407284,-10.7248835501,2.99521863602,-0.0666946699837,66.20000000000051
195,0.780141402138,-8.36755728579,1.27699015255,-18.4287713604,66.20000000000051
196,0.143127121511,-11.0584520638,-2.6028715184,2.21276827743,66.20000000000051
197,0.765277997379,-48.310269751,37.9502766677,-21.2280416751,66.20000000000051
198,0.111600619208,-5.50233543755,3.73135282424,0.64243183459,66.20000000000051
199,0.122878893781,-7.11059991607,-1.07083226277,1.61867952457,66.20000000000051
200,1.07078014518,-17.1585740987,3.72807350044,-1.82704627688,66.20000000000051
201,0.297927770948,-16.2473304247,8.14466581579,3.13018466702,66.20000000000051
202,0.166987155898,-17.0277931682,-6.96754607793,4.68883137092,66.20000000000051
203,0.449666599693,-18.9028493093,5.47301641344,5.13711797453,66.20000000000051
204,1.7710487671,-10.9354117513,7.95938535457,-5.64421706206,66.20000000000051
205,0.181549600605,-7.15436059525,64.4689872844,43.6958361117,66.20000000000051
206,0.114129336122,-11.9287472684,-1.40083563553,-4.08124016986,66.20000000000051
207,0.343313043001,-11.6310298162,2.71305562846,8.8528267666,66.20000000000051
208,0.584740869334,-17.8267472019,-3.94537591202,8.19620787158,66.20000000000051
209,0.438584703376,-46.5946301862,-4.724583951,0.358066390362,66.20000000000051
210,0.569587811598,-11.6216534587,0.529843512142,0.746616688539,66.20000000000051
211,0.259201355125,-9.84838452879,0.441226780438,3.26330814865,66.20000000000051
212,0.156313592252,-10.2580466296,-1.43299135687,1.79717515941,66.20000000000051
213,0.200300934524,-7.58998139849,0.940566858698,5.43325685487,66.20000000000051
214,0.785986803902,-8.09041567316,5.21096027219,-4.21838130427,66.20000000000051
215,0.263300796399,0.609047087228,15.1429567821,-49.0541928772,66.20000000000051
216,0.192480640574,-5.68926068639,4.10636691862,-2.15796398344,66.20000000000051
217,0.114996378347,-13.3654439441,1.86370171466,2.12642380181,66.20000000000051
218,0.473189475792,-11.7678130788,2.91613388489,2.89486632783,66.20000000000051
219,1.01109332568,-24.0693279702,29.4069394624,-7.10967447849,66.20000000000051
220,0.387122194127,-13.2445572723,1.12625069091,-0.129898191605,66.20000000000051
221,1.34186039528,-13.2442598126,1.75011648896,2.37467646546,66.20000000000051
222,0.343444212579,61.9355917414,62.8930710661,3.00461858145,66.20000000000051
223,1.34849660714,-12.5875728603,0.670497540669,1.92811136021,66.20000000000051
224,0.34393675793,-20.4817319695,-3.86761453827,1.49183487426,66.20000000000051
225,0.208757773948,-8.62254271533,-5.05693168164,0.580427896095,66.20000000000051
226,0.349162440686,-1.51545265045,-3.00207902379,1.80484127721,66.20000000000051
227,0.117781215919,-0.28091862146,11.4627724583,-52.4761770092,66.20000000000051
228,1.1849309892,-35.4958414118,2.08883114156,2.45326553377,66.20000000000051
229,1.18584632656,-10.4240404187,0.721411111826,2.58597749158,66.20000000000051
230,1.87253964633,-13.617563225,-0.349982064004,-0.742901728695,66.20000000000051
231,0.174879235581,-14.1579537721,2.74909517955,0.0798738314112,66.20000000000051
232,0.420102070885,-11.6530081928,1.61390963381,-2.22452367104,66.20000000000051
233,3.38980659105,-19.7323500097,17.3321825521,-19.5908967794,66.20000000000051
234,0.331707722033,-10.7287470724,1.6460592869,0.843048337119,66.20000000000051
235,0.18281812712,-5.38336916026,-2.78492601924,-1.00452813326,66.20000000000051
236,0.149933856468,-9.37476434647,-1.73503298839,0.185041344707,66.20000000000051
237,0.129594807947,-12.7292532339,-3.34026670824,-1.55761528999,66.20000000000051
238,0.175538390826,-6.88215810473,1.59277734715,2.62136012871,66.20000000000051
239,0.118062376541,-12.2079979664,21.2107690528,6.40789362274,66.20000000000051
240,0.176664490743,-9.78132963736,2.70940202257,3.28360283554,66.20000000000051
241,0.738040740824,-10.2973635928,0.426317015896,-0.828897240677,66.20000000000051
242,0.642271135034,-11.4072069747,1.97427791288,1.35048362122,66.20000000000051
243,0.167739541376,-11.9407695018,25.7468524406,-18.4606791845,66.20000000000051
244,0.122957967002,-7.12079340903,7.83505321991,0.91699678077,66.20000000000051
245,0.278037804197,-6.52781469541,8.68185917337,4.78634192841,66.20000000000051
246,0.1637392335,-14.9423192236,-0.0760733200478,1.7948566682,66.20000000000051
247,0.224882299895,69.2555847773,36.1179327568,10.4568237423,66.20000000000051
248,0.475569731638,2.49915652742,9.16986834793,9.6192106918,66.20000000000051
249,0.125198395111,-14.2883675806,32.5491483922,0.619728199845,66.20000000000051
250,0.209406657925,-12.1513372582,6.01381947846,-3.94617768934,66.20000000000051
251,0.526070250051,-11.0959993206,-2.13248771385,4.66427565463,66.20000000000051
252,0.142852005485,-11.3401971951,-44.2772858813,64.4724221335,66.20000000000051
253,0.354924919598,-10.6013129294,-0.040377289809,0.517315831053,66.20000000000051
254,0.153385252724,-19.9553285917,3.49768534734,-2.74516901714,66.20000000000051
255,0.147655236663,-13.89161549,-1.18494584599,4.37131451681,66.20000000000051
256,0.598764683681,-10.4318416355,1.84111342058,0.396920590259,66.20000000000051
257,0.37758116216,-9.16209894112,2.78150607103,2.69841072425,66.20000000000051
258,0.26891609426,-10.4546397771,2.71307357548,-1.64596349671,66.20000000000051
259,0.41149357238,10.8588540512,5.11368052106,46.6002868784,66.20000000000051
260,0.695302940963,-14.3129125503,0.265062758663,1.44277302985,66.20000000000051
261,0.23801962127,40.1202969664,-4.71285091277,-0.713181054744,66.20000000000051
262,0.601739701848,-7.17802823432,2.29871843863,3.28672373472,66.20000000000051
263,0.188254040606,-14.4914264134,2.88975275014,-0.701086107032,66.20000000000051
264,0.139672172048,-11.4967613263,-1.56220959456,-5.91270555159,66.20000000000051
265,0.128904563436,38.2996155213,-26.3503046295,-21.0433954597,66.20000000000051
266,2.15003762328,-2.11699512087,36.778393639,-22.1866205249,66.20000000000051
267,0.24472227128,-14.4267132627,6.05222745449,1.276924441,66.20000000000051
268,0.112012225728,-23.3223228345,0.75034761887,3.35793200332,66.20000000000051
269,0.125011306864,-4.31444435682,1.16053072516,26.8570519482,66.20000000000051
270,0.907135333604,52.9200226661,-13.0480088563,40.2332199616,66.20000000000051
271,0.47361122992,-14.1676352946,2.09556174092,0.652356018092,66.20000000000051
272,1.72015028302,-10.352604831,-0.544374306852,1.25221511129,66.20000000000051
273,0.217643782164,-1.74865190611,-1.91804797212,-29.6683996465,66.20000000000051
274,1.21935800639,-65.8315079378,-37.8639746378,-43.5894373675,66.20000000000051
275,0.109466451523,-10.6524583129,8.25338941073,-14.1694231403,66.20000000000051
276,0.386287443027,-9.02376115832,4.59305149845,-3.16480027101,66.20000000000051
277,0.105403968611,9.64555173352,-18.4177565849,25.8187084541,66.20000000000051
278,1.30769781721,-12.6535081852,2.20368730747,1.27268704668,66.20000000000051
279,0.605650191532,-27.4814106619,-45.0526574357,20.0647614328,66.20000000000051
280,0.225243903799,-11.5083462963,0.757288459442,0.966090588306,66.20000000000051
281,0.100499546946,57.4091701207,-40.6520185244,21.1050183488,66.20000000000051
282,0.289726605539,3.82411916367,21.6487156048,-34.1951891782,66.20000000000051
283,0.140996163272,-15.4892201285,2.80687340933,-13.0769032604,66.20000000000051
284,0.107886444561,-2.75094018652,18.365523752,8.77794747177,66.20000000000051
285,0.381948442431,-14.2443404866,-3.739584946,3.50154793316,66.20000000000051
286,0.20018776009,33.99718167,-17.6563895877,15.6725937308,66.20000000000051
287,0.168560854706,-12.3643935483,-0.304121254992,1.88364847571,66.20000000000051
288,1.82943571166,-11.6402210424,-17.2878763181,-3.39122048769,66.20000000000051
289,0.266189705893,-12.7042050118,3.81021030527,-3.31734706426,66.20000000000051
290,0.260105739625,-9.82166461797,1.56017462627,1.94085974388,66.20000000000051
291,0.178862878058,20.1670750297,-0.0614660566943,-19.7817530431,66.20000000000051
292,0.333231279599,14.5353917139,-2.80049540107,9.20900047595,66.20000000000051
293,1.21815763129,17.2426749364,13.4143768257,13.3499353991,66.20000000000051
294,1.96813863835,-10.1129447161,-0.438598800098,2.85474107552,66.20000000000051
295,0.211614980077,-12.0020072384,-2.27167320915,-7.19320454538,66.20000000000051
296,0.323577110125,-14.1062604831,1.33089481467,4.5960766533,66.20000000000051
297,0.494294964802,-9.05834942074,2.46966094031,-0.622185381735,66.20000000000051
298,0.192655814008,-4.91725797742,6.25229576977,0.548535139028,66.20000000000051
299,0.410851461837,-5.65379316789,-3.19470603777,5.49591409943,66.20000000000051
300,0.190470368889,-7.82716317643,11.1710056479,-12.926421626,66.20000000000051
301,0.179579363452,-40.8050753715,-0.741713850269,-25.6365280048,66.20000000000051
302,0.16004808484,-55.9867040427,-57.8028640392,38.1814188698,66.20000000000051
303,0.21453664536,-10.7483856377,2.12079570471,0.596366267357,66.20000000000051
304,0.146059170316,-31.0126614225,-0.996359217987,-19.6996393551,66.20000000000051
305,0.130086928567,-11.9220732979,-0.644017486009,3.9188281909,66.20000000000051
306,0.120919390238,-15.7537842618,-3.34468543099,4.04260283293,66.20000000000051
307,0.149668878492,-12.3535610106,-7.21301243073,-10.5459391413,66.20000000000051
308,1.29154272711,-9.02274618172,3.8575408385,-4.13296952159,66.20000000000051
309,0.370376833067,-10.8394999155,-0.434873251847,2.06454195179,66.20000000000051
310,2.22921071096,-14.2629483438,-0.27866861737,-1.1969124634,66.20000000000051
311,0.195448661934,-44.9726568446,28.5294395551,0.194269710227,66.20000000000051
312,0.100959102554,-9.66037158087,0.618401270754,1.3730009638,66.20000000000051
313,0.200675646546,-11.1414438084,0.65693620161,0.728871810967,66.20000000000051
314,0.209974068512,-29.275959677,13.9659844276,-2.3802495388,66.20000000000051
315,0.635628326991,-47.2544864905,-28.8979153923,1.72162050746,66.20000000000051
316,0.904628364806,-15.1327431077,2.90384546167,1.56388054219,66.20000000000051
317,0.502699986391,-13.7617693061,2.78189621472,-0.548633423852,66.20000000000051
318,0.163090215372,-10.5683145504,3.2735421851,-0.195985236606,66.20000000000051
319,0.336116425404,-9.7604979603,2.56789422043,2.10615683805,66.20000000000051
320,0.269318734097,-5.2010428048,-10.2714450873,-16.3361018267,66.20000000000051
321,0.145345532194,-12.1209312801,2.07353248748,1.15678329794,66.20000000000051
322,0.128862724993,-8.65004785671,7.7374250215,22.3200738034,66.20000000000051
323,0.435663545211,-15.6716260655,-2.7902496497,2.76072590804,66.20000000000051
324,0.180984518077,6.00113958829,62.7223197935,30.9202209417,66.20000000000051
325,0.756993463827,-11.6343547524,48.119892075,-36.5760032231,66.20000000000051
326,0.130583971499,-26.6894389418,-18.8419914315,-38.1446211779,66.20000000000051
327,0.59972949594,-18.6499550165,25.7696707029,-13.7266256029,66.20000000000051
328,0.32443490124,-47.7613971261,11.8787000961,-19.1776537832,66.20000000000051
329,0.190666112993,-10.831052472,9.82959618195,-20.4315477278,66.20000000000051
330,0.172129673227,-20.4434717226,-20.1617118107,16.7276055393,66.20000000000051
331,0.13816697021,-10.635669318,-2.9790731375,0.845976723185,66.20000000000051
332,0.122820949659,-7.50845221298,4.75174834068,3.35483416747,66.20000000000051
333,0.261734627022,-12.3522825221,1.95275461509,1.73717996513,66.20000000000051
334,0.206402840915,-17.8587584814,6.18809763632,3.90359240069,66.20000000000051
335,0.536226686262,-10.0320736765,0.824026976684,-2.19934955255,66.20000000000051
336,0.31106737668,-12.252365917,0.528959627726,-1.27902165084,66.20000000000051
337,0.790755295361,-28.1071967781,6.06267575483,-12.3766677129,66.20000000000051
338,0.286553453019,-10.5250541033,0.432993620322,4.22021540061,66.20000000000051
339,0.192771060674,-29.8832876994,-42.1561015927,46.1657640289,66.20000000000051
340,3.66095492597,-12.9268323926,0.60272283905,1.99040251246,66.20000000000051
341,0.142308914398,-5.75354007123,-5.47985789204,-11.6365388325,66.20000000000051
342,0.236785488205,2.32158394436,-2.00117106565,1.2802557378,66.20000000000051
343,0.281504618171,-10.565548043,4.09171404733,-1.55021811872,66.20000000000051
344,1.02635667739,-50.2561444375,-4.68673393543,43.8042643416,66.20000000000051
345,0.179922433096,-11.230624103,0.242350154683,1.50098102313,66.20000000000051
346,5.38442960919,-10.9682729237,1.32280381827,1.79401143326,66.20000000000051
347,0.799322127697,-19.1388662903,-2.08184321916,65.1526739984,66.20000000000051
348,1.48708228595,-21.0021336477,10.1028129479,-5.72052059701,66.20000000000051
349,0.5270740512,38.6105926828,-42.9446732036,-66.9152613272,66.20000000000051
350,0.102177650461,-2.18795667226,-8.59769244693,3.22873087281,66.20000000000051
351,0.263384207101,-13.304965876,1.71790590967,-0.418810765134,66.20000000000051
352,0.471984629252,46.7026579686,-11.6463882287,31.8957980714,66.20000000000051
353,0.157875503555,-7.5270098661,3.56155161282,-1.8556591399,66.20000000000051
354,0.872045907158,-16.3988117817,1.86234032727,1.5912216196,66.20000000000051
355,0.159107254577,-10.3325640656,3.19457727384,-0.50187145197,66.20000000000051
356,0.160109303793,-8.7107164066,9.57299302284,-0.279339679757,66.20000000000051
357,0.1644764142,-9.31391701844,-1.01852449858,3.69842698503,66.20000000000051
358,0.18640700407,-11.1805241983,-2.40466115031,6.64940044391,66.20000000000051
359,0.247695783523,2.01350173298,16.6812986376,20.7640096448,66.20000000000051
360,0.122966976778,11.7499304544,30.3939527538,-14.195064979,66.20000000000051
361,0.738268806159,-12.5705959331,-3.72006946185,0.858225457193,66.20000000000051
362,0.115830813031,17.8349760486,-34.2876574989,27.7965804367,66.20000000000051
363,0.109979904787,-8.17639990456,1.1167631125,-2.44067141812,66.20000000000051
364,1.45755061379,-17.2766327826,-26.5026589871,60.7259344766,66.20000000000051
365,0.155082926303,-0.94206602606,28.4723832542,7.40716920914,66.20000000000051
366,0.338607613771,-9.49675614278,1.2011691588,3.34720549593,66.20000000000051
367,0.414079284949,26.7360751512,38.7316094553,-40.1452212006,66.20000000000051
368,0.589206006905,-14.4606504532,-1.66333705535,-0.811299775799,66.20000000000051
369,0.137755790345,-10.3183782415,2.48169450629,3.77566227681,66.20000000000051
370,0.14273338108,-0.555835728323,59.9575725902,-10.3002175458,66.20000000000051
371,0.144616329186,21.2239711375,-2.26297013341,5.8932734225,66.20000000000051
372,0.790619074866,-5.89188058596,6.42681306707,-56.7197650692,66.20000000000051
373,0.119449411192,-15.8970873503,2.13120598352,1.42936696715,66.20000000000051
374,0.289602586133,-7.86767280115,2.93129898119,-2.16825051304,66.20000000000051
375,0.140275256907,-14.3268749962,-0.7570189898,2.39952579915,66.20000000000051
376,0.439778281573,0.356421434094,5.55050954197,7.19085727306,66.20000000000051
377,0.397222458034,44.6325642848,-4.21397463697,-69.1298952235,66.20000000000051
378,0.366934149337,-5.4597855928,5.50565905533,11.1320320043,66.20000000000051
379,0.291835490875,-25.0755656613,-13.5250007645,-32.6480484501,66.20000000000051
380,0.840821507267,-7.91577641508,-1.1899614981,3.75580018097,66.20000000000051
381,0.191789809048,-12.3923295394,-4.80924166089,2.98776452063,66.20000000000051
382,0.420831592546,-36.2209278857,-7.42902647185,20.6419236052,66.20000000000051
383,3.01051832453,7.47330553058,13.5291731887,35.3554324423,66.20000000000051
384,0.155920889474,-18.3962087188,-0.193784852945,3.73208969424,66.20000000000051
385,0.105679745506,-2.66067377409,-0.262748731118,7.7899803784,66.20000000000051
386,0.679967174607,-12.7647686704,0.0624027913918,-1.67563410855,66.20000000000051
387,0.648107783104,25.8283195074,-18.2559362171,3.11278223408,66.20000000000051
388,0.140210796396,-15.6446890369,47.6613638211,-16.0853642386,66.20000000000051
389,0.192453309047,33.6904239098,26.4585231614,-31.279271899,66.20000000000051
390,1.0251963032,-10.0516102255,0.66809758713,-2.90440811159,66.20000000000051
391,0.124622965217,-11.9976360833,0.00533174501074,2.02973170569,66.20000000000051
392,0.999401352586,-0.805045441412,-0.391410564402,-0.09587580983,66.20000000000051
393,0.317878685536,-4.39042613297,-44.7070265451,0.0527724598169,66.20000000000051
394,0.190032118524,-19.0975728123,6.02784650175,-4.62443483029,66.20000000000051
395,0.108571189514,-0.703120998103,0.381633535209,-26.003525114,66.20000000000051
396,0.563277408773,-13.6053797289,1.12828309576,3.28745246917,66.20000000000051
397,0.218442091791,-16.6799552752,1.40994589859,0.474128417428,66.20000000000051
398,0.57629382461,-11.1441567768,-9.206581291,13.1831241399,66.20000000000051
399,0.109807073323,-10.328847756,8.2657684104,2.89539794549,66.20000000000051
400,0.26752338389,-16.4566758198,5.91768985365,2.62086652822,66.20000000000051
401,0.19964281407,-11.7316253189,2.26639363026,-0.0999430294635,66.20000000000051
402,0.222512809599,-9.16362201742,7.71919784055,-8.07100518325,66.20000000000051
403,0.112119261061,-13.2842105582,8.07310962543,25.8120682946,66.20000000000051
404,1.00266886871,-12.0537334963,0.16038598191,1.69965147507,66.20000000000051
405,0.444549043485,-12.8930340762,7.82586514857,1.90081234515,66.20000000000051
406,0.165564443218,-12.0261751966,-2.08464050513,2.83020199239,66.20000000000051
407,0.166728528152,-20.7927853647,-5.3105800941,0.745962944044,66.20000000000051
408,0.40764429322,2.12520588086,7.41632710876,5.82970607188,66.20000000000051
409,1.50243367724,-9.08260121941,1.56716157136,3.12346890023,66.20000000000051
410,0.269287829659,-14.9220913773,-0.84340554847,2.41150688082,66.20000000000051
411,0.102108738387,8.25499010973,37.3492815671,1.18124521833,66.20000000000051
412,1.11414487197,-14.1696036156,18.5472468692,19.8450556693,66.20000000000051
413,1.22780611983,-10.3368729811,1.69063929813,1.66580471965,66.20000000000051
414,0.104781242501,-14.0391297505,2.12783215504,0.544479857222,66.20000000000051
415,0.293214880897,-8.96371964455,0.6889484326,-0.151661204151,66.20000000000051
416,0.388792499097,-4.91109895583,8.45877112605,0.678117101813,66.20000000000051
417,0.440571967053,44.5495677983,-113.230486298,-14.9423588166,66.20000000000051
418,1.44937391191,-12.637211778,0.974958999458,0.600221921765,66.20000000000051
419,0.140410780876,-32.593163913,-22.2438498991,37.5416860113,66.20000000000051
420,0.364899540025,-9.17076388845,0.41287415442,5.98892669758,66.20000000000051
421,0.324922956531,-9.70550257197,15.037237092,17.4097511341,66.20000000000051
422,0.431500586855,-9.4656583946,0.815368229996,2.1299761646,66.20000000000051
423,0.226297837928,-12.2781115292,2.6035320636,2.34664530773,66.20000000000051
424,5.64089881167,2.43844832682,-38.1014330829,42.8626832754,66.20000000000051
425,0.484068548128,-12.2164871172,-1.16553275969,0.882387058362,66.20000000000051
426,0.1180020416,-9.56444969753,0.363423184948,1.10209004392,66.20000000000051
427,0.260267017128,-11.1690476477,-2.15434533464,1.37694933834,66.20000000000051
428,0.374122138957,-47.2332309848,0.0509262944232,79.9959128294,66.20000000000051
429,0.121873341978,-16.0246816335,-7.80925309486,24.8305056195,66.20000000000051
430,0.601349022523,-14.330264057,-17.6612303476,13.0778018514,66.20000000000051
431,0.158888016748,-10.8351739263,-5.08399424185,3.42699510799,66.20000000000051
432,0.138851510258,3.39762440305,3.90735466339,-9.73445483517,66.20000000000051
433,0.234313504789,-15.8524840144,9.53214190614,-1.4642520491,66.20000000000051
434,0.180887226824,-10.6813060723,6.60448643981,4.9995187338,66.20000000000051
435,0.107893473585,20.1460474088,23.0391047662,-15.1342554071,66.20000000000051
436,0.13442236747,59.7079139355,23.7230866694,-23.749853513,66.20000000000051
437,0.23619406066,-17.2899816784,1.44132576566,-2.68314481015,66.20000000000051
438,1.51301513853,-14.016473442,-3.82007374975,0.261077778343,66.20000000000051
439,0.3137418443,-20.9607035073,-11.8872510687,-8.53086084308,66.20000000000051
440,0.111953930059,-28.7833401311,-13.0690320298,-40.574067436,66.20000000000051
441,0.252984349523,8.84867328326,13.9599355401,-9.48841383703,66.20000000000051
442,1.81537858771,-10.2924896104,-7.33088840341,5.09299384695,66.20000000000051
443,0.179698445177,6.52131356479,18.1821678871,-31.2104590208,66.20000000000051
444,0.14085618275,-11.9535419789,1.02071223571,5.13533069127,66.20000000000051
445,0.137752202858,-36.2222727866,14.3252236414,8.76208997834,66.20000000000051
446,0.138556743104,3.53833959653,4.06963640588,-1.7375917536,66.20000000000051
447,0.20007827235,-9.29607873123,1.18702581162,-0.991260078626,66.20000000000051
448,0.341205709302,-15.0821669807,-0.580397722904,-2.6711137187,66.20000000000051
449,0.152028275249,-31.995235494,-10.3657940182,-3.12455470148,66.20000000000051
450,0.100099987794,-40.7728615714,27.2227613346,-6.96142196494,66.20000000000051
451,0.126802361597,-27.9618575009,7.1051914332,16.71109076,66.20000000000051
452,0.2176503605,-11.5435588437,0.98084450498,5.52065609631,66.20000000000051
453,0.482656911921,-36.7939536525,-27.6033868648,85.8649821455,66.20000000000051
454,0.104742178357,-99.4360609887,-63.902493071,17.115487489,66.20000000000051
455,0.162216774329,-13.8531177689,12.5412387062,-2.39100879012,66.20000000000051
456,0.134209936148,-7.36336289993,3.13649627346,0.611947410209,66.20000000000051
457,0.205416216772,-13.710670746,1.34549233083,-2.8364901668,66.20000000000051
458,0.269860720585,-13.628409001,-37.8128025412,-27.1397527685,66.20000000000051
459,0.107114865008,-25.2315734592,-3.19962997106,-8.35347893645,66.20000000000051
460,0.280321444079,-3.31784633367,-17.0143788676,-6.19343925691,66.20000000000051
461,0.116511965444,3.22228735221,3.72457114511,16.1855360765,66.20000000000051
462,0.205133341603,-11.4182337007,-2.61259542146,1.21319607013,66.20000000000051
463,0.230365475267,-14.0134848618,2.11481532202,2.11373701455,66.20000000000051
464,1.4166116482,-12.8831774333,-0.217616373136,1.62085080632,66.20000000000051
465,0.122966181838,6.37847697765,16.7736324275,-24.1787761125,66.20000000000051
466,0.208039397802,-8.74055091404,1.53142021043,0.46563743405,66.20000000000051
467,0.156299706963,-5.49800246804,11.2586783249,49.8842668242,66.20000000000051
468,0.291950653388,-12.3181637565,-1.92639299912,-4.99336799186,66.20000000000051
469,1.81248542943,-49.106746482,0.41774756471,32.6437587986,66.20000000000051
470,0.110474863864,-12.3456067609,-0.438694195901,-0.0734056459267,66.20000000000051
471,0.591320623002,-5.62987022704,-3.87213548355,2.36290998999,66.20000000000051
472,1.54337313891,46.0330977588,-14.4675112988,10.8035404508,66.20000000000051
473,0.172262504257,-14.0845991064,0.744614105756,1.20009774404,66.20000000000051
474,0.581478167889,-16.0002379535,2.85287631906,-1.49289657966,66.20000000000051
475,0.132603953801,-9.13106306754,-1.07045412902,-0.677901793447,66.20000000000051
476,0.10970243372,-17.7146379537,0.0355248123099,4.61817656837,66.20000000000051
477,0.418275468676,-8.58085418627,-0.0217769352495,-1.65374702756,66.20000000000051
478,0.258498029157,-28.828537752,47.8419113256,-59.3832341257,66.20000000000051
479,0.361014902406,-6.87521072185,4.64131036143,1.54355147212,66.20000000000051
480,0.666120492123,-9.32763928127,3.42545663435,-11.6646570393,66.20000000000051
481,0.104864729115,-1.9411054938,-5.40388783164,-1.31250996361,66.20000000000051
482,0.129217718304,18.5939620747,-18.8930141891,16.837736088,66.20000000000051
483,0.165773805115,-13.0726744633,-0.75787787459,0.430853150238,66.20000000000051
484,1.09834014148,-6.78969289612,-0.687353700229,-4.06392288395,66.20000000000051
485,0.351573127675,-9.14308423578,2.41776122256,-2.54551018921,66.20000000000051
486,0.351394153762,-17.3095630765,10.7719485705,1.59668902145,66.20000000000051
487,0.217182917815,-5.38977891902,-40.7292741271,-73.6200996431,66.20000000000051
488,0.109857987777,2.03377921816,2.61554033289,-66.9918527171,66.20000000000051
489,0.512579857775,-12.3947466927,0.271041161882,2.67434297607,66.20000000000051
490,0.232965855812,-8.84365853364,-1.93555807866,-0.363936759768,66.20000000000051
491,0.125078731658,-33.1396590599,39.5280283383,-13.9869836151,66.20000000000051
492,0.105236286466,-11.9593652719,-48.0698291643,15.8612248594,66.20000000000051
493,0.822183784113,34.8941280364,18.9489576046,-46.9696518548,66.20000000000051
494,0.182475257979,-2.02894521408,37.4365315907,-52.9385198618,66.20000000000051
495,0.5121583001,-4.63448511047,-4.22982037732,20.3537978298,66.20000000000051
496,0.232451082225,-12.1920426395,-5.94292148944,-8.81315982964,66.20000000000051
497,0.439344358422,-43.5369109319,54.8182213288,-16.9317079055,66.20000000000051
498,1.20063342554,-10.7239874942,-0.264178227187,2.26292291995,66.20000000000051
499,0.415619592254,25.8125421657,-74.2591289574,16.2180514129,66.20000000000051
500,1.44921613026,-14.0405993696,2.03277066191,-1.05844527206,66.20000000000051
501,0.777621067678,16.0696881969,20.1387555077,49.9706373839,66.20000000000051
502,0.121722116569,-7.720084166,9.31009366843,6.33601612188,66.20000000000051
503,0.304994417786,30.2582206178,69.2037953703,21.3736832489,66.20000000000051
504,0.204042197411,-14.3296234496,0.451222557419,6.13748095619,66.20000000000051
505,0.14416712056,-13.1978898647,4.1635678094,11.4414861508,66.20000000000051
506,0.468530022642,-12.0876796709,-22.9071300504,-9.33584443659,66.20000000000051
507,0.247488696115,-26.4105477051,17.3513686436,4.68836756492,66.20000000000051
508,0.374885019272,-14.3063793901,8.18096938107,-2.66855115424,66.20000000000051
509,0.159190872505,-4.26646922337,32.4088937149,9.30286335307,66.20000000000051
510,0.142710291651,10.7742030633,-3.10831784948,60.6834438955,66.20000000000051
511,0.153420974986,-14.1361475996,3.30608450349,1.36887311044,66.20000000000051
512,0.124106723943,-12.4899736599,-2.12571478544,7.83838821234,66.20000000000051
513,0.164820993378,-10.0712217619,4.00021849187,-2.16964238977,66.20000000000051
514,0.132141810328,-14.0257559257,1.31899793909,2.92472393711,66.20000000000051
515,0.454689997893,-15.1331925604,-2.99055334965,-8.23798394255,66.20000000000051
516,0.166687224216,-15.1273634537,1.92237094912,1.35654775433,66.20000000000051
517,0.408919897996,-10.5107554137,0.900828000795,-0.778861852127,66.20000000000051
518,0.265626768274,-17.0922747901,-48.9436834485,-22.8236882081,66.20000000000051
519,0.216728680025,-9.16887047861,-7.92078259039,10.2254009392,66.20000000000051
520,0.173490222252,46.8980918409,-4.62693393657,-11.5590595477,66.20000000000051
521,0.162493467888,-10.1165811611,-0.273784796739,-3.25675783393,66.20000000000051
522,0.386611545396,6.31764059756,10.7851889852,-21.5378430447,66.20000000000051
523,0.298493134639,-13.45047732,-6.7893023491,0.0470817600722,66.20000000000051
524,0.101875783023,-7.67107168091,8.55852521726,-10.023438977,66.20000000000051
525,0.529608101748,-7.3112373486,-0.0801436838325,-6.39074910129,66.20000000000051
526,0.315888920695,-50.1499546632,23.4019059973,-34.7756519268,66.20000000000051
527,0.815823861153,-10.2851804756,0.10427807485,1.01004034408,66.20000000000051
528,0.195154978689,-12.7058590611,17.8522298377,39.8261261294,66.20000000000051
529,0.297411400739,33.7908893636,-11.3116016331,52.7427474648,66.20000000000051
530,0.201579215364,14.2448905015,19.416798278,-30.6642355541,66.20000000000051
531,0.865956414334,-11.9265028866,-2.32408136449,-0.564087513122,66.20000000000051
532,0.497943871019,-9.70729390389,19.3928036051,5.73826212267,66.20000000000051
533,0.178714867812,-12.0007293859,1.12507044443,3.65412671974,66.20000000000051
534,1.74752329067,3.17422942684,-3.97351352966,10.6130297655,66.20000000000051
535,0.718139456474,34.62925796,10.7061644323,-28.1198267822,66.20000000000051
536,0.124050626507,-11.2668471817,2.30880760825,1.16827529433,66.20000000000051
537,0.152891149697,-4.97955562411,-0.140337792891,1.3208230664,66.20000000000051
538,0.393212022329,-14.2938267792,1.0421504556,2.41125403538,66.20000000000051
539,0.49426920479,10.3512217799,4.03110334911,-30.8523640508,66.20000000000051
540,0.529535899059,-10.100911268,0.482554566626,-2.11631885391,66.20000000000051
541,0.665360650732,-51.8913113138,24.8173044954,-0.605146407829,66.20000000000051
542,1.31450442825,-11.5377816775,0.733382837773,0.995030269046,66.20000000000051
543,0.208039990147,-10.7684172835,2.29847424514,4.04048546066,66.20000000000051
544,0.306116349615,-24.065363285,-3.14525821628,1.22013699056,66.20000000000051
545,0.108764294527,-14.1455961507,-0.872261915336,0.675873152028,66.20000000000051
546,0.108168910557,-10.3916876845,5.52581524627,3.09799029084,66.20000000000051
547,0.142459142687,-12.5092095497,0.375622429048,-0.948522311775,66.20000000000051
548,0.101895968191,-13.2161856556,-1.89271803524,-0.185438093833,66.20000000000051
549,0.666063551887,6.97752314233,-18.5224291757,30.9833212135,66.20000000000051
550,0.302834321411,-20.9422134864,-84.8871094387,0.192303208187,66.20000000000051
551,0.161910292885,42.6097916603,-24.9341389675,37.7721017157,66.20000000000051
552,1.14430624353,-26.967568971,-12.7274532891,-0.853198385203,66.20000000000051
553,0.299771778653,7.49175487784,-25.5573890435,34.4645126122,66.20000000000051
554,0.12065908405,-16.806326313,-1.65326182713,2.42453885702,66.20000000000051
555,0.148628159566,-11.1146218728,-2.11192778172,-0.791161905179,66.20000000000051
556,0.121357628514,-9.09093185222,-1.49749280838,5.7247658801,66.20000000000051
557,0.235123879701,-12.7040384967,1.45497860276,2.02275264647,66.20000000000051
558,0.111015930677,-32.8722972023,-13.3863498446,4.29756489975,66.20000000000051
559,0.64158376088,-11.7877240671,2.67263281733,1.48070811945,66.20000000000051
560,0.606983237834,-15.1286734531,-1.09499602436,1.88783115526,66.20000000000051
561,0.14769469082,-14.6246010197,-1.66979770786,-5.63481144263,66.20000000000051
562,0.401453492691,-12.1548474352,-1.08426913525,-0.664109720523,66.20000000000051
563,0.247255159008,-1.76088933562,-6.99998506602,-19.4442752502,66.20000000000051
564,0.119200996593,-13.9828880845,-5.40077536232,-0.647908397902,66.20000000000051
565,0.107816297735,-10.6798534023,-0.190652171932,-1.63430497924,66.20000000000051
566,0.293075266813,21.4803334082,-10.1356955035,-2.93738395237,66.20000000000051
567,0.291057102258,-7.14479595999,36.0256492224,17.7364331143,66.20000000000051
568,0.107709361811,-8.37060283336,1.42077253988,6.12568132889,66.20000000000051
569,0.14254153867,48.2802754539,13.0585751099,-6.05087307928,66.20000000000051
570,0.673015569796,-11.6497764635,1.73198012963,-1.08084132016,66.20000000000051
571,0.168209538595,76.7294321895,-39.4747521743,37.906591682,66.20000000000051
572,3.11087796426,-9.68867715565,1.94388897591,-7.46415610243,66.20000000000051
573,0.649852993289,-34.3215275561,-1.12944135554,-4.93971842712,66.20000000000051
574,0.420964810674,-22.4096876953,-3.4876309931,-12.1910006121,66.20000000000051
575,0.360158793799,-7.98626449594,-1.20242093815,1.60924279559,66.20000000000051
576,0.525285941982,36.2007899747,39.5235449313,10.7213139264,66.20000000000051
577,0.132765665767,-2.90858311437,-39.8851650814,20.5496635218,66.20000000000051
578,0.162761702372,-15.2700815955,10.6383960673,-0.0425978188105,66.20000000000051
579,2.1374046677,7.88459066052,13.4073833135,35.6103216051,66.20000000000051
580,0.179453376889,-41.6506901398,36.4001060112,-18.3732757524,66.20000000000051
581,0.120209950112,5.97781356739,-30.3905515559,30.8740234532,66.20000000000051
582,0.158598723378,-14.6484067677,-0.940231297397,2.91069618239,66.20000000000051
583,0.517839831468,12.0980242222,-41.6135992832,-30.7837458628,66.20000000000051
584,0.147515487295,-9.32837477206,5.38460858198,4.34944533441,66.20000000000051
585,0.138492291637,-13.6029262886,1.03233800969,1.63068308571,66.20000000000051
586,0.197008510992,-13.5431519454,-1.56779730054,1.35015222542,66.20000000000051
587,0.478346851116,-32.61384188,-9.40352261393,-13.2456773081,66.20000000000051
588,0.213203819515,-9.93521687056,6.13802583819,-1.85026941538,66.20000000000051
589,1.57213184444,42.1451060417,-21.6092935721,9.13799470346,66.20000000000051
590,0.114031497858,-10.2933389791,1.9662028031,2.25359089839,66.20000000000051
591,0.931689107706,-17.2590309725,-3.41805604848,4.19813587389,66.20000000000051
592,0.188405391459,-12.233174046,1.15963581941,2.60457247084,66.20000000000051
593,0.482196596946,-13.9189151624,0.0246096515988,-7.85139069142,66.20000000000051
594,0.327450451765,-3.21295875351,-3.95806990059,-6.51437445973,66.20000000000051
595,0.990698433588,-14.2053155133,1.74232554189,-1.4235169143,66.20000000000051
596,0.286606131051,-11.7182925839,0.786514078231,0.0868436896017,66.20000000000051
597,0.141423785275,-12.1007970237,1.04393658579,-5.98115244996,66.20000000000051
598,0.173657223873,-15.2374377116,-22.0836944511,73.9032898278,66.20000000000051
599,0.108886517163,-11.4400267038,7.45951638312,-9.70543077528,66.20000000000051
600,0.106874163369,-24.8855590452,-19.2208656687,-19.7946279533,66.20000000000051
601,0.420476393239,-56.723617729,-6.5372811775,-105.979409622,66.20000000000051
602,0.328048787241,20.8025983713,-9.3052846643,27.8580435483,66.20000000000051
603,0.316582798765,-1.21532150882,1.61891478339,0.034467025712,66.20000000000051
604,2.59721873726,6.80304049933,14.017484807,-24.6400592013,66.20000000000051
605,0.782128765999,-11.2278312001,0.0783916061685,3.51501174128,66.20000000000051
606,0.108014663441,12.490773559,12.5215375298,11.1561456642,66.20000000000051
607,0.116585284704,-4.33093992235,10.1827525347,5.93559684773,66.20000000000051
608,4.88434709214,-3.27105846544,4.01385767455,7.12215069266,66.20000000000051
609,0.165380642025,-11.2131110171,5.13878490405,-9.01500696488,66.20000000000051
610,0.299692754069,2.75255113237,-0.797316038553,2.52770152694,66.20000000000051
611,0.688334917703,-16.4111124664,-9.19009475072,-11.1132349305,66.20000000000051
612,1.02652993913,-9.48990001778,1.47575965159,1.66887564731,66.20000000000051
613,0.123525247983,64.1859721548,66.3719224789,56.5638237256,66.20000000000051
614,1.32377973475,-8.62036208845,0.655170976441,7.35734208302,66.20000000000051
615,0.529004015942,-9.16455267964,1.96948990908,5.82409704589,66.20000000000051
616,0.188026246858,-7.76146054967,-2.72573105186,3.04481744548,66.20000000000051
617,0.572793494835,-12.4708237751,-6.41724931423,-3.23332002162,66.20000000000051
618,0.152835126119,-7.27893600218,-0.705214790909,-2.18945434603,66.20000000000051
619,0.464923871893,-3.62222723167,-4.37768313268,5.64257055805,66.20000000000051
620,0.632102602066,15.6001809598,13.1753137596,17.2879029875,66.20000000000051
621,0.151298743407,-18.6262425298,5.29634973435,2.63035203433,66.20000000000051
622,0.435904851867,-10.7342742656,-3.03367855591,2.97582301859,66.20000000000051
623,0.128655362355,-4.64494436194,8.21387730602,4.80058803604,66.20000000000051
624,0.117559862094,-9.08602281981,-1.32008670121,10.5731218391,66.20000000000051
625,0.346371285016,-12.5388541777,-10.3624326522,23.6992211508,66.20000000000051
626,0.47099720523,-14.5374287486,5.23378769428,-2.96055410744,66.20000000000051
627,0.12415582343,-9.84550007453,1.27597881681,0.185822493853,66.20000000000051
628,0.230526473043,27.5460959821,80.3506274468,-18.0600583528,66.20000000000051
629,0.161172481568,-6.69311819064,32.315425196,22.878572786,66.20000000000051
630,1.03871894951,28.741103259,37.3458042049,9.28363009714,66.20000000000051
631,0.193993709234,-10.7377641299,0.961899781116,4.43765916306,66.20000000000051
632,0.190939903095,14.7869249225,-32.4046157037,-7.59781566364,66.20000000000051
633,0.23291301447,-1.61185467451,-14.4721461955,28.0734431538,66.20000000000051
634,0.221379699849,36.3331820654,-10.6481262193,-22.4443092621,66.20000000000051
635,0.247389172977,-12.4070817557,5.32370966873,1.05432202546,66.20000000000051
636,0.102372653235,-48.2258515538,31.7450787496,-49.6132264654,66.20000000000051
637,0.177615575058,5.64692676793,-3.53264952803,5.19240753878,66.20000000000051
638,0.450462298917,-14.321658812,-2.03159842133,13.8215035133,66.20000000000051
639,0.489856577274,-14.2717147999,33.7704601462,91.5883111288,66.20000000000051
640,0.363116115239,-11.2927584402,1.57786020174,1.43861318959,66.20000000000051
641,0.244194239961,2.88526638678,16.7425111775,-6.47790055977,66.20000000000051
642,0.125489533308,-10.363679678,1.74746186643,1.50299763287,66.20000000000051
643,0.244572102815,-41.6461741844,50.9751333188,-43.5571794775,66.20000000000051
644,0.23219617598,-14.8794392401,-5.54423201024,7.51163372426,66.20000000000051
645,0.152365239728,21.8566994067,-3.65155761925,5.62514665616,66.20000000000051
646,0.135998629181,-10.6205473724,-0.113537844004,7.6348814275,66.20000000000051
647,0.109625002504,-10.3822218449,-3.81855835414,1.95876274527,66.20000000000051
648,0.157783999666,-33.392669257,-3.85478348149,15.2577184365,66.20000000000051
649,0.153095012777,-13.1366828779,-3.99902270786,3.87727546638,66.20000000000051
650,0.245684701965,-7.8641197677,2.16427234196,0.120583942524,66.20000000000051
651,0.333608768922,-13.9702940906,2.68602379485,-3.52999866473,66.20000000000051
652,0.225451859828,-26.5139423669,13.3321662273,-6.34330665614,66.20000000000051
653,0.407853074582,-14.6834914905,-0.132640516154,4.03156712918,66.20000000000051
654,0.120808749382,-0.50933483775,12.842149165,8.32288998173,66.20000000000051
655,3.74382004057,-10.4072167335,0.728422689542,2.69021274834,66.20000000000051
656,0.16804938819,3.64872036143,29.6748010461,-32.5425029404,66.20000000000051
657,0.628345517911,15.3295885961,12.3779194838,-15.7384857583,66.20000000000051
658,0.28858287791,31.7960773634,68.0528643208,37.2280783391,66.20000000000051
659,0.322577178001,-5.37338604302,-4.27909316074,2.51061065185,66.20000000000051
660,2.20403648039,12.5252963654,22.6508085235,-38.2142499318,66.20000000000051
661,1.54165453081,-17.1621191396,-3.22727169469,6.7476322029,66.20000000000051
662,0.346907111221,-12.0059309951,1.72246764574,-4.45845951874,66.20000000000051
663,0.177797213508,-20.8669296593,-5.24991326368,2.61589130599,66.20000000000051
664,1.30552389142,-19.5331766555,13.5744436332,2.89465844163,66.20000000000051
665,0.286028628089,-16.1738846502,1.59461408776,-7.02364531564,66.20000000000051
666,0.415097357164,-14.4086361879,2.70060499884,6.09164185267,66.20000000000051
667,0.415008140557,-11.0603114358,0.594198605115,1.29439770972,66.20000000000051
668,0.125085627436,-13.0948654277,1.99242475737,1.81489030428,66.20000000000051
669,0.120042053634,-22.2541430499,3.53983161484,-1.07693431544,66.20000000000051
670,0.189904757616,0.361836803738,46.3751529362,-6.2111213327,66.20000000000051
671,0.273442899197,-8.48350983222,6.43914962117,4.52130649971,66.20000000000051
672,0.9848821778,-49.7672910214,90.1213349178,-68.3142782134,66.20000000000051
673,6.13987351693,-13.0167558371,0.322855151022,2.14854551169,66.20000000000051
674,0.527964748277,-35.4713292949,-21.8509981704,-54.6796099724,66.20000000000051
675,0.233490496589,-6.95670117046,2.56213619066,-3.17130810087,66.20000000000051
676,0.299849326653,-13.7591036838,2.56636988527,0.236490788532,66.20000000000051
677,0.401216157228,-5.81359915802,7.49045597431,36.3380684769,66.20000000000051
678,0.371018894037,-15.7638445947,0.756680940246,-3.13186781802,66.20000000000051
679,0.294464309016,7.73557135708,43.1579017895,-10.8298739732,66.20000000000051
680,1.31409540299,-12.1819392904,1.73127770168,1.73781527605,66.20000000000051
681,0.104142563261,-6.70712817772,-4.59667302527,-0.539518122841,66.20000000000051
682,0.14217046614,-8.45271035371,3.09454968433,0.74143809909,66.20000000000051
683,0.393651088816,-13.676774386,0.787438608551,1.68397647374,66.20000000000051
684,0.122891988528,-6.28757312797,-0.0367271978498,7.24180166466,66.20000000000051
685,2.98121697519,44.0862907935,25.4620415539,-79.4865178439,66.20000000000051
686,0.354927634686,-10.7505379052,-12.3767970004,-3.69069240408,66.20000000000051
687,0.362489973246,-11.818526456,-0.408506687468,5.70415345863,66.20000000000051
688,0.187637080814,-7.78631224993,-5.41236335679,4.67404652601,66.20000000000051
689,1.22966415977,-14.9312503418,-0.357431458755,-4.70929434481,66.20000000000051
690,0.227627935146,-12.5272695684,-0.197199606541,-6.27232922889,66.20000000000051
691,0.664770849018,-9.20681405651,4.32858319895,-2.90469059978,66.20000000000051
692,0.136886203336,-13.8486293343,13.4852035748,3.27030770539,66.20000000000051
693,0.104505469537,-8.01858681144,0.237881245748,2.39354821897,66.20000000000051
694,0.579320168727,-9.47250881341,1.40112108974,1.91221733044,66.20000000000051
695,0.291741168809,-1.52389770629,5.24645160118,-0.830970451462,66.20000000000051
696,1.1601397874,-12.3950832165,0.983462234055,1.85259544835,66.20000000000051
697,0.665250201546,-12.1929259129,0.584575442556,1.55373163502,66.20000000000051
698,0.646728455403,-10.8384907604,-17.5683303918,-3.55731837057,66.20000000000051
699,0.279836260847,-14.8081173847,0.613905957603,7.83393170914,66.20000000000051
700,0.279009790324,-12.8683673442,-10.5886895134,-2.83074606899,66.20000000000051
701,0.420478578845,15.0122688635,-4.02414089157,-27.9876921073,66.20000000000051
702,0.101294690938,3.08729399715,-7.79798791657,-0.753733228784,66.20000000000051
703,0.127751807557,-16.0248849314,-3.96978898208,-0.997008118829,66.20000000000051
704,0.115254307239,-17.4927208911,-1.57519055005,11.6520458554,66.20000000000051
705,0.708224182843,-11.3390154252,2.22193993639,1.25291235372,66.20000000000051
706,0.258802259682,-18.6296726317,-43.1967888983,34.787784002,66.20000000000051
707,1.24339778816,-14.9749233581,2.20955731583,1.01291051829,66.20000000000051
708,0.149795800991,-11.5498468814,5.39301575041,-1.98563002874,66.20000000000051
709,0.136834662657,-12.3531097509,-1.58395392322,5.95622293571,66.20000000000051
710,1.47642089774,-8.37236337937,5.50123811223,-4.16776970426,66.20000000000051
711,0.562084032464,-7.52603227072,2.1332034536,-1.30670397027,66.20000000000051
712,0.214120232567,-11.5176014546,0.704582660511,1.2161092186,66.20000000000051
713,0.143164328424,17.8871790221,-3.85320991233,0.471758034834,66.20000000000051
714,0.165451630599,-9.91401858077,-1.44992389359,0.316392216438,66.20000000000051
715,0.159371956508,-6.72861084173,-0.993244579949,-1.75873220121,66.20000000000051
716,0.188250485557,-3.97623013944,5.31416773299,-8.27126261833,66.20000000000051
717,6.09916548007,27.440871719,36.7904474905,10.8582125388,66.20000000000051
718,0.127031709859,-25.5471697692,5.41643125588,2.26979120887,66.20000000000051
719,0.772860488485,-12.5247625999,-1.16484956949,-0.780976233838,66.20000000000051
720,0.376684028379,-23.4733000744,13.1398080149,-7.3334868105,66.20000000000051
721,0.454175465362,-24.4302101727,-21.7773706999,10.9461257375,66.20000000000051
722,0.16943364132,-12.7858967586,-1.11881976207,0.376444889874,66.20000000000051
723,0.459236556149,-14.9179188821,2.53662988504,0.420382638163,66.20000000000051
724,0.287348687336,-22.5402285516,2.71179806999,-10.6218173747,66.20000000000051
725,0.143323305586,-1.85568581459,3.24809038085,-3.46355514643,66.20000000000051
726,0.262837503136,6.91467056291,34.3254196197,2.79081473478,66.20000000000051
727,0.195876725524,-20.5499710247,-7.17643098486,-4.63242318255,66.20000000000051
728,0.929854422155,-10.1630754929,-0.589265199967,1.46218980737,66.20000000000051
729,0.17971804699,-33.5308216263,-11.9593757278,-20.2433530751,66.20000000000051
730,0.170214722181,-0.322790065279,15.4851820457,11.0860061992,66.20000000000051
731,0.554312402098,1.8224853786,3.08500313481,-2.88353351708,66.20000000000051
732,0.592987432282,-26.9242459876,-13.8997393964,-63.8428059942,66.20000000000051
733,0.100461448941,1.21598565829,3.76554758172,-20.9136498879,66.20000000000051
734,0.390095547262,-12.672151529,1.81723122904,2.06250161897,66.20000000000051
735,0.150942174373,-35.1485688443,-23.7971866438,12.2482487285,66.20000000000051
736,0.184511766495,-12.5359598943,-0.760254977563,-0.96002148187,66.20000000000051
737,0.126492562102,-12.7624961313,2.77531593226,-2.67892785443,66.20000000000051
738,0.629902771311,-15.3037333753,-7.51667168992,-10.88989372,66.20000000000051
739,0.268208353517,33.6847438057,-42.1035269807,37.9070081677,66.20000000000051
740,1.19601068682,-11.1639096465,2.09871824976,1.70834339633,66.20000000000051
741,0.179812239033,-8.17247237334,-2.8761221068,10.4886216389,66.20000000000051
742,0.169349500615,-8.18788857064,1.74989347561,-1.20613757999,66.20000000000051
743,0.179844506904,-12.4203604477,4.34744763322,0.718816972668,66.20000000000051
744,0.895968042687,11.6660821473,-78.2344305292,15.1306808418,66.20000000000051
745,0.458670350797,-10.7051688293,6.48349654168,5.04606677066,66.20000000000051
746,3.46082014715,-12.2624970495,1.42825494058,0.226756092468,66.20000000000051
747,0.748513764926,-18.7023178399,8.5275632099,12.6759904803,66.20000000000051
748,0.894901477528,-21.1948235811,28.6790912259,-3.14041268632,66.20000000000051
749,0.454660037514,-25.6479589535,8.67598979632,-13.5469830648,66.20000000000051
750,0.553507477838,-10.8541743755,-2.3595197836,-0.33767847016,66.20000000000051
751,0.124093697062,23.9546919589,-98.0867803387,-18.5884535544,66.20000000000051
752,1.95246698868,-11.5707983789,0.808968420753,3.38631987094,66.20000000000051
753,0.395717218243,-0.560538557742,19.6649232555,-30.8760898394,66.20000000000051
754,0.114368977666,-12.3167655594,2.80325008553,-1.29565738413,66.20000000000051
755,0.326879420119,-16.0664837433,2.43714457238,1.36143003789,66.20000000000051
756,0.560343406962,-10.1554991866,1.86696673295,2.76759183448,66.20000000000051
757,0.247669341066,-12.5577354469,-0.148756109143,1.41146350604,66.20000000000051
758,0.31145555202,-8.84811559111,1.16887808819,3.60930557483,66.20000000000051
759,0.467966551502,-16.3163247642,-5.12597674098,1.84868993454,66.20000000000051
760,0.374404591557,-32.9965182512,11.1915255536,47.9158279441,66.20000000000051
761,0.10892171342,-32.1955171916,-10.4345334319,-21.6045599293,66.20000000000051
762,0.466329757264,3.67287406021,-15.3508715379,-68.9948531865,66.20000000000051
763,0.126833521207,53.8515482595,93.494401154,20.0732742624,66.20000000000051
764,0.575646601867,-11.4946350915,-8.50585719149,2.34496446595,66.20000000000051
765,0.549028977122,-12.3411854863,0.142321938554,2.91429686227,66.20000000000051
766,0.158544011844,-27.6345900018,-28.4575287424,-55.1456053528,66.20000000000051
767,0.178703689945,-25.3595063829,5.68880500745,1.71805631936,66.20000000000051
768,0.35172355305,-9.37839587117,0.695682902811,5.64991579082,66.20000000000051
769,0.130035543984,-12.5022315548,-0.130857763368,2.21439252741,66.20000000000051
770,0.113560304703,-8.27028010438,5.64566638616,3.73446078863,66.20000000000051
771,3.35416721314,-9.21676398923,-14.7767846998,14.1406108083,66.20000000000051
772,0.369400919246,-23.8963616555,1.81783163251,-2.48354749534,66.20000000000051
773,0.548589819469,37.3228632326,-20.0176097032,11.716831429,66.20000000000051
774,0.195898656706,16.0006639745,38.3083998394,-29.42834613,66.20000000000051
775,0.250250753776,-25.007124539,34.3378842316,-10.8855767557,66.20000000000051
776,0.656635605352,13.3288361699,2.19693474735,-74.8042088182,66.20000000000051
777,0.783354988247,-12.6584141502,1.24579314039,-2.90599010455,66.20000000000051
778,0.367138049196,-15.5534808699,-12.4696508412,12.5211407687,66.20000000000051
779,0.570037998114,1.06016929481,6.45988147361,-0.784423081987,66.20000000000051
780,0.594914317455,-10.6099158515,1.80940860963,-1.27433836514,66.20000000000051
781,0.573672715518,-10.0947586304,0.626590855318,3.82115400365,66.20000000000051
782,1.42424618434,-37.5138560277,-2.80304388098,25.9664332403,66.20000000000051
783,0.186253313008,-18.9395026486,-17.017354338,0.58922973709,66.20000000000051
784,0.16141617848,-10.4257862391,-2.03816393494,1.4605739593,66.20000000000051
785,0.143212748091,-7.19281750355,-0.499862035497,1.07612586575,66.20000000000051
786,0.74688200711,57.6996385127,27.2963081036,-11.9384052317,66.20000000000051
787,0.36185820066,-9.28339675078,-0.95904084523,-3.49615470327,66.20000000000051
788,0.378506519467,-38.1737391639,-14.3048328218,17.4025655244,66.20000000000051
789,0.500850426746,-12.1634210985,4.32613723553,0.446245017842,66.20000000000051
790,0.191330341677,-15.773091182,-13.0581433882,28.1853905998,66.20000000000051
791,0.26639736278,-35.4271195115,-15.4380389961,-14.3141328005,66.20000000000051
792,0.455265229141,-10.030996349,0.750561731034,2.60295862396,66.20000000000051
793,0.488280097137,-13.0114014737,1.47200378341,-3.33198878546,66.20000000000051
794,0.676046169238,15.9229890929,-1.79259344372,-21.7954473326,66.20000000000051
795,0.115634567918,-12.7125395772,0.466901915958,1.11482674408,66.20000000000051
796,0.194420610078,-0.880018439179,3.75725873462,-3.13611616547,66.20000000000051
797,0.137094843306,-13.4969986127,0.00985033768085,2.20534871849,66.20000000000051
798,0.660157470986,-13.3583370802,1.58825419459,-2.01292581159,66.20000000000051
799,0.550602401204,9.61608409112,-2.20176822754,14.2894439822,66.20000000000051
800,0.175381886774,-28.5953381913,24.7770996998,11.346791131,66.20000000000051
801,0.199473884892,63.120420154,17.0299198995,-6.59281343548,66.20000000000051
802,0.310728854504,-20.2848219707,10.0448239779,-6.43103207508,66.20000000000051
803,1.78414947153,-28.4155713629,-10.3987216722,14.666517147,66.20000000000051
804,0.126976659881,-4.514643763,0.485424366341,3.26359353424,66.20000000000051
805,0.867293865288,-16.8586657105,17.3683353936,-19.6613248488,66.20000000000051
806,0.412395191639,-14.9284774208,7.49550716466,5.36058197185,66.20000000000051
807,0.236638638052,7.8943337648,20.5293675195,-14.6495677458,66.20000000000051
808,0.154313288625,-35.6508249319,-15.5204606466,35.6055294175,66.20000000000051
809,0.673598520924,-8.39587535372,-1.78993702316,-1.30597286045,66.20000000000051
810,5.19664780992,-14.4390347356,2.76084774042,-0.659560198125,66.20000000000051
811,0.121695202495,-14.6284554659,-5.9489086446,1.58257302415,66.20000000000051
812,1.97030138101,-12.2908615811,1.85865178421,1.73358778713,66.20000000000051
813,0.156809760053,2.58596722201,12.2831742412,23.1762235496,66.20000000000051
814,0.451331376334,-33.0434989945,1.26765821556,-5.09293257476,66.20000000000051
815,0.240367039632,-17.5135497214,1.68837592446,-3.04163227404,66.20000000000051
816,0.131367641155,-5.2496536353,-3.05374917413,-0.39724294453,66.20000000000051
817,0.350084944275,-13.6233335033,1.89558927013,0.8987727089,66.20000000000051
818,0.147635217003,-11.6132067881,-19.8021560985,23.1056236458,66.20000000000051
819,0.11978945583,-13.1995144807,1.22086741493,-0.858958372934,66.20000000000051
820,0.408091190698,-8.56889794405,-18.0657480447,-7.25022945977,66.20000000000051
821,0.412949190608,-10.8067110274,-5.64370999629,-0.50479586725,66.20000000000051
822,0.116990490023,-16.1885380314,0.505344616818,2.87711757751,66.20000000000051
823,0.599632445995,0.466006150767,-10.1324506745,-5.35927592138,66.20000000000051
824,2.32080449349,-9.73797554131,1.60959739388,0.621925077521,66.20000000000051
825,0.287825080401,-23.8025869573,-3.18854879954,-0.66622502987,66.20000000000051
826,0.337151731299,-11.8042381278,1.29533144561,0.370082437609,66.20000000000051
827,0.113107377293,-12.0570205723,3.26472950662,-4.5070539573,66.20000000000051
828,0.575639408226,-24.1396906908,16.3265105611,-16.081678826,66.20000000000051
829,0.133364146684,-6.13513101333,-9.30889751129,8.85522673633,66.20000000000051
830,0.251776501463,-11.5443409309,1.18924329803,1.30810757922,66.20000000000051
831,0.20462749203,-13.1182501301,4.62874839049,-4.09416101148,66.20000000000051
832,0.917342478875,-20.2415967665,1.17820016761,-0.653923205947,66.20000000000051
833,0.206232567188,-12.4083064411,0.645932034889,6.23610489282,66.20000000000051
834,0.221523059475,10.1291732617,-22.2106733809,-16.7950071131,66.20000000000051
835,3.26656348431,-11.0734127169,1.06163591916,2.23411771985,66.20000000000051
836,0.117597180602,-11.918565893,61.9169789225,-11.4409012778,66.20000000000051
837,0.402757343254,-12.9844951371,4.54071662908,-4.06574249994,66.20000000000051
838,0.248493681957,-41.2539722162,-15.7299381444,-25.9240937217,66.20000000000051
839,0.288516019991,1.40425249789,-0.883475780685,-9.16262306212,66.20000000000051
840,0.417395418844,23.9515119532,-13.0996734659,-1.56067299228,66.20000000000051
841,0.105792212693,-8.54417062325,-1.99726025652,-0.827094679723,66.20000000000051
842,0.207904479914,-7.7468256451,-2.70735320042,2.68278758139,66.20000000000051
843,0.101479377664,-11.5474240211,-0.32256823522,2.99556325888,66.20000000000051
844,3.50753194341,39.3901671245,-14.7327078421,29.7023801001,66.20000000000051
845,0.460638951709,-13.0565268528,1.09365938214,1.90052749939,66.20000000000051
846,0.574285837403,-2.91152197291,13.0151454622,31.272680363,66.20000000000051
847,0.197512873312,-1.51265253368,-2.77883966338,10.943711877,66.20000000000051
848,0.626124514094,38.5868079262,-46.543163218,18.8521799633,66.20000000000051
849,0.170888950195,-11.133906089,2.10940129214,-0.0848382678849,66.20000000000051
850,0.106543862501,-15.0573651571,5.02695584983,7.84038142521,66.20000000000051
851,1.52733785999,-11.0827959435,1.5878460532,0.655143233831,66.20000000000051
852,1.35218714647,-11.6236137163,3.04918688228,0.440726837426,66.20000000000051
853,0.258530159386,-11.4116611232,1.07633446891,2.17800005985,66.20000000000051
854,0.375307251034,-9.86178119689,3.81618413001,5.02460908551,66.20000000000051
855,0.186014948852,-13.9266765921,0.961546261886,-3.48256837437,66.20000000000051
856,1.38883018574,-5.07318124312,5.02048768358,10.674184767,66.20000000000051
857,0.368221478128,-21.5790597145,3.29056232914,11.3119800082,66.20000000000051
858,0.113453148414,-9.41230008093,3.75719404309,1.787787508,66.20000000000051
859,0.592101568223,-10.2726858872,-0.422269536704,-2.3501306383,66.20000000000051
860,0.120404488187,-18.6654020796,34.564885345,7.66668836413,66.20000000000051
861,0.881005102586,-16.1960087194,-3.45048101601,-1.54550477757,66.20000000000051
862,1.05353139485,-9.38932356841,-2.94259521724,3.58290371111,66.20000000000051
863,0.185227154461,-1.00904048456,15.1075016265,-10.2662358554,66.20000000000051
864,0.416826451011,-9.28828092487,40.6373803098,27.2702943113,66.20000000000051
865,0.139157122861,-11.2604911174,3.17861760042,-4.32286747015,66.20000000000051
866,0.138955048552,-9.43670955965,0.0399507318673,15.0475849367,66.20000000000051
867,0.303937787358,-9.25591615485,-0.783900746193,-5.99449050938,66.20000000000051
868,0.415494655813,-11.7548983935,1.18311688305,-6.52073995908,66.20000000000051
869,0.143110101887,5.15130577592,-9.38124053479,2.25450010923,66.20000000000051
870,0.314222643425,0.844680063732,19.9170977341,32.2053015374,66.20000000000051
871,1.05690317844,18.4768058548,121.244926016,7.07487718993,66.20000000000051
872,0.202937180966,-13.2501232241,0.98756424496,-2.50222713252,66.20000000000051
873,0.138897332451,-11.8158139527,-0.932337655362,3.47644322723,66.20000000000051
874,0.234747938015,-6.79038834052,1.08093410353,3.85301259251,66.20000000000051
875,0.738093485937,-10.9431814495,1.65810247698,1.73295686032,66.20000000000051
876,0.945563380001,-4.00610374366,-0.129994484981,-10.4541257574,66.20000000000051
877,0.450755319014,3.28936970987,-3.59586357501,-20.7997437493,66.20000000000051
878,0.120874630394,7.15753383479,-46.6883188519,-28.6520235713,66.20000000000051
879,0.157684075924,-13.6924501009,1.35680290387,-7.49246593778,66.20000000000051
880,0.498950635075,-19.4702374109,-49.1030680903,-15.956828721,66.20000000000051
881,0.718200649872,-16.6415574678,-11.3754236816,3.30033643669,66.20000000000051
882,2.88117850075,-15.7828364484,12.4492120995,5.33679940947,66.20000000000051
883,0.25703711035,-11.622594942,0.543801531582,3.6221903363,66.20000000000051
884,0.560706700216,-3.66190166825,-2.68665354875,3.55079514322,66.20000000000051
885,0.552018974557,-14.8152022075,3.32562885454,-1.53484462561,66.20000000000051
886,0.235522585865,-11.9753705785,32.2885719594,11.6852551385,66.20000000000051
887,0.632480711707,-9.31060763872,-27.6163173613,18.1789875726,66.20000000000051
888,0.211265680126,-18.5473035669,6.61433436024,0.997924969671,66.20000000000051
889,0.514381136189,28.6022564847,-18.2298884732,-22.9464009865,66.20000000000051
890,0.253672724576,-33.4840007789,-24.1877718523,-4.82468768394,66.20000000000051
891,1.40355583538,1.85274339723,-47.9793014868,49.9280995486,66.20000000000051
892,0.12750226555,-15.2677192967,0.661949585468,0.985856759586,66.20000000000051
893,0.184110975104,-10.8360031336,1.7940146554,3.25757483724,66.20000000000051
894,0.357214427534,-7.62636837846,23.8336411312,0.0147776077782,66.20000000000051
895,0.226345266598,4.98721781547,-0.650581054897,-43.1412918775,66.20000000000051
896,0.191923369131,-12.2344082992,-2.67412352932,2.48924618067,66.20000000000051
897,0.331198898515,-10.4856456904,21.0277014299,-4.7450244777,66.20000000000051
898,0.145279928689,-48.9619279232,-21.3967731687,-16.425060793,66.20000000000051
899,0.153569906152,5.52014340005,22.1814112306,6.4793650094,66.20000000000051
900,0.197738890665,-10.2406745812,2.18393302069,-0.0445010271172,66.20000000000051
901,0.58740802279,-9.97770488598,3.09758309653,4.31302405108,66.20000000000051
902,0.44943769596,-8.52085497814,-5.87623312799,-4.15055353779,66.20000000000051
903,0.40758819419,-7.46909733133,2.37366481736,1.4225588858,66.20000000000051
904,0.130366592981,-33.3300168227,-7.47957031728,9.38950919109,66.20000000000051
905,1.02311322488,-12.2263329441,2.20792120294,2.24351752275,66.20000000000051
906,0.576326344251,-18.0393927649,-34.7950558249,-29.6769704091,66.20000000000051
907,0.131525512697,-9.52503678667,0.868989897335,-1.87465051141,66.20000000000051
908,0.128185953289,-5.12469746423,-45.4568420712,-16.0974580066,66.20000000000051
909,0.659554360455,-14.1969604422,2.6602601567,5.75645756063,66.20000000000051
910,0.234529586217,-7.59712681459,-4.52756705975,4.18767077058,66.20000000000051
911,0.153456748707,48.0177010238,-10.2695917436,-19.5189371825,66.20000000000051
912,0.820110561903,-12.6287716168,-0.611367754339,0.923706132338,66.20000000000051
913,0.211964046287,-26.450230264,0.0900209123751,45.7239647222,66.20000000000051
914,0.112085345037,14.4593463253,27.5551738012,58.1233284333,66.20000000000051
915,0.140885142028,-9.50227195113,3.32323764397,2.35398144313,66.20000000000051
916,0.422070803887,-47.496110529,17.3972303742,-9.39277292451,66.20000000000051
917,0.391226684793,-10.8828212518,0.220891393087,0.283111473655,66.20000000000051
918,0.211483414,24.2757408909,7.54558279794,-28.475531551,66.20000000000051
919,0.149926674404,-34.4528948641,2.01246691006,-38.0602268615,66.20000000000051
920,1.38605954571,-9.98543763824,0.739747553403,1.1364689013,66.20000000000051
921,0.127770405849,-15.7857678961,-0.928968757262,-1.77264171747,66.20000000000051
922,0.110729228913,-13.4050829429,2.66946147637,2.8095262362,66.20000000000051
923,0.163735741723,54.9910529287,7.67809459117,-56.1491684273,66.20000000000051
924,0.710479361,-9.65230310795,-4.45939564482,-2.95778750332,66.20000000000051
925,3.08432457103,-15.6550915124,-2.35061753203,1.33701362737,66.20000000000051
926,0.842156813683,-11.1565414063,-0.581201960795,6.04377254046,66.20000000000051
927,0.124041265149,-11.4737655904,2.74362904134,-1.51608947399,66.20000000000051
928,3.48101723372,-11.2479537295,1.43318724871,0.0298584991984,66.20000000000051
929,0.238822965989,-12.1931155452,-4.80927773007,-17.1586461533,66.20000000000051
930,0.614062376154,5.00123147778,-17.1348863976,-13.9761131048,66.20000000000051
931,0.313545913667,-15.7273422864,4.07993277131,2.88847575602,66.20000000000051
932,0.172603250579,-32.1400669031,-11.2368517672,-60.1242123928,66.20000000000051
933,0.548187162016,-14.0121212686,10.662877179,27.0107052308,66.20000000000051
934,0.851699919745,-11.7779800429,0.370585170412,2.96726840339,66.20000000000051
935,0.128326603507,-10.20319812,5.77368472055,3.70564829733,66.20000000000051
936,0.146316753223,-28.7856184303,38.7160746554,-12.8395890122,66.20000000000051
937,0.109180245243,1.67642809526,14.4638996708,-7.03966610043,66.20000000000051
938,0.403184321313,-11.1049897211,1.41346128996,6.71176372321,66.20000000000051
939,0.487216168402,-34.0953278253,0.334423177758,-38.8086325129,66.20000000000051
940,0.102103774367,-9.91142143053,0.0337639318027,2.31232225609,66.20000000000051
941,0.152618815578,-10.5554452761,4.27566440856,-1.44562912963,66.20000000000051
942,0.113102981681,-18.1547434775,-1.24162388544,-4.64477939382,66.20000000000051
943,0.298348623917,-10.179053948,-0.858325551431,-0.482980091273,66.20000000000051
944,0.14586111354,-8.95332192229,3.48380269196,-7.25528739483,66.20000000000051
945,1.8462742729,-7.29308715073,3.70219219058,-2.73323564802,66.20000000000051
946,0.362521606325,32.8046224936,6.0140680823,-51.2658171685,66.20000000000051
947,0.197236394414,-14.4285305184,0.332040128533,0.957350909071,66.20000000000051
948,0.190904250709,-19.5267429559,14.596110789,3.01756905666,66.20000000000051
949,0.242307637528,-12.346826608,5.29631773088,1.99773500721,66.20000000000051
950,0.276792384547,-5.08622600691,-11.3233479675,2.56148336101,66.20000000000051
951,0.181826364416,-12.9065534304,-2.67706374968,3.04993785619,66.20000000000051
952,1.06228918008,-15.4130206658,2.19466921485,6.88594496244,66.20000000000051
953,0.578210616873,28.213946982,19.6430316534,6.14822082515,66.20000000000051
954,0.379235621796,53.9832230844,31.1870531947,-21.6187274154,66.20000000000051
955,0.714747647519,-13.4644189566,23.318818681,10.029551828,66.20000000000051
956,0.177933827844,-10.46113693,-2.85701863129,0.944415001237,66.20000000000051
957,0.383597398779,-14.1845754444,8.15426893309,0.939856657218,66.20000000000051
958,0.192574183621,-13.9463002603,8.86412586927,-1.74182377568,66.20000000000051
959,1.43006706596,-14.7171858748,-3.49883443282,-0.610029022191,66.20000000000051
960,0.181126886106,26.844860928,-10.8802195996,-43.8803390072,66.20000000000051
961,0.196620748227,-19.4952584495,-13.6996488877,16.2660593347,66.20000000000051
962,0.360156676907,-12.2322039344,3.44243351756,0.951905007276,66.20000000000051
963,0.764751643355,-8.03071568686,2.56172065779,-2.92337354953,66.20000000000051
964,0.1640147901,-20.338761602,1.00595165719,2.73989693503,66.20000000000051
965,0.267769315856,-10.3300648463,3.37912969698,2.22094981906,66.20000000000051
966,0.216267551263,-8.69637605452,1.26686307206,3.53110730136,66.20000000000051
967,0.774387448439,-14.9182732246,-3.93546186615,-0.555248237331,66.20000000000051
968,0.305257927414,-8.86537863099,-40.9192087226,82.6232382309,66.20000000000051
969,0.599992916296,-11.1332275052,-1.58680447783,-0.394688356152,66.20000000000051
970,0.132430603086,-17.5570378456,80.7165926696,14.7460762547,66.20000000000051
971,1.16160639367,-11.8477952998,-1.68751751446,0.494029541568,66.20000000000051
972,0.465844528309,-10.4499220021,-5.10287742359,6.80555913266,66.20000000000051
973,0.139224261484,-11.2429642536,1.68026003941,-0.465392316975,66.20000000000051
974,0.552591382697,1.98176822889,-19.3105620205,-13.8417778214,66.20000000000051
975,0.147803820548,-0.769989989433,30.0007610933,51.8556570243,66.20000000000051
976,0.326145364023,-8.64894461169,6.91223980931,-1.21085963126,66.20000000000051
977,0.631849018298,-14.5360342901,1.51601232937,22.9864614589,66.20000000000051
978,0.127936724598,-10.5905394488,1.80426641864,1.75462577345,66.20000000000051
979,0.173083810915,-10.8876403015,3.13294070743,8.30648706371,66.20000000000051
980,0.113071996892,-3.54274394982,-0.0442166988107,-0.920242326282,66.20000000000051
981,0.112058622537,-44.5481926206,-60.4892063067,57.6339646059,66.20000000000051
982,0.463967515473,-11.4912163273,4.1802283586,10.939019981,66.20000000000051
983,1.03098676067,-11.4273385241,0.195851491355,1.98233295814,66.20000000000051
984,0.44124066874,-10.2267405178,3.18608054931,0.161727693675,66.20000000000051
985,0.110044777641,-11.3007313467,-10.2513362165,0.289338150878,66.20000000000051
986,0.131738704899,3.97569206796,67.1651288416,-44.3641606232,66.20000000000051
987,1.37120436602,-10.6607671794,-4.09101500076,-2.54642212508,66.20000000000051
988,0.204567800517,-6.99574233995,-36.3794555886,-6.41846652038,66.20000000000051
989,0.223156319924,-11.0590334216,0.675504960297,-0.353582839564,66.20000000000051
990,0.169126272555,5.88744901598,6.9735443955,-20.6937584558,66.20000000000051
991,0.242820624087,-3.61671833445,-37.7584236524,27.5931276935,66.20000000000051
992,0.111656232464,-44.7671352524,1.15830678619,-10.224455909,66.20000000000051
993,0.106894962957,-19.3214327862,1.25612014602,2.70568819178,66.20000000000051
994,0.326629441204,-11.9656120395,-12.4915576713,0.86719805627,66.20000000000051
995,0.112598381246,0.351473832813,-14.4163873797,-3.47630127091,66.20000000000051
996,0.157957978775,-11.7901534688,0.652982706939,-1.89809792392,66.20000000000051
997,0.15772280115,-15.5020577463,-13.8372507053,1.74462703714,66.20000000000051
998,0.105651837044,-4.9871633194,25.1936411966,4.9772268013,66.20000000000051
999,0.296120384376,-12.1219351251,3.17510820684,-4.20781505547,66.20000000000051
