Star_ID,Mass (MSun),X (pc),Y (pc),Z (pc),Simulation Time (Myr)
0,0.475984022474,-0.439930070072,-2.6206589406,-8.99558932125,92.09999999999904
1,0.321048160463,-1.94682205918,12.274718294,39.3743481812,92.09999999999904
2,0.604011461667,-0.594900471841,-4.1319979271,-19.1509802288,92.09999999999904
3,0.176653310161,4.83602227115,-5.42117241789,-11.3859933239,92.09999999999904
4,0.452438578724,0.915767090306,-0.185986599186,-10.4065476291,92.09999999999904
5,0.303295505032,0.385059551739,1.10819354237,-10.5862267961,92.09999999999904
6,0.283060581789,-18.6652141265,-51.0813182169,16.662266394,92.09999999999904
7,0.154495354492,-0.0762606603379,8.22071517044,-23.8353301183,92.09999999999904
8,0.149521099464,3.78919222871,2.76676144952,-8.26047664382,92.09999999999904
9,0.11067727201,0.317522791914,-0.149712558964,-11.7204226439,92.09999999999904
10,0.25124242524,3.54861272536,-2.06443427815,-11.3141207897,92.09999999999904
11,0.133192959879,-127.235058037,12.4181272183,-14.4612860356,92.09999999999904
12,0.46742142752,45.0688461091,-21.9934781286,22.6917637157,92.09999999999904
13,0.102710945591,0.398446268104,3.9911119355,-16.6474525749,92.09999999999904
14,0.324404774785,4.12577977921,3.72832236058,-5.16926594535,92.09999999999904
15,1.39758360372,-6.13931640193,7.26589837667,-9.43916647701,92.09999999999904
16,0.518092849915,3.11934386904,-10.0656730064,0.837337705131,92.09999999999904
17,0.160446642358,2.26433127597,0.793898308859,-9.86099332958,92.09999999999904
18,2.09714026109,-0.564707206285,-0.70189789014,-13.3365965509,92.09999999999904
19,0.1150024237,-1.11562227712,-1.62557108029,-17.1212079493,92.09999999999904
20,0.170468510727,-0.145070901445,3.890074206,-11.0966855391,92.09999999999904
21,0.208036727571,0.585232422453,0.174544010611,-14.3134977017,92.09999999999904
22,0.110101052777,-0.87301155801,0.85922425185,-12.9815378765,92.09999999999904
23,0.906781857214,1.67390342717,2.18959119163,-11.5425278246,92.09999999999904
24,0.32105644139,-0.0251710513987,1.002985734,-13.2126646789,92.09999999999904
25,0.338913720722,6.26264469501,21.4280204265,6.39617844712,92.09999999999904
26,0.275269935075,2.15790223763,-0.530496091063,-9.46025166678,92.09999999999904
27,0.502530784281,-26.6101255864,46.2003047169,-4.95368263815,92.09999999999904
28,0.356071852349,57.5125740789,-50.0705295167,21.8550404465,92.09999999999904
29,0.260924736923,3.93498866613,3.49073264534,-12.6399532813,92.09999999999904
30,0.159190620766,9.87762184449,1.39032629368,-6.61400756653,92.09999999999904
31,0.590871709685,5.26133452999,-1.43201603858,-12.6850598401,92.09999999999904
32,0.185266508577,1.00320810644,1.92811550937,-12.1985960948,92.09999999999904
33,0.221261128953,-9.06859117973,11.3623451078,73.3385923991,92.09999999999904
34,0.552246884183,5.2093499135,-0.376329227565,-13.0992826261,92.09999999999904
35,1.22724729711,-0.889289617101,1.81530908902,-14.8537976365,92.09999999999904
36,0.62340200099,-1.36487319943,-7.62514465496,-10.7551921987,92.09999999999904
37,0.312467690459,-2.64636150428,20.550596597,-24.8351811828,92.09999999999904
38,0.164272211317,68.6102967481,71.5952005146,46.2755076283,92.09999999999904
39,1.53006549511,-48.9945328778,-63.5658796544,6.54123053535,92.09999999999904
40,0.687528979357,2.3599029926,-3.1012823704,-12.6469969957,92.09999999999904
41,0.468256606382,1.05541757304,-3.99665371246,-11.9064009996,92.09999999999904
42,0.182327161397,2.54164519136,2.01135204951,-14.7475859918,92.09999999999904
43,0.282864318257,25.1737075744,-39.8970959876,-15.9120927892,92.09999999999904
44,0.187904329616,187.087893344,101.395679558,67.4359165305,92.09999999999904
45,0.106343393558,2.04095734429,2.44453273219,-10.9415296931,92.09999999999904
46,0.846160449615,3.28025830408,0.387164770894,-12.6861405207,92.09999999999904
47,0.126307180563,41.878730451,-10.9777607217,44.4707646669,92.09999999999904
48,2.98528437239,-0.00619498085091,1.79667125462,-12.6764754738,92.09999999999904
49,0.173474432494,3.98059361548,5.6103888027,-16.1215309131,92.09999999999904
50,0.123368233942,3.17486283542,0.856581424884,-15.318718722,92.09999999999904
51,0.194203251833,0.777027838801,2.60447971512,-11.1627593538,92.09999999999904
52,0.240593432387,-0.0737737815075,-1.37504398741,-15.4870184281,92.09999999999904
53,0.429554003509,1.92525042062,3.5817740873,-10.0528395856,92.09999999999904
54,0.183293419668,1.85215363293,-3.99483421607,-13.6813402054,92.09999999999904
55,1.27490764159,0.829562629451,3.86506828087,-12.5753608013,92.09999999999904
56,0.180200391767,24.725041793,15.5589498826,-14.6378158596,92.09999999999904
57,0.232815359438,1.78377123512,3.46371574908,-12.1593759648,92.09999999999904
58,0.130067990118,1.64701098032,0.0199415369075,-11.0546580032,92.09999999999904
59,0.176310097139,-27.7256862515,-8.63523006327,-4.28273354424,92.09999999999904
60,0.244378483311,5.58454876217,-0.125256056942,-15.0335717305,92.09999999999904
61,0.397847026338,-21.365050013,0.940490746485,37.9467517564,92.09999999999904
62,0.155266652641,-3.25020261939,1.94651806204,2.73579383326,92.09999999999904
63,0.554497411636,0.789188602096,1.84942317574,-11.2356568323,92.09999999999904
64,0.257320078097,-0.776754764847,1.30646781733,-12.1244637633,92.09999999999904
65,0.311302226769,0.739120033199,2.35873557964,-13.835906432,92.09999999999904
66,0.159682807924,10.0841244517,2.23892595279,-21.9496501924,92.09999999999904
67,0.615928809315,0.191688967815,3.87434516471,-11.5429556946,92.09999999999904
68,0.178893425897,-4.17314629981,-7.7742364957,-17.481062181,92.09999999999904
69,0.136067107938,36.5011940469,38.5394765863,10.7281597907,92.09999999999904
70,0.202223812227,4.4249893271,-0.0261999577316,-15.9061888266,92.09999999999904
71,0.234114348171,1.18537178688,0.245948858461,-15.59565637,92.09999999999904
72,0.962778117465,2.27000698663,-0.274306403287,-12.9274234164,92.09999999999904
73,0.110153854867,18.4386969965,11.9790871156,1.78366671772,92.09999999999904
74,0.137803259748,2.43140484819,-1.8772595173,-18.6109945166,92.09999999999904
75,0.746483845774,2.43322585846,-0.233719007354,-9.54711211789,92.09999999999904
76,0.14236051357,4.84416145894,8.61895701581,-23.1393431155,92.09999999999904
77,0.184726510095,4.35560983311,0.0260369152404,-14.6824496479,92.09999999999904
78,1.22451106674,0.04260819202,1.34395085671,-13.8817256733,92.09999999999904
79,0.185161542039,0.163272438953,-0.461506796828,-12.011806611,92.09999999999904
80,0.126320946687,3.24037167758,0.60921188316,-12.4656937191,92.09999999999904
81,0.311708411208,4.87398599658,0.659334472263,-11.7933951122,92.09999999999904
82,0.101173208953,82.3969803885,-9.23784494907,19.979028358,92.09999999999904
83,1.33428702385,-0.727816204365,-1.17434606561,-12.4236895426,92.09999999999904
84,0.14354154604,8.11726139881,1.63212752744,-17.6999975508,92.09999999999904
85,0.15950720867,-37.5308825562,14.0046809021,-16.3185650814,92.09999999999904
86,0.394154693504,2.62093298307,3.18438531672,-22.3734407933,92.09999999999904
87,0.18182656753,0.728441174471,0.567672197681,-11.8713762084,92.09999999999904
88,0.114806211331,7.17014009911,3.67842674669,-17.5768326664,92.09999999999904
89,0.18315121765,2.67356713251,-1.60339434275,-11.4328379228,92.09999999999904
90,0.195481680746,0.731151792144,-3.91815031667,-10.5339595701,92.09999999999904
91,0.403222369004,-9.53800288829,44.2730763183,3.97287563266,92.09999999999904
92,0.111368732965,3.58614647212,-39.9631269522,-6.13040000998,92.09999999999904
93,0.121573842337,0.167608272649,-1.99370561368,-12.6863671629,92.09999999999904
94,1.10052220394,-4.41794437547,4.16301336248,-7.34539704838,92.09999999999904
95,0.126272331513,4.66796028402,-0.202802045402,-16.7153821382,92.09999999999904
96,0.112186164055,4.73791531726,-1.87159200244,-17.4981811221,92.09999999999904
97,0.711376177624,1.96594684093,-0.79036163047,-12.0392218348,92.09999999999904
98,0.223994239681,0.602531705819,3.63590097379,-11.7916711019,92.09999999999904
99,0.206575338591,2.35182151066,-0.625821127158,-12.5700163861,92.09999999999904
100,0.122513471092,2.82027476288,1.79625610043,-10.1773282622,92.09999999999904
101,0.193708384411,1.60262218365,0.751697276332,-13.5813483562,92.09999999999904
102,0.588436721088,3.8636686545,20.5511603425,-22.263578921,92.09999999999904
103,0.273992043967,2.1118611736,0.228062779837,-10.5336072193,92.09999999999904
104,1.09305646059,1.07652681536,1.48126095336,-14.2582776978,92.09999999999904
105,0.189661681313,-1.10111726847,2.13290345528,-13.4404323533,92.09999999999904
106,0.150312098039,2.03307436604,1.47493478953,-10.8838468695,92.09999999999904
107,2.24386301447,-10.2742069555,-3.21332010131,16.4272721897,92.09999999999904
108,0.371373520939,-1.45816175587,2.55027365918,-13.0085561775,92.09999999999904
109,0.172886874255,7.84762102139,-0.434214052664,-12.6804641502,92.09999999999904
110,1.08860290515,0.794425084144,0.201824479261,-12.2949039694,92.09999999999904
111,0.138912731228,1.62357058366,-1.53576013799,-18.8743285634,92.09999999999904
112,0.228640298685,-4.57305186765,4.88946965283,-12.9393547306,92.09999999999904
113,0.187210209124,2.93411023392,5.07230323246,-15.0378021587,92.09999999999904
114,0.137759792828,0.378377388306,4.42341365222,-12.6740829409,92.09999999999904
115,2.23196598125,2.19169789396,0.593668342694,-14.4123905473,92.09999999999904
116,0.466592312783,4.05820553605,-1.31373044831,-17.5992963205,92.09999999999904
117,0.151932843877,-31.2716389529,34.9494233458,17.4788128179,92.09999999999904
118,0.152435246825,-0.883865486041,6.15548818009,-14.3783199752,92.09999999999904
119,0.71851031342,2.30621322458,3.69421487551,-14.2261075505,92.09999999999904
120,0.369684378579,3.78671432492,0.247931516025,-13.2314787265,92.09999999999904
121,0.151689621192,2.82041050578,0.245885967174,-13.2091888973,92.09999999999904
122,0.411547687754,3.006319291,4.37512330891,-15.2004719506,92.09999999999904
123,1.52267159345,-12.1474564579,2.02639600702,5.67844999697,92.09999999999904
124,0.11093557375,5.43356250167,2.57780707158,-15.1075480472,92.09999999999904
125,0.36529668478,2.00190025412,0.633945681378,-12.7849302924,92.09999999999904
126,0.224084202032,1.44436928491,0.982391793105,-13.828109357,92.09999999999904
127,0.148550762115,1.77053062517,-3.7692928643,-8.37812182255,92.09999999999904
128,0.263350696884,-1.19482893225,3.48260448566,-10.9183633233,92.09999999999904
129,0.133932666039,4.99544732936,-8.30761941334,-24.686751388,92.09999999999904
130,1.75590570976,3.25512063452,-3.35816927055,-10.3060880127,92.09999999999904
131,0.120557856258,0.363082496909,1.51304526711,-12.5054047299,92.09999999999904
132,0.686733778121,2.21094321545,-2.66166859996,-11.8357322106,92.09999999999904
133,0.110565856898,1.42527178867,2.1445156188,-17.4260982642,92.09999999999904
134,0.306074420864,0.551223248685,0.828293203578,-14.3672347687,92.09999999999904
135,0.264939379321,5.24526624796,-1.05366394583,-12.2869052451,92.09999999999904
136,0.495901815962,7.49119566082,1.32880545562,-12.8862347933,92.09999999999904
137,1.3885596644,-25.0370489431,-7.64061654214,34.4271716888,92.09999999999904
138,0.112567119194,1.13339084203,0.669365231784,-11.6901847706,92.09999999999904
139,0.432847451831,1.09181916503,2.07382999579,-10.3794768445,92.09999999999904
140,0.448967365716,4.86255188776,1.73280197878,-11.7746026562,92.09999999999904
141,0.102345581775,1.34889113011,2.49248972983,-12.7730734458,92.09999999999904
142,0.147817020271,0.0289451325384,1.33299186434,-13.5700734423,92.09999999999904
143,0.101634248031,32.3341375582,-8.00614671697,46.7567231395,92.09999999999904
144,1.50087682155,-1.80330108582,2.10038660551,-12.5405463005,92.09999999999904
145,0.467356375156,-14.5895556839,-8.92918113003,1.65442662756,92.09999999999904
146,0.305088754217,4.62033027215,5.75796713241,-13.8051009608,92.09999999999904
147,4.7786369345,1.29661014105,1.46579076015,-13.7334909523,92.09999999999904
148,0.341992715788,0.521193658932,1.56095775391,-12.2245655929,92.09999999999904
149,0.212356387193,2.61531850189,1.29211721557,-14.0004898377,92.09999999999904
150,0.160775334151,11.7083713177,16.313301256,-52.804774295,92.09999999999904
151,1.64910272591,2.88108053025,6.95742629546,-7.54915977728,92.09999999999904
152,0.283881734751,1.25098390387,5.93362545448,-11.2171400417,92.09999999999904
153,0.321020117794,-3.1770482552,2.0729731833,-14.8361224814,92.09999999999904
154,0.225674757813,24.0670918739,-2.96688722659,-10.5489081552,92.09999999999904
155,3.31404884213,-0.566545149584,-0.702654920492,-13.3368450708,92.09999999999904
156,0.772234312896,24.3597178428,11.5405804937,-4.34556048016,92.09999999999904
157,0.342611431861,0.591055462256,-1.75874747539,-10.2792924101,92.09999999999904
158,0.180766702234,-1.3364217678,-0.571765439878,-12.2806845816,92.09999999999904
159,0.380370709294,1.53903770152,-0.778818922167,-10.0747803335,92.09999999999904
160,0.156991350545,5.26590851879,1.59470619612,-13.4115041481,92.09999999999904
161,3.04477625949,2.17144641173,-1.5490156912,-13.9025098678,92.09999999999904
162,0.543259027156,0.247018844832,2.03647323968,-12.1927001691,92.09999999999904
163,1.47602625082,6.91267503654,1.86926701825,-15.5738785354,92.09999999999904
164,0.322194284813,-9.46334862739,3.35070383947,-33.3911748778,92.09999999999904
165,0.15629794773,-0.508183667011,3.46283876746,-14.6170907935,92.09999999999904
166,0.127815712996,10.0891287111,2.4977849143,-9.29164158317,92.09999999999904
167,0.107420947923,-45.962010796,16.967776855,-13.0534061579,92.09999999999904
168,0.341874928816,-11.712627131,57.8552979367,-106.277820725,92.09999999999904
169,0.126379106871,0.692530140039,-2.00724343931,-11.5498321825,92.09999999999904
170,0.216264093914,-0.0927616617186,3.65926977756,-11.1074234144,92.09999999999904
171,0.736169073467,4.08082179392,1.88033514649,-11.574566089,92.09999999999904
172,0.198310885779,0.503366779725,-0.595938672815,-14.0695492063,92.09999999999904
173,0.412122497251,1.08820117333,0.857535540549,-13.4047129195,92.09999999999904
174,0.159609086808,1.13592026474,2.86965089625,-17.3396497056,92.09999999999904
175,0.41224718559,1.36540340526,-1.5607252799,-12.9526353399,92.09999999999904
176,0.505613640998,1.78883900801,8.35636803869,-13.197232624,92.09999999999904
177,0.181628062838,-24.3414048886,-56.7860258143,-58.3789852709,92.09999999999904
178,0.825341949717,1.65984659453,3.85654775399,-12.2922941134,92.09999999999904
179,0.487513028686,1.18396484265,1.24805650487,-11.8817809904,92.09999999999904
180,0.178293846718,2.9263866,-2.58729319712,-12.0351533298,92.09999999999904
181,0.122088326399,-5.67104932868,-14.4516337205,32.1347248211,92.09999999999904
182,0.245914040814,6.59452316469,0.311294335154,-17.7422741741,92.09999999999904
183,0.177567042482,-0.121306927833,1.8694408382,-14.1963245177,92.09999999999904
184,0.289328841773,4.06788180395,43.3251064758,-26.3071047688,92.09999999999904
185,0.165271906677,-0.161697212509,-1.05175575129,-10.6316285023,92.09999999999904
186,0.170344108385,3.02151510047,2.36389833775,-16.9825002967,92.09999999999904
187,0.913386351572,0.41549524363,-0.0252846988005,-12.0188740026,92.09999999999904
188,0.303322869843,0.925368730441,0.950943820846,-11.7371836835,92.09999999999904
189,0.123661813439,1.35912023236,-1.06648452476,-14.2357381799,92.09999999999904
190,0.124300672198,1.61893068133,3.38745258729,-12.3926247098,92.09999999999904
191,0.154368716719,1.10717125281,-0.930340447193,-13.0666146427,92.09999999999904
192,0.227107323823,-2.23072353954,1.16801603983,-7.16612009403,92.09999999999904
193,0.131176820389,0.595590536296,2.10539563435,-9.80023943742,92.09999999999904
194,0.22290126666,-0.870633182224,0.900269349696,-16.0367068297,92.09999999999904
195,0.523380052668,2.1495423401,1.17035389307,-15.6047912819,92.09999999999904
196,0.348145042308,29.9128505432,-48.8710141,-56.6091953184,92.09999999999904
197,0.456123370427,6.13214668938,-17.0656497155,-12.1265462257,92.09999999999904
198,0.568719846846,4.12451270513,1.16260065262,-10.9824958589,92.09999999999904
199,0.113786657049,0.945529702043,-0.447321255169,-12.6942846562,92.09999999999904
200,0.196171420959,1.13910834441,-2.91881609403,-14.8014830459,92.09999999999904
201,0.633321726456,2.17382644022,2.51247117389,-11.3867346878,92.09999999999904
202,0.429148701059,-0.659744131342,4.60711590632,-18.7751855812,92.09999999999904
203,0.523452568965,-1.65877345718,2.55508829174,-13.1245712673,92.09999999999904
204,0.3910173401,11.0030842016,0.0408315392791,-10.7457073054,92.09999999999904
205,0.107127462692,3.02895838069,-3.11989382147,-11.9508822074,92.09999999999904
206,0.555940609131,0.663424230227,1.91290095993,-18.6059666926,92.09999999999904
207,0.22689428245,4.35042989859,-3.95908697251,-16.6435353338,92.09999999999904
208,0.39562518765,1.50136479944,2.07533000278,-11.8210237919,92.09999999999904
209,0.116719082534,2.19991504476,2.35611018083,-11.3528233728,92.09999999999904
210,0.446638239252,7.15654077175,8.59954504729,-19.136058099,92.09999999999904
211,0.115239933482,-1.77852294265,-2.29968779861,-10.5654069938,92.09999999999904
212,0.47674940533,3.92346297664,4.23388585595,-14.7271614032,92.09999999999904
213,0.580576124869,-4.12870921946,-4.52873811375,-17.1313827802,92.09999999999904
214,0.591116188861,-0.291431942095,0.467392812712,-17.9482708652,92.09999999999904
215,0.182440375548,0.837303552143,4.95425818352,-11.8697443509,92.09999999999904
216,0.116466535384,-0.101726778174,0.181614933243,-14.8439587151,92.09999999999904
217,0.142720493489,-3.1401256087,-0.257044060275,-13.9186063961,92.09999999999904
218,0.544057920471,2.1562481177,5.73184800352,-12.3590149246,92.09999999999904
219,0.194333697571,-0.0073556607928,0.598454475204,-11.4526145654,92.09999999999904
220,0.253694289426,-0.240111639404,4.10420495608,-12.8231866169,92.09999999999904
221,0.341809794781,-3.60808412555,2.31244633934,-13.7876465598,92.09999999999904
222,0.111188208893,-0.672549205757,1.53803936201,-11.1660583837,92.09999999999904
223,0.101964126588,-1.76900407755,-0.421308701608,-10.4556682458,92.09999999999904
224,0.342587365434,1.59408272484,4.28206710464,-14.3720180953,92.09999999999904
225,0.266920839297,-7.70447626194,10.5899880927,-13.5477011508,92.09999999999904
226,0.16176533821,-12.9846447035,1.8887810383,-12.6408625579,92.09999999999904
227,0.485793614939,-0.909861168205,3.29421606414,-10.9868592223,92.09999999999904
228,0.204085948428,0.66552124955,1.39600426095,-13.4079359532,92.09999999999904
229,0.381896805137,5.49660026195,2.81512786393,-13.4995296297,92.09999999999904
230,0.173932427511,11.330831834,8.79555168538,-34.6040914912,92.09999999999904
231,2.60209757377,0.870701476073,0.815272397984,-12.6705022476,92.09999999999904
232,0.105889083394,-0.6319294904,0.532852361095,-13.8657149454,92.09999999999904
233,0.116652154774,-1.4479122903,1.53076682478,-14.0383384387,92.09999999999904
234,0.687843278857,1.03651640635,-0.289050625881,-10.0931092696,92.09999999999904
235,1.4268906173,1.9334589906,0.710824071578,-11.5205513902,92.09999999999904
236,0.521013223525,8.96121265074,-26.3486829422,6.59112174762,92.09999999999904
237,0.334127867373,-0.0431483694616,-11.9374641905,-5.6424723073,92.09999999999904
238,0.590317951699,-1.32422428304,5.33811390813,-15.2122351251,92.09999999999904
239,0.316480612296,59.8565149416,-82.0321073424,18.4148718797,92.09999999999904
240,1.68845401484,-5.35137125917,1.22394785744,-15.6072877427,92.09999999999904
241,2.52559940975,1.80192637803,3.16356317425,-13.6313854594,92.09999999999904
242,0.252073609243,-1.43231377343,-1.18170314575,-8.97361850399,92.09999999999904
243,0.391787661946,6.87149100163,7.78271327509,-13.9733747087,92.09999999999904
244,0.184687131299,-2.63085063323,-2.22594471389,-10.9891637694,92.09999999999904
245,0.633134173875,-2.47393862883,2.91642975983,45.6585903551,92.09999999999904
246,0.102363775754,6.66768721216,1.04842289992,-3.58752615797,92.09999999999904
247,0.150531871236,-1.39267342812,57.2448532337,80.8172948618,92.09999999999904
248,0.496536853258,0.158520075328,-0.37247655747,-7.54526111243,92.09999999999904
249,0.256873135761,1.65599008814,0.931072608686,-10.3609158175,92.09999999999904
250,0.405211026975,0.724020423126,2.90096272976,-12.3105711713,92.09999999999904
251,0.208754289952,65.3020771407,27.9349701316,49.4309307054,92.09999999999904
252,0.944472880492,2.66004177349,6.09626444886,-12.7611841207,92.09999999999904
253,0.258571185888,3.05228747452,1.39457025245,-11.4471062059,92.09999999999904
254,0.370851636857,-6.63021467118,-10.7343253516,-2.40083334945,92.09999999999904
255,0.498217972956,6.19865517113,3.40632185949,-13.3434169983,92.09999999999904
256,0.562633295685,1.26041700884,1.26029321638,-12.0535143531,92.09999999999904
257,0.340355179226,1.52414518033,1.60845013643,-11.7209144811,92.09999999999904
258,0.332000682196,-1.59200255982,-0.475814334254,-15.8359430498,92.09999999999904
259,0.198275268113,1.66030105138,0.57389413291,-10.3220048814,92.09999999999904
260,1.49936532739,3.57328238215,3.79126672848,-10.9885978144,92.09999999999904
261,1.06728933462,4.23120570701,-0.605339398054,-14.007451269,92.09999999999904
262,0.139096868179,2.63607561799,2.17863671803,-11.5986771763,92.09999999999904
263,1.57265748991,0.480789763655,1.35292157238,-11.9049554695,92.09999999999904
264,0.387443243237,-0.668980477952,3.20450001404,-10.4017927135,92.09999999999904
265,0.638124350074,0.845988295872,1.79591000869,-12.5282498192,92.09999999999904
266,0.351044249592,16.0816267368,43.7949993444,56.1760994177,92.09999999999904
267,0.712566554549,-2.01953464213,2.51182332067,-14.323605793,92.09999999999904
268,0.86388823817,2.48603253095,-1.34981601086,-15.0849425473,92.09999999999904
269,0.142300867461,-29.105107899,-12.0553599175,6.81936723549,92.09999999999904
270,0.516130456372,1.46462295336,2.79672273635,-14.9047498581,92.09999999999904
271,0.460840816003,0.81818267983,0.901659360669,-12.6701599157,92.09999999999904
272,0.131775666178,1.48178626857,-7.88796710856,-20.8833860821,92.09999999999904
273,0.217621116731,-3.12536071512,-0.760509782823,-12.0453862987,92.09999999999904
274,0.80281918167,0.811458006939,1.18860309363,-6.57744881412,92.09999999999904
275,0.124064948135,-4.11728989765,-4.35622529864,-14.4621725723,92.09999999999904
276,0.116098418004,12.1651080419,22.1488858909,-25.6373139626,92.09999999999904
277,0.211507031819,2.2225238722,-2.61515652572,-13.8521901759,92.09999999999904
278,0.232774069959,9.19410159454,-0.215404625572,-17.0581685092,92.09999999999904
279,0.640499897486,-0.612252517571,5.68741778184,-10.5900496764,92.09999999999904
280,0.132811747884,9.84504138279,8.11071844759,-7.73629317695,92.09999999999904
281,0.701384414668,1.49336831722,1.63522834938,-12.4505584675,92.09999999999904
282,0.687334558385,29.4220712426,36.628031014,-30.4169413479,92.09999999999904
283,0.32848744,1.81246770488,1.97080116338,-7.6309347912,92.09999999999904
284,0.104268180029,1.69490202565,0.975412386824,-13.7012058812,92.09999999999904
285,0.459207974921,0.395622103032,1.54645764931,-13.3838814043,92.09999999999904
286,0.151418206913,3.34405045678,3.12555536644,-12.0753096144,92.09999999999904
287,0.174661254787,8.78901572128,-8.20789480424,46.4511871564,92.09999999999904
288,0.975865666994,1.66041364756,2.47093090794,-15.3461495522,92.09999999999904
289,0.12774999183,3.60133357122,4.40644310114,-8.75845521919,92.09999999999904
290,0.427569275441,-2.72861687023,-1.19399798102,-10.2702092736,92.09999999999904
291,0.338087821176,-1.26594123888,1.09731541634,-12.3854791088,92.09999999999904
292,0.101006343619,-29.9162280199,-49.4006184995,36.6113058278,92.09999999999904
293,1.1570833981,2.23594270915,1.28834813905,-12.5922257474,92.09999999999904
294,0.388493335971,1.3446721857,1.34374334416,-13.3138806053,92.09999999999904
295,1.40168735627,1.01539515566,1.46072156729,-12.6673482516,92.09999999999904
296,0.102739347365,4.75603694873,-0.10200206388,-15.3232225429,92.09999999999904
297,1.26547580191,5.11479032467,2.15101010404,-14.7518966939,92.09999999999904
298,0.233696541107,11.8015908317,2.15240094102,-14.0331330406,92.09999999999904
299,0.134447693503,1.69760904725,-3.20355655701,-14.1286019135,92.09999999999904
300,0.113514084186,7.0441263271,6.75296327541,-14.5685300513,92.09999999999904
301,0.169246677556,-0.0400161223643,-1.05644327762,-13.1150992412,92.09999999999904
302,0.146932309108,-8.24738792146,8.39103403121,-2.01809900125,92.09999999999904
303,1.4527144294,2.01693973066,-1.12955232587,-14.2274461118,92.09999999999904
304,0.483796869633,-0.427154552796,-0.450027933936,-10.925638077,92.09999999999904
305,0.152313403128,1.19962480456,-0.312887567155,-14.6584957225,92.09999999999904
306,0.194987674582,0.44436681904,3.58514597644,-12.3219826929,92.09999999999904
307,0.435249655423,-2.92233351474,1.09331398251,-12.8114071146,92.09999999999904
308,0.11593873587,3.07929004345,-1.91259445931,-11.1278057959,92.09999999999904
309,0.120876052823,-20.6539481858,9.11942582675,-92.0172453446,92.09999999999904
310,0.166175750894,4.66470781436,2.52073925759,-16.316210102,92.09999999999904
311,1.48568032493,0.540815204024,1.17458310597,-11.7484502005,92.09999999999904
312,0.132851287006,0.817890832994,3.28619047884,-11.4948662598,92.09999999999904
313,1.23514642906,1.06012555704,-1.13599554913,-10.8220945478,92.09999999999904
314,0.154425082269,0.814068002365,0.372511616176,-17.2300336239,92.09999999999904
315,0.241205365901,-0.51759499244,0.448889784886,-12.0438810495,92.09999999999904
316,1.03067573706,1.56748837555,-0.707737161224,-6.07582019015,92.09999999999904
317,0.337856228988,2.43410986559,-1.81415576679,-11.321901348,92.09999999999904
318,0.10897389252,-35.5812461916,78.8248648822,9.67348248407,92.09999999999904
319,0.167054369902,3.06072058164,3.66775071527,-18.47820229,92.09999999999904
320,3.56290862736,1.63575970863,2.02214573082,-11.40466243,92.09999999999904
321,0.10983678362,0.350742848154,3.96101372139,-10.7786690322,92.09999999999904
322,0.176060444256,-0.593009799383,-0.738494104988,-13.054591789,92.09999999999904
323,0.463611354995,-1.71809079667,-3.34258861774,-6.08709825407,92.09999999999904
324,0.284285108581,-4.68883090691,4.55532814582,-12.728971428,92.09999999999904
325,0.189660139886,4.48287838956,-7.95902766773,-19.249058131,92.09999999999904
326,0.271797330585,-0.838416282785,-2.2739916635,-10.6704828793,92.09999999999904
327,0.195271673477,1.63610961867,-0.991784910998,-9.38219658304,92.09999999999904
328,0.786669604791,2.5189155684,1.03882332763,-13.5905955617,92.09999999999904
329,0.419779857147,-9.49311567512,-8.80437156839,2.71253382483,92.09999999999904
330,1.12806049318,1.21358792532,0.625507997989,-12.5894239676,92.09999999999904
331,0.150957168454,4.80410618039,-24.3913629984,-39.9212521468,92.09999999999904
332,1.33257366665,-31.4345851548,-12.6577838331,-21.0456242777,92.09999999999904
333,0.341167949262,-2.37501472047,-5.04982175742,-5.08638065663,92.09999999999904
334,0.431731279715,7.98236051407,-0.228568791243,-13.7789857695,92.09999999999904
335,0.119395987299,3.82133431074,2.22231533316,-10.7933337147,92.09999999999904
336,0.166379977166,2.79509040291,1.02332089426,-21.5662315511,92.09999999999904
337,9.08337800893,0.686936010118,1.4347521846,-13.292024211,92.09999999999904
338,0.20786961344,-2.9144818874,6.45222554926,-8.48633388406,92.09999999999904
339,0.120659313724,-4.67649304767,6.25647212669,-0.008749091009,92.09999999999904
340,0.12836086909,-104.876643038,6.4510218268,7.07171698642,92.09999999999904
341,1.83682497844,-0.306760515514,0.0872137854239,-10.7421343474,92.09999999999904
342,0.566621700915,-0.249588134781,2.08895233375,-12.3869833781,92.09999999999904
343,0.513371071179,1.32848969253,-5.68543820725,-11.7335504975,92.09999999999904
344,0.759919216383,-2.41662674165,3.45730377686,-25.2380877974,92.09999999999904
345,0.11193518376,-2.46250515944,1.64776736688,-9.97664378613,92.09999999999904
346,0.219663194829,1.32886622154,-0.34311819541,-12.4956764582,92.09999999999904
347,0.404262961064,-18.4690801762,-7.46005916574,-6.90987446361,92.09999999999904
348,0.130985191561,1.80359804664,2.12079574793,-9.50304699505,92.09999999999904
349,0.396688359536,2.43251970864,-1.4074031339,-12.1314325327,92.09999999999904
350,0.160280739662,1.73672893026,2.67386005063,-11.3911172687,92.09999999999904
351,0.25634646496,-3.80369027261,1.85410464583,-12.2786860595,92.09999999999904
352,0.211160723532,7.26679738619,5.35045410872,-22.2065790369,92.09999999999904
353,0.133339358046,3.37447286881,2.74665419556,-14.1577654868,92.09999999999904
354,0.226032427329,2.46502062474,0.971309067919,-14.7294543155,92.09999999999904
355,0.310380038881,-4.92927804889,4.05028679909,-5.4596168019,92.09999999999904
356,0.934818729197,1.88598060797,5.02770051174,-8.47016785317,92.09999999999904
357,0.162213461152,-0.0796899883962,-0.405038995941,-10.780577267,92.09999999999904
358,0.174057882154,3.51543109593,-1.32507278362,-12.7549485447,92.09999999999904
359,0.169895546336,2.82781956295,2.39549244962,-9.40182178397,92.09999999999904
360,0.207848041434,-12.1945444569,27.7789192826,-2.16792193316,92.09999999999904
361,0.436505610318,8.15765064872,4.4228945633,-7.37399402426,92.09999999999904
362,0.330148948691,3.90722003324,1.28092617127,-15.1950803751,92.09999999999904
363,0.321536396679,-0.351329121807,-1.84371137819,-11.8515997648,92.09999999999904
364,0.466134601508,-3.95511623942,1.79488317651,-12.9706240085,92.09999999999904
365,0.331959611177,-5.65590187077,79.9747000356,-29.0598320495,92.09999999999904
366,0.6061829191,2.35546599973,2.77139066431,-12.4751273179,92.09999999999904
367,1.8727762312,-9.61858318164,-70.0052177597,-70.6482270451,92.09999999999904
368,2.33974858386,1.44658039235,1.82642835216,-12.6145190826,92.09999999999904
369,0.182721980357,1.40280410461,0.365832494676,-12.455014447,92.09999999999904
370,0.217355871073,-0.468186255366,5.51473727071,-11.6247482985,92.09999999999904
371,1.03980614486,-7.50459052706,-3.38426176674,-8.96533575696,92.09999999999904
372,0.426300491253,1.85936658862,2.86608749942,-14.5688486312,92.09999999999904
373,0.260101664714,-0.0388795548035,1.28962321633,-15.6384068075,92.09999999999904
374,2.32983988354,1.12263280489,1.88233333867,-11.7986952071,92.09999999999904
375,0.284754377606,1.54984049724,1.13605467488,-8.1354220837,92.09999999999904
376,0.409871551566,26.0221338653,-26.5920332517,23.7503299548,92.09999999999904
377,0.176597526259,1.0403069636,1.0145001229,-11.0577408076,92.09999999999904
378,0.165588568552,0.101693868338,-0.233965574044,-12.3393018439,92.09999999999904
379,0.160157936993,3.60409931209,6.72325174867,-13.9646347825,92.09999999999904
380,0.152745240245,4.45429987584,1.41416175958,-15.9435762649,92.09999999999904
381,0.394862535841,2.59188323681,-4.99080014828,-18.1960383384,92.09999999999904
382,0.109878348414,5.05567843376,-32.0906570504,27.2036269517,92.09999999999904
383,0.122640626383,0.136963834647,-0.675474388936,-15.5793520924,92.09999999999904
384,0.169083692038,0.244150778155,1.03842693043,-13.6423242639,92.09999999999904
385,0.463218734978,2.39854676172,3.44955605418,-14.680669088,92.09999999999904
386,0.353555628496,15.2466828926,-34.7085011513,-35.7808488251,92.09999999999904
387,0.126089815749,1.67701155934,0.777127357647,-13.8600104055,92.09999999999904
388,0.168259441684,0.765432858878,0.751509042107,-12.4638926083,92.09999999999904
389,0.513440329911,2.3959214784,0.605379156377,-13.0271259806,92.09999999999904
390,0.350691454731,-2.30924119799,-1.4902483238,-10.547511802,92.09999999999904
391,0.119228464152,-1.0027015723,2.3214858007,-12.6864602564,92.09999999999904
392,0.125079422055,1.26760382348,1.69628018092,-15.3278571854,92.09999999999904
393,0.750738845914,-4.55182712298,2.45112444199,-13.1085395462,92.09999999999904
394,0.113717178844,5.24772277166,3.23481285841,-9.79041387133,92.09999999999904
395,0.318954135481,0.298727668454,-0.0618755940507,-11.8210970443,92.09999999999904
396,0.546256555926,30.8403822946,21.0447723405,45.1229530113,92.09999999999904
397,0.240704475056,4.19180341442,0.888273205525,-11.967897063,92.09999999999904
398,0.301012573891,-165.875978672,-15.9546107894,-5.005407652,92.09999999999904
399,0.428553558416,51.103425146,-18.3644894453,-36.7715995264,92.09999999999904
400,0.554012083236,-0.1236882487,1.55517105218,-11.1835391424,92.09999999999904
401,0.509445633126,3.21138183109,1.42075700267,-9.02832840233,92.09999999999904
402,0.498635667805,-0.820760631145,2.71290435926,-11.1623457396,92.09999999999904
403,0.728439988925,-5.55851210526,3.81448364597,-12.6631809048,92.09999999999904
404,0.406344641681,4.54345812538,2.64531835001,-11.226681621,92.09999999999904
405,0.110824806312,3.95659798412,-6.7743515136,-14.0835305922,92.09999999999904
406,0.309031263334,1.30518337142,-1.03675703484,-10.424092342,92.09999999999904
407,0.36875778868,-2.1334871237,-0.648338558337,-17.5845111318,92.09999999999904
408,0.620877768522,-1.24418679032,1.7895554719,-11.5961465903,92.09999999999904
409,0.309858265262,2.17109252889,2.31730778717,-13.3449563176,92.09999999999904
410,0.351287820751,-1.19063287789,-0.0354456985137,-9.78988920546,92.09999999999904
411,0.218725302345,4.59802643436,-5.68662745465,-10.7900151891,92.09999999999904
412,0.284137729085,7.46245915709,7.95509944518,-10.9745112674,92.09999999999904
413,0.15129825204,-0.241787006508,-1.77374211891,-13.3603140273,92.09999999999904
414,0.200709852434,-4.34639759289,3.8976045127,-8.5227969153,92.09999999999904
415,0.161016312105,1.26765367284,2.17251244157,-14.927276268,92.09999999999904
416,0.340380148094,10.2202125922,3.82686999157,-10.7197643123,92.09999999999904
417,0.734365501461,-7.56128968501,-10.2941309019,-1.53293054188,92.09999999999904
418,0.330752680908,-2.24211384807,35.6588389949,8.72561282872,92.09999999999904
419,0.145796978556,2.78939711381,1.62658442212,-12.6523660898,92.09999999999904
420,1.01536589402,-2.58329402936,0.556243693735,-11.6546172977,92.09999999999904
421,0.399195680433,0.514564137499,26.0577180153,-10.4423640367,92.09999999999904
422,0.119090381646,-5.37282419751,1.94681296924,-11.7036391215,92.09999999999904
423,0.264052381215,23.3894605078,16.698751897,-12.0497117427,92.09999999999904
424,0.154195788768,4.64847930528,5.8803223143,-15.5321908872,92.09999999999904
425,0.104337414033,2.04598944449,-0.882662835892,-13.6146097301,92.09999999999904
426,0.442267051241,15.4267860596,-87.8153673329,73.4397959885,92.09999999999904
427,0.110431910084,43.9581345373,13.4018720482,-36.3383354812,92.09999999999904
428,1.84491662465,1.65785142377,0.435980146832,-12.210750289,92.09999999999904
429,0.114076288231,5.57710691484,-2.40317216725,-11.77981818,92.09999999999904
430,0.316348086994,2.21891832851,-0.311709139825,-12.9628497973,92.09999999999904
431,0.123005144078,-6.24462345294,-6.78742748548,-94.910253633,92.09999999999904
432,0.437388921206,-2.81107975248,2.80383621585,-8.31615178121,92.09999999999904
433,0.472542707692,-8.6570968444,-66.1364975459,-13.6712649451,92.09999999999904
434,0.203386196396,-1.20951181949,-1.76161149663,-14.7228506887,92.09999999999904
435,0.180887398062,1.82499736605,1.38520721873,-13.1597242769,92.09999999999904
436,0.420152148994,0.966467040892,-2.77948950874,-8.56306113273,92.09999999999904
437,1.07389318137,6.47345291052,0.798600660092,-14.4396001458,92.09999999999904
438,0.152201957378,-0.713667621747,1.85688014043,-15.1088764636,92.09999999999904
439,0.947083418973,-4.47539021371,1.86174328997,-9.53351108286,92.09999999999904
440,0.176534526759,50.6810162411,-6.84632767565,-61.7503492954,92.09999999999904
441,0.383768723427,4.18175449312,4.01957149787,-11.8057312753,92.09999999999904
442,0.818152106727,2.68504567733,0.554510842162,-12.3650484313,92.09999999999904
443,0.341203047615,-1.19635729796,-0.893177905562,-9.69399769628,92.09999999999904
444,0.691709087892,-0.970636724944,-0.0636802633669,-12.567538449,92.09999999999904
445,0.943721900906,2.31657201843,0.385334573171,-14.8477757264,92.09999999999904
446,0.257772046759,-1.9048362011,1.43042803509,-10.0007573463,92.09999999999904
447,0.140533944103,-27.5621447819,74.1722665991,-30.0038018805,92.09999999999904
448,0.55356628256,21.633973741,-24.7317507367,19.1484691961,92.09999999999904
449,0.295202362037,-1.39802644621,2.75762175926,10.7993101487,92.09999999999904
450,0.3349824214,0.321420079102,1.40786340851,-13.1584837221,92.09999999999904
451,0.1026753496,1.21159514091,-0.882897845333,-13.4977534798,92.09999999999904
452,0.572112762879,4.01281534297,-0.268519920194,-14.0164080906,92.09999999999904
453,0.370225794409,0.0159947599761,4.24646705441,-14.5705682258,92.09999999999904
454,0.161350417667,0.842497137408,8.2837437509,-12.2800331823,92.09999999999904
455,0.279400029954,-5.52870306602,2.26643200231,39.0183054569,92.09999999999904
456,0.334333842903,-0.491712023322,-10.0935281527,-9.20258780764,92.09999999999904
457,0.62807772536,0.277912911992,1.65693867826,-8.98218088527,92.09999999999904
458,0.519536078617,6.6819158624,-1.15897354624,-23.2692611365,92.09999999999904
459,1.28631190776,1.58125776882,2.35348097154,-10.8916758837,92.09999999999904
460,0.170274032458,2.62548796403,6.37874818691,-3.69878830276,92.09999999999904
461,1.16020702575,0.410860258382,-1.89137695431,-12.852850968,92.09999999999904
462,0.149217540561,-1.64609345457,-2.37642728775,-7.25948807371,92.09999999999904
463,0.821410399772,0.933966033425,0.555244978128,-13.2845404446,92.09999999999904
464,0.400562534206,-25.1582979824,48.2658411437,-2.59699720405,92.09999999999904
465,0.317126875221,-0.422449881451,0.335671559144,-11.3650907047,92.09999999999904
466,0.353656885521,-0.58524330172,1.87642200093,-12.480440704,92.09999999999904
467,0.131717961944,0.925586276711,1.63743861672,-9.81481611732,92.09999999999904
468,0.159707486012,1.6645326621,2.59051030076,-11.1627046102,92.09999999999904
469,0.113338094331,4.98899399841,-2.23829332928,-11.6334583489,92.09999999999904
470,0.643313544508,4.43215728258,1.4554886926,-14.5186416817,92.09999999999904
471,0.110540306389,0.616733547365,1.10291102177,-15.9578432603,92.09999999999904
472,1.27084928232,-1.21830702159,5.5769412651,-13.9570269332,92.09999999999904
473,1.83669848344,2.58023684489,1.64377995046,-18.0288191268,92.09999999999904
474,0.153843202905,-1.15199122229,-1.39270511512,-16.8454318132,92.09999999999904
475,0.311279152041,1.55420673748,1.65374825152,-13.2513805915,92.09999999999904
476,0.174149752955,6.04278740641,2.90581038638,-13.1614723006,92.09999999999904
477,0.724214611499,-83.2890722882,14.6315664213,1.97093852786,92.09999999999904
478,0.186531432898,20.3646244312,-23.1239698067,42.0915648304,92.09999999999904
479,0.127335400355,10.9295320512,-4.99954054524,-11.535003744,92.09999999999904
480,0.113937883552,52.220964711,51.0447115477,27.5456818045,92.09999999999904
481,1.23790790585,1.52384601339,1.76419862976,-11.400953437,92.09999999999904
482,0.184331679752,4.26997726744,-7.49253399772,-5.7103150416,92.09999999999904
483,0.877883612646,-1.46552198309,2.40024945078,-13.7217060081,92.09999999999904
484,0.290857888968,1.35215655505,1.1797291225,-12.9866600906,92.09999999999904
485,0.207297473304,0.483755516617,-0.740857812547,-14.355002018,92.09999999999904
486,0.595013566875,0.978755701547,3.23199934036,-11.9563720644,92.09999999999904
487,0.490906147796,0.834028146899,0.935020213316,-14.3335092669,92.09999999999904
488,0.276767369851,3.43968836063,1.3215301491,-13.1018950001,92.09999999999904
489,1.48497250737,3.05364192644,0.669653375015,-11.7699352301,92.09999999999904
490,0.287844923766,3.0031368368,3.15360147307,-14.2611311922,92.09999999999904
491,0.466960271683,1.64619490028,-3.10111523337,-12.3510302455,92.09999999999904
492,0.344943031812,1.9388000029,-1.20260978642,-13.1258848458,92.09999999999904
493,0.113276738104,-3.74703341085,5.86126145334,-9.24388138886,92.09999999999904
494,0.495888471623,11.1717478929,-10.9688625305,-5.07961321799,92.09999999999904
495,0.156083537136,4.96273402659,4.51362575137,-16.7611901342,92.09999999999904
496,0.100928543147,-2.68725619965,2.83768120905,-14.8529551574,92.09999999999904
497,0.393276401081,7.79383561187,-2.09647877547,-14.6641901725,92.09999999999904
498,0.116117515688,-3.14063693152,3.29216374866,-12.6462022162,92.09999999999904
499,0.108890266037,-8.91254573547,8.37191281684,-3.3325939774,92.09999999999904
500,2.72510467168,-31.2964862732,-12.135886796,-15.1437204803,92.09999999999904
501,0.41838125723,1.37755605165,-0.296998110299,-15.6897316869,92.09999999999904
502,0.555202762326,3.15347992312,2.63643602805,-14.3708397452,92.09999999999904
503,0.727369755266,1.31022716566,2.54670180724,-12.9136171548,92.09999999999904
504,0.100331832623,3.40569569906,-1.93791377332,-15.3788502531,92.09999999999904
505,1.25940807294,-6.62685991524,-4.56818280627,-14.2680259778,92.09999999999904
506,0.110541276976,-0.448274393398,4.68617899841,-14.1878726199,92.09999999999904
507,0.219999015422,2.58451080222,4.06009336336,-12.1124001991,92.09999999999904
508,0.310088617642,0.613732506836,2.81409121692,-11.9637683356,92.09999999999904
509,0.284239898186,0.470944141274,3.31586124247,-11.211880711,92.09999999999904
510,0.852788925321,-4.70790617283,3.68999765131,-14.8906086363,92.09999999999904
511,0.150199883268,-0.513142098455,24.2354483426,4.25880736591,92.09999999999904
512,0.168287990933,1.11723895384,0.326984016385,-13.4357530074,92.09999999999904
513,0.104203729072,-0.342329506171,-1.08747422192,-16.2861742878,92.09999999999904
514,0.822366175086,0.621744077127,1.08369894941,-15.864826074,92.09999999999904
515,0.734000112538,0.244012518617,1.23622769424,-14.0859168545,92.09999999999904
516,0.284722606514,1.66278674688,-11.9361609726,-9.96090015759,92.09999999999904
517,0.139710676225,-0.284574478741,0.89772663046,-13.1019693445,92.09999999999904
518,1.30387415986,-2.52392742428,0.344225086161,-15.5172827744,92.09999999999904
519,0.219503934679,1.72675744273,4.58987281087,-11.0262594993,92.09999999999904
520,0.169569268376,-0.498645762313,1.66601575103,-11.0397506704,92.09999999999904
521,0.379479385495,2.44772828035,1.5366407946,-11.2614033159,92.09999999999904
522,0.648562918671,-36.0299507604,-37.6107035436,-0.369977314884,92.09999999999904
523,0.147981728447,0.257287471308,-0.351940405814,-10.9626257926,92.09999999999904
524,0.611902094017,-3.57308018113,-1.61412003799,-15.2496906391,92.09999999999904
525,0.343404298796,-1.23381388764,-0.497367986822,-12.1446423721,92.09999999999904
526,0.504289666202,12.3370475312,1.53184288006,-17.0635061995,92.09999999999904
527,0.10882560826,1.13441557465,4.47912281558,-12.6495833811,92.09999999999904
528,1.92690875685,-4.82651868585,-1.51044643183,-22.4671501227,92.09999999999904
529,0.467052258293,8.40082211854,-0.036818904302,-14.1900177602,92.09999999999904
530,0.23901173055,0.589443424623,-0.366418313221,-14.5681641783,92.09999999999904
531,0.404372475831,3.67602090281,0.421568124291,-14.9016342423,92.09999999999904
532,0.365044797601,-0.434231461999,-0.801582598254,-12.2923636221,92.09999999999904
533,0.120637939921,0.941459376215,4.23992236528,-16.2477620998,92.09999999999904
534,0.218561240736,0.285513524294,0.984121579644,-17.6295866575,92.09999999999904
535,0.724274766565,1.06407575836,-0.87678670041,-10.373643287,92.09999999999904
536,0.285780433551,0.720116865388,2.40940655436,-12.2525838745,92.09999999999904
537,1.78426355586,0.659932656378,1.18671860961,-13.2774473884,92.09999999999904
538,1.95779127529,2.83131057604,2.52369324306,-11.9533449976,92.09999999999904
539,0.573978614577,-6.12303655477,-10.8484142197,-32.9888247066,92.09999999999904
540,0.252748237939,1.47544805739,1.52180462106,-15.701321903,92.09999999999904
541,0.633480463929,2.02119204879,3.74976685024,-9.62999898241,92.09999999999904
542,0.526805813014,102.504938023,24.3658331052,-15.1369696158,92.09999999999904
543,0.269994738872,3.34505837754,-2.59904833938,-20.7577453626,92.09999999999904
544,0.170252696834,2.02771627841,-0.129377461364,-12.1815022179,92.09999999999904
545,0.536830902093,1.35865139677,-1.99941051551,-13.4710999916,92.09999999999904
546,0.889975520326,0.761941203806,0.708834026544,-12.2785257435,92.09999999999904
547,0.2080903204,-45.9365834347,-15.9142971394,-33.6003296952,92.09999999999904
548,0.339447951224,1.64286559215,1.41609361082,-14.5412631992,92.09999999999904
549,0.125121464938,12.4319039091,-24.6031377437,-51.6225265864,92.09999999999904
550,0.439440725215,2.28488478466,-1.93237452868,-14.0676877984,92.09999999999904
551,0.153275186988,1.29075168106,3.87177233611,-12.1927176538,92.09999999999904
552,0.162568828243,9.39947998273,11.5490366772,-20.2698628422,92.09999999999904
553,0.123191135394,2.92551304642,-0.136030022271,-9.8806913187,92.09999999999904
554,2.29980308422,1.47191745253,1.63289130227,-13.1576609513,92.09999999999904
555,0.164861588623,-4.72897049721,4.82809694907,-18.8194971283,92.09999999999904
556,0.207095413434,-1.17464772559,-0.230106787154,-11.9060683909,92.09999999999904
557,1.36347462498,0.32673354985,-2.47662979337,-15.5963107903,92.09999999999904
558,1.47730156768,82.5659904867,-9.84110173862,20.3930773337,92.09999999999904
559,0.530572560573,-6.06539592189,-2.21778181203,-15.3349769913,92.09999999999904
560,0.179423252007,91.152194814,101.261724857,-6.11825398837,92.09999999999904
561,0.325433824924,1.30219169918,0.832843090879,-12.3613675267,92.09999999999904
562,0.168893928683,-4.41163567278,-0.694607920519,-9.40280626538,92.09999999999904
563,0.157344037924,1.72355313572,4.42803396567,-15.1187681043,92.09999999999904
564,0.197453470613,55.4376848057,-71.9255867389,-59.5979897665,92.09999999999904
565,0.166671389531,1.20109003437,4.82499089515,-11.1357511705,92.09999999999904
566,0.149625649662,105.878586454,33.1204668151,-12.4916837454,92.09999999999904
567,0.589567237217,-2.6779757396,1.17674570617,-14.158297668,92.09999999999904
568,3.36656553962,1.28900312973,1.75531975986,-12.0704132802,92.09999999999904
569,0.104974221675,-2.28772738616,2.24393996781,-18.8535800053,92.09999999999904
570,0.217392809094,3.46837293379,-3.89682835447,-11.828679074,92.09999999999904
571,0.112189741014,4.13563205268,1.97813240168,-13.8739489395,92.09999999999904
572,0.259479295504,-1.75969158572,6.85953089846,-13.7579015137,92.09999999999904
573,0.365031496284,3.91568557884,2.27539109295,-7.93032086926,92.09999999999904
574,0.181821726639,-1.68275945038,-4.68492731728,-10.9391557313,92.09999999999904
575,0.120083194833,2.94046090863,2.0167116301,-9.60315376368,92.09999999999904
576,0.195923444945,0.649891141142,-3.27773465237,-13.7704989175,92.09999999999904
577,1.39440516612,-2.3964075592,-3.9108063136,-13.8058751924,92.09999999999904
578,1.17766897757,-0.0725686846691,0.489612210426,-14.2170167843,92.09999999999904
579,0.228648708838,0.417176421788,-2.44935415,-12.4157286828,92.09999999999904
580,0.225247118625,1.46839128167,1.49560416089,-9.51737299967,92.09999999999904
581,0.370264350959,-1.01988205085,-1.36807707354,-14.3644357145,92.09999999999904
582,0.145692808728,-1.15793874312,1.42081434742,-13.2901621487,92.09999999999904
583,0.359883259323,-1.27045429456,3.28048477141,-14.8776675736,92.09999999999904
584,0.109919639642,5.79639389646,11.7192126528,-9.87379658358,92.09999999999904
585,1.87517194432,-0.751985439661,3.85034703688,-14.4269869675,92.09999999999904
586,0.174186778233,-3.01439744469,-7.62927489951,-9.60429420559,92.09999999999904
587,0.496188111579,0.133007631606,2.21985673852,-15.0665905772,92.09999999999904
588,0.269531986931,2.93837253773,1.81194785849,-11.4620748922,92.09999999999904
589,0.287998986722,3.76511702559,0.798393189556,-11.1118061688,92.09999999999904
590,0.108650853518,6.72460722187,-49.2817108431,-3.54680314485,92.09999999999904
591,0.134386802043,15.5301561456,21.145398621,-25.7693972583,92.09999999999904
592,0.282953586326,1.33378542036,3.48915135397,-13.2453769367,92.09999999999904
593,0.313083222206,-2.22551218966,0.878197751154,-15.6251004114,92.09999999999904
594,0.109103258246,-2.4372068933,-1.42686151383,-13.5844446484,92.09999999999904
595,0.175396387269,5.33092514281,4.3327128569,-11.9784090672,92.09999999999904
596,0.134384288737,2.77867762931,1.43547564731,-12.8129759747,92.09999999999904
597,1.26219764482,1.06021403559,0.126174484635,-12.9669833449,92.09999999999904
598,0.563587478257,1.1854427136,1.05251048799,-14.4156506513,92.09999999999904
599,0.271119326449,1.49892640154,0.457070392306,-13.2072712254,92.09999999999904
600,0.208824659381,-0.807210070463,5.43038594239,-12.3714176685,92.09999999999904
601,3.24489387766,-3.68195068623e-06,1.32103878114,-12.8318508444,92.09999999999904
602,0.157775798427,1.8209026691,-0.40533961928,-13.1400232431,92.09999999999904
603,0.553556217127,9.23075847532,-0.785170703227,-12.5583268058,92.09999999999904
604,0.386226038833,4.37873080896,2.09592260729,-14.25517482,92.09999999999904
605,0.13270521014,2.51749856404,3.37066340277,-18.8453444689,92.09999999999904
606,0.257592325011,-1.87137900134,-2.9695717318,-15.7510403764,92.09999999999904
607,0.195348235122,36.3631382593,-23.7016084932,-40.2713571059,92.09999999999904
608,0.119303064666,1.14073045358,-2.50686634284,-11.90349598,92.09999999999904
609,0.134263436281,1.81776091155,0.0308278550805,-11.4746632678,92.09999999999904
610,0.38829813988,0.341323155772,-0.281561846629,-14.2944122014,92.09999999999904
611,0.114314281834,-4.39277158345,0.890398190848,-9.20768592862,92.09999999999904
612,0.189734192697,5.34094295616,2.44715415933,-13.2022983506,92.09999999999904
613,0.316854176583,-0.134447924635,3.41543885298,-12.5362411767,92.09999999999904
614,0.105109378109,6.7822689318,-1.69668367846,-20.7620858266,92.09999999999904
615,0.266755375606,5.28008298882,0.573608383489,-11.6913563352,92.09999999999904
616,1.14615751846,2.23598919803,2.13697014761,-11.9082026091,92.09999999999904
617,0.307340601712,-2.76870833321,-1.28295614674,-9.8365551094,92.09999999999904
618,1.3505453787,0.659705050454,0.0726908660583,-11.9694187631,92.09999999999904
619,0.116843295522,2.50081709633,1.5484698773,-17.9564435583,92.09999999999904
620,0.206088395599,1.80411941039,2.77063132097,-14.1425077207,92.09999999999904
621,0.214645396503,1.91986374293,-0.471758509138,-12.0080369738,92.09999999999904
622,0.282685741734,3.8050254909,1.1340520364,-9.07508500216,92.09999999999904
623,0.171373869575,1.93055304941,-0.702224621232,-13.4303270775,92.09999999999904
624,3.10352808445,1.31606637659,0.727422867397,-12.7417948016,92.09999999999904
625,0.407662272998,-1.06779847939,1.14274339063,-11.9654116823,92.09999999999904
626,0.94456259892,4.93826676666,0.605839575168,-15.554954368,92.09999999999904
627,0.106088885601,0.995288426823,-2.63405376028,-16.701827416,92.09999999999904
628,0.306525529783,4.04070360672,-4.24742686844,-14.3217194326,92.09999999999904
629,0.154260762588,5.48335159374,-1.96183307818,-9.84859525356,92.09999999999904
630,0.577981103547,0.284015333358,0.0671160805985,-7.8443396417,92.09999999999904
631,0.334989473622,3.22897710995,3.39713327944,-13.0862820333,92.09999999999904
632,0.747877602439,2.76144349851,-0.395216715588,-12.8885916068,92.09999999999904
633,0.420619688722,-0.55115005617,0.169266789061,-9.70370142148,92.09999999999904
634,0.283924534331,1.51831394378,-0.321962121898,-13.5089098803,92.09999999999904
635,0.224590506235,-0.348366547969,3.21111564315,-12.4249039374,92.09999999999904
636,0.544374553113,2.32249120742,3.51418143803,-13.2331122287,92.09999999999904
637,1.49600811475,4.20714076657,0.879169880095,-11.3099565542,92.09999999999904
638,0.653442237127,-0.83977990615,3.38916463068,-12.2143932374,92.09999999999904
639,0.115114822798,1.78839241973,-0.298005091402,-12.1904656471,92.09999999999904
640,0.195148568184,2.83687901336,4.09161558364,-14.3406893913,92.09999999999904
641,0.157485225802,-2.23318088202,0.554545026522,-9.632515633,92.09999999999904
642,0.111623805042,39.8734482343,-73.1931795838,4.35196191225,92.09999999999904
643,1.86546750456,-3.85572225194,3.1670417441,-11.7411187167,92.09999999999904
644,0.117842408183,2.22834407945,2.30434506536,-12.1233397007,92.09999999999904
645,0.224848020702,-0.654612307583,0.101529576865,-13.3516600488,92.09999999999904
646,0.274791547447,0.858858303184,1.14127719411,-13.2522964674,92.09999999999904
647,0.176997636677,5.69982069518,-2.90821571662,-12.9378332284,92.09999999999904
648,0.128326559968,5.44548176895,-1.72258865284,-15.1135072593,92.09999999999904
649,0.174460320208,-0.608141044263,-1.32491510784,-13.0514470901,92.09999999999904
650,0.14624347855,-1.9606133792,-0.0630742221583,-10.7162737777,92.09999999999904
651,0.263977423233,5.65460894582,-1.93242961671,-12.1863387428,92.09999999999904
652,0.130703338633,0.0718289904766,1.36383905333,-12.3172138178,92.09999999999904
653,0.222742082139,7.02578444779,7.88829609266,-13.0452671668,92.09999999999904
654,0.469185481953,0.549398377874,2.66310179413,-12.758441473,92.09999999999904
655,0.416269593961,1.70398057167,0.453731127023,-12.2084644173,92.09999999999904
656,0.14135751258,-5.65005730258,-0.546975417051,-9.43789151904,92.09999999999904
657,0.339375225916,-5.01610164642,2.80941715641,-11.553222437,92.09999999999904
658,0.300941664814,-4.44139057585,-11.2746301858,-24.1212001648,92.09999999999904
659,0.336659108962,2.19640110373,-0.897420672616,-16.128797614,92.09999999999904
660,0.986344235596,0.300329044428,1.62751092858,-11.9523099769,92.09999999999904
661,2.6059279725,1.54160275967,1.26910412746,-9.35060909672,92.09999999999904
662,0.131802188356,9.81815795905,-51.3097425313,-69.4794291725,92.09999999999904
663,0.431876351931,0.949352432338,1.1422991982,-14.2895589075,92.09999999999904
664,0.613662445892,-0.370877180121,3.67197690913,-12.2916351728,92.09999999999904
665,0.252055947003,3.40613258254,-1.15185919369,-18.0423809503,92.09999999999904
666,0.622711508674,20.2460044048,9.84888996772,43.488234304,92.09999999999904
667,0.122294450879,-4.82964575022,-0.475018552121,-12.1352269817,92.09999999999904
668,0.29909817844,1.15215980335,1.98907154133,-11.56474816,92.09999999999904
669,0.139915858251,5.64916918846,-0.341919033371,-19.3141746616,92.09999999999904
670,0.133930791403,-1.92215507229,0.125690601679,-7.64303883443,92.09999999999904
671,0.196542196154,10.8679145377,-40.84862182,-29.2105558558,92.09999999999904
672,0.797237691385,-4.78652783484,-0.96110710471,-14.4469116168,92.09999999999904
673,0.129981279116,-6.17260440069,0.205053884029,-12.2449316987,92.09999999999904
674,0.135433161578,1.75969996031,0.901306693092,-14.1960168203,92.09999999999904
675,0.316337559808,0.95935835126,2.60067991747,-14.6718064428,92.09999999999904
676,0.200694064341,-0.566933234039,0.349338043554,-12.4095982653,92.09999999999904
677,0.354995446139,-12.0358552961,-1.78629833534,-2.33434732663,92.09999999999904
678,0.502952023274,3.48623156396,-2.43665832258,-16.8987626781,92.09999999999904
679,0.219421131169,1.95599467295,-0.705403434392,-13.1696983668,92.09999999999904
680,0.259906426783,-0.630325198938,-0.672445685118,-15.8880647847,92.09999999999904
681,0.204782316187,3.78973537054,2.34580612499,-11.531820187,92.09999999999904
682,0.168860976661,0.567148767756,2.91851256496,-11.6268979791,92.09999999999904
683,1.58870579649,4.97113869471,4.8301426502,-6.36191259344,92.09999999999904
684,1.11549305776,1.20061315772,0.891886060014,-13.169094284,92.09999999999904
685,0.370517375445,14.2141446162,1.2306196499,-3.62410463667,92.09999999999904
686,0.106533631235,0.90325733505,2.1747390505,-12.7856029247,92.09999999999904
687,0.263994404152,-1.22849602409,-0.416180987299,-11.9815372882,92.09999999999904
688,0.101733470009,-18.841941501,3.99324499122,-20.7019099479,92.09999999999904
689,0.174416762312,0.907707608666,5.27662738446,-11.4096318111,92.09999999999904
690,0.16692149648,-23.2418923805,-38.1796200479,8.15206757999,92.09999999999904
691,0.278518067568,2.51207309652,0.456683018027,-14.4849035031,92.09999999999904
692,0.140048134293,1.69694368619,1.01523369526,-12.7324149256,92.09999999999904
693,0.108755310571,1.17970470852,0.637414199714,-11.7652803531,92.09999999999904
694,5.31718636471,1.99075077726,1.46421530563,-14.0933215995,92.09999999999904
695,0.736240160204,4.64842091348,1.2004538172,-11.8585117771,92.09999999999904
696,0.191492131338,-2.19945400636,3.84573248045,-14.5356330869,92.09999999999904
697,0.646403974884,2.29736792523,-1.08316889956,-14.0792685947,92.09999999999904
698,0.322410476245,2.53154677492,3.26905939837,-12.4379078565,92.09999999999904
699,0.171731752127,5.55545778455,2.56571317371,-14.8871016155,92.09999999999904
700,0.222967605986,-3.51762982603,0.0300836085737,-24.995251716,92.09999999999904
701,1.06908200342,-1.79504388672,-0.910182087336,-12.1935385329,92.09999999999904
702,0.142901647011,-9.26145092302,-5.74593725669,-9.61618934583,92.09999999999904
703,0.169837178468,2.98613907049,1.80831668644,-12.91723461,92.09999999999904
704,0.274864138895,-0.758227318712,-3.1418330827,-11.7988207858,92.09999999999904
705,0.482460839739,2.5708849135,10.3339903904,-12.2763984023,92.09999999999904
706,0.104240460116,0.702620132965,0.782375827998,-12.2794873255,92.09999999999904
707,0.178744685772,4.36497135179,3.71332104016,-15.4822995493,92.09999999999904
708,0.591438669563,2.13606722675,-0.55436560759,-14.2075520558,92.09999999999904
709,0.132105780507,2.10110373513,2.69010969158,-11.3141324564,92.09999999999904
710,0.19979645255,-6.09270919945,-4.38322398782,-8.75863322529,92.09999999999904
711,0.108615873847,20.8090918231,4.10235324098,-35.821718182,92.09999999999904
712,1.34171858166,-8.60735353088,-4.22840289259,-9.90027255023,92.09999999999904
713,0.252908652116,-2.1586408802,-0.635282204294,-13.5642436576,92.09999999999904
714,0.410108537147,6.76309644705,0.609175298988,-12.9378865505,92.09999999999904
715,0.142422932158,-1.56230121091,1.30179865477,-14.9234118518,92.09999999999904
716,0.329366556877,1.43036556749,-0.731118596469,-9.74116813422,92.09999999999904
717,0.235741999444,-1.90935561177,3.29294244388,-9.5576307754,92.09999999999904
718,0.517169794322,-1.0623408384,-0.339379022274,-11.4410673785,92.09999999999904
719,0.162181908908,5.97130796419,78.9333934139,25.8586771712,92.09999999999904
720,1.09853349282,1.36376653064,2.01990099405,-10.5494555779,92.09999999999904
721,0.243417638719,-2.10127145971,-1.6017025421,-17.8276313434,92.09999999999904
722,1.22425685331,0.435158204489,0.275837622592,-11.2726287135,92.09999999999904
723,2.69498340817,8.15653333117,21.3198732099,9.87048891255,92.09999999999904
724,1.33957738769,1.100442742,4.07233636658,-15.2699103477,92.09999999999904
725,0.30729863031,2.34334987693,2.61667664271,-12.426267963,92.09999999999904
726,0.116068458494,2.68937224636,-0.765582080639,-15.225997358,92.09999999999904
727,0.202463067454,-4.23895142394,2.90928917661,-11.2954200167,92.09999999999904
728,0.11139312338,0.910296696986,2.96545381268,-14.5925010778,92.09999999999904
729,0.221849328005,-2.96212359043,4.50640766362,-5.4198735912,92.09999999999904
730,3.67662515376,18.1748065223,-0.952035061405,-20.4764657849,92.09999999999904
731,0.2277490316,-10.9252738672,-10.6456014853,-14.9064153947,92.09999999999904
732,0.430260629515,21.7530723348,-62.9382870807,-64.55759072,92.09999999999904
733,0.343304443991,0.721394392884,10.2834202066,-12.8831342008,92.09999999999904
734,0.171443061844,1.12264878135,6.41801494298,-16.7461062499,92.09999999999904
735,0.219384470358,2.32134867893,-1.50910643108,-17.0769487484,92.09999999999904
736,0.218595521351,3.45081362199,7.66774460231,-21.9224785879,92.09999999999904
737,0.287723287025,4.04233976377,3.5993045113,-13.6919888771,92.09999999999904
738,0.226641051127,-45.8014986853,18.9825752408,45.4701465184,92.09999999999904
739,1.32895505856,2.74470791546,1.04129778973,-13.1877546866,92.09999999999904
740,0.170510777747,-3.26447538981,-0.786507158157,-12.9566194725,92.09999999999904
741,0.113727544863,2.99965539576,0.744310436842,-10.0203365994,92.09999999999904
742,0.57763377393,-7.25761895956,-2.66358994905,-7.10078226629,92.09999999999904
743,1.04481438664,2.55118928837,1.80857460667,-9.8270599522,92.09999999999904
744,0.485075874689,4.36123979934,3.27786353513,-17.2001213812,92.09999999999904
745,0.308137518109,-0.134224481603,1.58646208338,-12.1978575395,92.09999999999904
746,1.03876810191,-4.2764391037,2.45644202288,-5.41741050584,92.09999999999904
747,0.427738879701,1.66732020488,-2.13751131723,-14.3476759891,92.09999999999904
748,0.511310488376,-0.268395134905,1.07007293028,-15.6213312055,92.09999999999904
749,0.634284716489,2.82463306487,0.264838974652,-15.2325054002,92.09999999999904
750,0.125413184244,-106.957529081,-58.2749963352,79.327714116,92.09999999999904
751,0.488927462532,-2.16650959405,3.77317051953,-12.0163738786,92.09999999999904
752,0.175097329345,1.89109694289,0.238498337584,-14.6923634407,92.09999999999904
753,0.109008051827,7.86628076267,2.58533699873,-11.9789840408,92.09999999999904
754,0.440905277299,5.42960000206,2.39070818384,-11.2095509856,92.09999999999904
755,0.108925544247,-3.55578308553,1.38441502419,-12.6670491545,92.09999999999904
756,0.502112982758,1.0345252221,2.01308743614,-13.6474751521,92.09999999999904
757,0.499868950013,1.51963208431,-0.186890448433,-12.9350368585,92.09999999999904
758,0.382857157598,0.439102102801,2.38380541411,-14.7839110512,92.09999999999904
759,0.228597680318,8.68176307282,28.2448017316,-33.2499990788,92.09999999999904
760,0.437470648962,1.09736375867,0.822357144466,-13.8178966169,92.09999999999904
761,0.156756485868,-4.47862068227,2.26500600731,-8.96866925328,92.09999999999904
762,0.571082673259,-0.93012630935,-3.727436444,-15.3794563047,92.09999999999904
763,0.336315064018,6.4952702834,-9.61260983056,-8.94502000098,92.09999999999904
764,0.116486487161,2.67590107173,-2.03206013063,-12.6902779732,92.09999999999904
765,0.119520804676,-0.619974721529,3.10441258333,-14.4217342051,92.09999999999904
766,0.154341018666,6.15453705397,2.44435833839,-13.9765276292,92.09999999999904
767,0.118822041808,-0.327496663805,2.18279529065,-11.0817729925,92.09999999999904
768,0.111346266911,3.15776174747,1.77664768823,-13.1271155783,92.09999999999904
769,0.101655672544,-82.1598113135,31.5874985796,0.55016907548,92.09999999999904
770,1.12396927719,2.34405877434,1.39467479105,-12.3156454968,92.09999999999904
771,0.379631474387,-1.69043466376,2.68701190512,-18.645387409,92.09999999999904
772,0.117350769396,-31.0183429062,75.8392455708,-140.896601716,92.09999999999904
773,0.487545053219,16.4922232091,44.9471736114,37.3483789746,92.09999999999904
774,0.102811546529,4.1598241195,1.54590192191,-13.5696052942,92.09999999999904
775,0.149161372201,2.3118169494,3.28789919524,-12.3115192525,92.09999999999904
776,0.460555792655,0.810624781646,3.65305761376,-12.2166158995,92.09999999999904
777,0.123883378983,45.2801335541,-38.6334776921,23.9955653569,92.09999999999904
778,0.413039365752,-28.768779772,-14.9307906194,94.2922476187,92.09999999999904
779,0.760402315665,0.25145403502,-0.917263027319,-11.3037374922,92.09999999999904
780,0.568824340504,0.470702358775,1.87462234321,-9.7171701441,92.09999999999904
781,0.302113501679,-5.39196954835,8.44037374164,-9.91192511319,92.09999999999904
782,0.200641750943,-4.38578614326,4.73814733113,-11.5818316085,92.09999999999904
783,1.0001118699,2.68814786011,1.56699363785,-13.4554420677,92.09999999999904
784,0.433421871095,2.11458791555,2.86223934219,-15.9749729672,92.09999999999904
785,0.290394891451,5.10747027486,-0.0793659826259,-14.1320899852,92.09999999999904
786,0.374539102958,5.07946739584,-14.3804303238,-16.0112690743,92.09999999999904
787,0.485375000866,1.78655303535,-0.825942041034,-13.2307715996,92.09999999999904
788,1.18267171141,1.95338009974,4.50023935337,-17.5980413094,92.09999999999904
789,0.236777729601,5.09495085306,2.14407344844,-12.4222801385,92.09999999999904
790,0.356163495907,-0.118522711209,-2.16074529885,-10.6026704728,92.09999999999904
791,0.363012294829,2.63289849643,2.03175019516,-18.5066254776,92.09999999999904
792,0.157415009698,-0.80048414572,1.45823336139,-13.4991355875,92.09999999999904
793,0.363235145152,3.7213784192,-0.333496988047,-13.5126589441,92.09999999999904
794,0.415119347991,-0.555660667294,5.94611999647,-20.3276337767,92.09999999999904
795,0.915753945672,1.03387300415,-0.692731779678,-12.3633795338,92.09999999999904
796,0.208126615752,-26.4480661181,-1.93584706739,-10.9775746726,92.09999999999904
797,0.374466231603,49.1336296727,-14.8293009308,-29.3396676488,92.09999999999904
798,0.204750457283,-1.34268926935,-0.568050286354,-15.2239394429,92.09999999999904
799,0.120540993941,-1.51934253624,1.3196912182,-11.5282700904,92.09999999999904
800,0.101700650044,0.835857634565,139.211606398,73.2709431914,92.09999999999904
801,0.42644232114,7.89113633043,-0.0692146579003,-17.3223939371,92.09999999999904
802,0.115228156837,1.30845891485,1.73299405899,-12.1165895984,92.09999999999904
803,0.377540497761,0.770292350486,1.08550013687,-13.220976356,92.09999999999904
804,0.521590431741,0.760367616617,2.6642399239,-16.3002600238,92.09999999999904
805,0.127205865363,1.10354417492,2.24541127672,-12.7389428161,92.09999999999904
806,0.217556819563,8.54860496397,6.14330317011,-12.8041239402,92.09999999999904
807,0.158358383438,2.92715093296,2.62963651081,-13.2721956804,92.09999999999904
808,0.129939947763,29.051587532,-0.130602302265,21.2327817788,92.09999999999904
809,0.952004351366,-25.9553957353,-16.0235166587,-24.5086922245,92.09999999999904
810,0.385421054119,3.9675453284,1.14464087706,-13.2285877953,92.09999999999904
811,0.406302992494,2.1149274029,1.04475173958,-10.0235062062,92.09999999999904
812,3.37650146589,0.254057326186,2.76441677508,-11.9968490496,92.09999999999904
813,0.143278836815,1.14456809743,-1.04753169971,-11.5995708545,92.09999999999904
814,0.438954625403,2.60137702841,3.1720551096,-12.9896673445,92.09999999999904
815,0.56825089577,1.71522611354,1.13303481279,-12.6311174958,92.09999999999904
816,0.102241840149,-6.92123419642,-5.92251715919,-15.4740747443,92.09999999999904
817,0.351668405729,-5.27822642548,-4.47182258867,-10.8877330006,92.09999999999904
818,0.65583735773,-1.01403320175,-1.19729058034,-13.3455096261,92.09999999999904
819,0.242593199898,48.5620838596,-92.7955498789,-0.337669643536,92.09999999999904
820,0.349943197023,0.855250996453,-4.01515530291,-11.4323135158,92.09999999999904
821,0.151197835593,102.841986835,-57.9789436559,-51.1711768817,92.09999999999904
822,0.15783390689,-27.910229992,-60.3945400802,38.4962499367,92.09999999999904
823,0.199978619336,4.88765164194,2.21533895799,-11.7894248631,92.09999999999904
824,0.300726165626,-1.27176983908,1.01597182834,-13.8858962781,92.09999999999904
825,0.185725450976,4.92057627689,-0.44702579719,-6.40817075033,92.09999999999904
826,0.128813055146,1.46942942291,-0.308237536768,-11.9316624349,92.09999999999904
827,0.314760923918,2.26590219233,-0.286228013109,-11.5717032254,92.09999999999904
828,1.23142700612,14.2382099937,-20.9793795207,-49.5244689524,92.09999999999904
829,0.362065956327,3.13439390507,5.41552664156,-14.1587925998,92.09999999999904
830,0.329612544831,1.88560406085,1.80361484805,-15.5100952777,92.09999999999904
831,0.544123335898,5.5391949112,3.55096141723,-13.5544139257,92.09999999999904
832,0.215265704646,16.3187774751,43.5294004848,-5.98135982873,92.09999999999904
833,1.25764818568,1.16687056128,-2.9236681929,-28.8278088994,92.09999999999904
834,0.844780855765,4.89788718135,9.59618851965,-26.8858195147,92.09999999999904
835,0.12200549883,-4.72346480891,8.52581288663,11.6763532614,92.09999999999904
836,0.153699551027,-5.7703751013,-2.03234491695,-7.97954795207,92.09999999999904
837,0.806069198135,2.18944131496,-5.13860687915,-14.3152447307,92.09999999999904
838,1.5916869701,4.44761575947,-0.356515612314,-12.9487305534,92.09999999999904
839,0.153605241472,-19.7795575085,14.2414821302,-29.7229946146,92.09999999999904
840,0.102614219862,3.74891566637,2.64983778193,-17.4421016153,92.09999999999904
841,0.134545910936,-61.8203418541,-59.6232840189,4.26847585987,92.09999999999904
842,0.178553283541,9.05540456402,6.08690755953,-16.074880465,92.09999999999904
843,0.16816161781,2.60582165442,1.74453457485,-12.1008355609,92.09999999999904
844,0.370664916846,2.17834672415,2.76288288988,-11.1355634765,92.09999999999904
845,0.321851907449,2.05438769361,3.2429932018,-10.9375941161,92.09999999999904
846,0.431401341796,-11.0099425814,-10.8398791331,-10.2035995139,92.09999999999904
847,0.142706224352,2.78827430499,1.71707928858,-15.1768860113,92.09999999999904
848,1.37818550874,-3.91562307419,1.26893613764,-11.6717589343,92.09999999999904
849,0.104144727864,-1.99716070498,1.44390396509,-11.1598535917,92.09999999999904
850,1.01702272487,7.87638907789,1.39871981024,-16.0073324022,92.09999999999904
851,0.578575609331,-1.4353086193,0.300442442604,-11.4079948495,92.09999999999904
852,0.548746415176,-2.02949150478,0.590773750565,-13.3184851161,92.09999999999904
853,0.255594430222,3.34023554386,-3.23657042958,-11.2607672671,92.09999999999904
854,0.975035772283,-0.90013040385,-1.35120996585,-13.5330604845,92.09999999999904
855,0.27620907007,0.877414425282,-0.112102885064,-12.2801531658,92.09999999999904
856,0.693757508928,-1.32393297491,2.68399303797,-16.5935135488,92.09999999999904
857,0.185069109412,0.64916439766,-3.84448044968,-11.6045798915,92.09999999999904
858,0.201729186473,3.73024082635,3.976569844,-15.0956596332,92.09999999999904
859,0.15472399739,1.75020880134,-0.617665076927,-18.0540382147,92.09999999999904
860,0.107374262064,2.03386293532,7.23654657694,-17.1156363527,92.09999999999904
861,0.198000223788,3.11866063978,-3.39082986778,-14.4656049503,92.09999999999904
862,0.412515792641,1.03990621275,4.93573301832,-14.0535530684,92.09999999999904
863,0.43486971408,2.25905610531,0.00305570509781,-12.1783245089,92.09999999999904
864,0.206220137775,2.60756227577,-0.996995834715,-18.6448735873,92.09999999999904
865,0.182931608651,1.85634775824,0.212451421357,-8.92329883301,92.09999999999904
866,0.12781863321,-3.74232963145,-0.719272099219,-19.4597798832,92.09999999999904
867,0.101058032242,0.87872010161,-8.84443826326,-11.0587069082,92.09999999999904
868,0.122640168102,6.5064872821,9.55732184339,-8.91375759634,92.09999999999904
869,0.80510686381,1.38750597506,-2.47503329769,-9.265636883,92.09999999999904
870,0.126500373466,-4.0939287173,1.96592033661,-11.77874367,92.09999999999904
871,0.686079755306,0.027013121651,4.45327806056,-11.4713819644,92.09999999999904
872,0.168905225393,-0.0481995891065,2.04866685408,-14.4234045063,92.09999999999904
873,0.254231955558,-2.44438345615,-7.33540965283,-6.43166430934,92.09999999999904
874,0.643315312378,2.06614501221,0.165659252783,-12.4549382753,92.09999999999904
875,0.112051667021,6.20248610476,-0.646635863061,-16.7106247008,92.09999999999904
876,1.9314350717,4.194079967,-3.01245096766,-15.2859619479,92.09999999999904
877,0.990587412422,0.787636488168,1.19979726284,-14.5952214632,92.09999999999904
878,0.261136834042,2.78477501731,3.18495235374,-13.2014174288,92.09999999999904
879,0.16448931089,-0.942969482286,0.219228864501,-13.0651402826,92.09999999999904
880,0.140462823542,-7.30204369903,5.77767191841,-12.0370479403,92.09999999999904
881,0.454676611186,2.47050289673,3.08919288332,-14.7435835201,92.09999999999904
882,0.554147641836,3.20097556941,0.318404549548,-14.5013762907,92.09999999999904
883,0.105904729726,2.12039155772,0.177424882095,-11.9828179075,92.09999999999904
884,1.29564835847,-0.144781831737,1.888443229,-11.3480831372,92.09999999999904
885,0.124927687683,3.73022177631,12.0247818522,-24.7852981134,92.09999999999904
886,0.683243696579,4.00400523601,0.645594968648,-12.3289558587,92.09999999999904
887,0.328783289267,0.745930148242,1.74531367459,-16.8492729453,92.09999999999904
888,0.192142907176,-1.53692483375,0.226973169433,-14.748784825,92.09999999999904
889,0.439725790209,-3.20645028296,3.60967339416,-11.4274621719,92.09999999999904
890,0.536507974294,1.68719046199,0.289182196065,-14.8016587164,92.09999999999904
891,0.147125170446,-6.75593073103,11.5127437541,15.6734754032,92.09999999999904
892,0.164143629657,13.4562395566,4.21794752434,-16.9824496452,92.09999999999904
893,0.16089812043,66.5865988912,-5.23477532834,15.671853113,92.09999999999904
894,0.211582598191,-1.89081584148,3.40660969598,-16.3242962246,92.09999999999904
895,0.147928006576,-0.942738851003,1.42445760091,-16.7988208292,92.09999999999904
896,0.121073082338,0.103727187326,-1.01515337287,-9.18153046628,92.09999999999904
897,0.207173460732,1.40054585867,1.03917090639,-13.1720586532,92.09999999999904
898,0.217476711368,2.96870693736,0.399838672269,-11.609498459,92.09999999999904
899,0.127399388231,4.31750051885,0.814180185664,-13.033617778,92.09999999999904
900,0.14241849102,5.92030108571,2.20680025284,-3.64687981119,92.09999999999904
901,0.581552755077,2.38417799069,3.09558688448,-15.4839461898,92.09999999999904
902,0.110510958423,55.2860322266,-15.0516650445,-29.0523783909,92.09999999999904
903,0.260270422302,-4.72603879438,3.14030393459,-19.0069554444,92.09999999999904
904,0.566375579255,4.8008919723,1.70506124544,-10.8537699528,92.09999999999904
905,0.13310338269,0.339749143621,2.80263230114,-17.4841900058,92.09999999999904
906,0.596374113569,7.52013922909,-5.40489696922,-10.4900622642,92.09999999999904
907,0.129982799693,2.00493737802,1.04860118749,-13.0740886,92.09999999999904
908,1.07404926328,-1.59111469309,1.6557459891,-14.3916611433,92.09999999999904
909,0.103943307073,-0.0846408178932,-0.319147082937,-13.2106189342,92.09999999999904
910,0.155170428458,5.25844041203,-2.99377031153,-1.24583496558,92.09999999999904
911,0.526770940212,-4.10505744375,6.35666330531,-14.771461629,92.09999999999904
912,0.420026313445,-0.116156877099,1.77935012684,-10.7972735242,92.09999999999904
913,0.114903815845,9.88171103235,-4.31294137145,-7.59415066112,92.09999999999904
914,0.232323624645,8.64203001468,4.68311983082,-18.3676236676,92.09999999999904
915,0.902437526594,1.33199313624,0.416434403727,-11.379065165,92.09999999999904
916,3.25074489204,-12.3355818134,-7.0375173038,10.2427568141,92.09999999999904
917,0.100278235957,2.23602828868,2.45186879323,-14.0623651154,92.09999999999904
918,1.50330170338,1.44415927258,1.64905318823,-8.38741963091,92.09999999999904
919,0.427162444539,0.969780931317,3.09115792544,-12.8901638051,92.09999999999904
920,1.01580024531,1.8771806723,-0.846915141128,-14.575228726,92.09999999999904
921,0.161027372599,88.1094934706,35.5865692389,101.908117867,92.09999999999904
922,0.285340267661,0.612836361523,-6.77392573934,-6.15069557693,92.09999999999904
923,0.127553634925,1.48709189612,-1.20351028409,-15.1282041071,92.09999999999904
924,0.343748727699,1.65727231701,-2.39432058459,-17.9908924711,92.09999999999904
925,0.109107093524,-21.1604831473,21.7203460056,-9.25592080164,92.09999999999904
926,0.122372766735,8.85490672703,1.86167350076,-20.2591613628,92.09999999999904
927,7.39112625752,1.52832821283,2.02308126374,-11.8994738764,92.09999999999904
928,0.146267023774,1.86984375256,-1.8008987576,-10.9839385194,92.09999999999904
929,0.228383257518,3.77437572353,5.05152108155,-17.7546844994,92.09999999999904
930,1.22114658133,0.369939670832,-0.972383990184,-11.8381730677,92.09999999999904
931,0.1272174254,-13.4608761441,13.3192449675,-47.7752116839,92.09999999999904
932,0.1234599744,-0.166910822552,3.87529829657,-8.46662679972,92.09999999999904
933,0.461887563168,8.49658166818,-0.0185127563364,-10.0068184673,92.09999999999904
934,0.452376474684,41.0033842231,11.3389032935,54.863749533,92.09999999999904
935,0.216390773779,61.0998511168,38.753858191,15.982901571,92.09999999999904
936,0.280160417836,5.70501648963,2.72521256722,-13.0742387431,92.09999999999904
937,0.945810116453,-0.0072944619222,1.966287688,-12.4755607312,92.09999999999904
938,0.116893188564,5.09847257938,8.60437184906,-6.77310935671,92.09999999999904
939,0.19591582646,5.29667457953,1.37612208645,1.35692677555,92.09999999999904
940,0.301453854039,-5.90910827645,-19.8239995883,0.461902137427,92.09999999999904
941,0.106655603155,1.91499943608,-12.5644992546,28.5227848167,92.09999999999904
942,0.137453114757,3.17364470892,20.6597753554,-6.58019454329,92.09999999999904
943,1.67222321726,-0.743429010748,3.6932932923,-16.3560378306,92.09999999999904
944,2.03685267483,6.28620103651,1.19969579217,-7.91341437756,92.09999999999904
945,0.968695543314,3.71967185709,4.52608354324,-11.4620501921,92.09999999999904
946,0.126476843011,-43.1775651961,-23.7258700295,-39.6019560969,92.09999999999904
947,0.436344738161,3.68919541034,1.30091557355,-12.1788547237,92.09999999999904
948,0.24579534312,0.539255904396,0.834750248916,-12.3537060899,92.09999999999904
949,0.170170541373,4.87810168162,-4.53199105363,-12.537422931,92.09999999999904
950,0.224765625719,-2.9220850681,-5.36068817956,-6.15031824703,92.09999999999904
951,0.209029346723,1.74605458998,3.22502524658,-10.2446123483,92.09999999999904
952,0.236115046627,-0.622781182986,2.12086753881,-19.4361853995,92.09999999999904
953,0.23237114599,1.43489952325,-1.94519851689,-12.4586583352,92.09999999999904
954,0.371225588563,-3.9924318081,5.21811770257,-11.204719062,92.09999999999904
955,0.189272845742,1.37082883412,-21.6724475197,27.3283915219,92.09999999999904
956,0.663464825692,1.03991157733,3.86891278436,-12.5545148009,92.09999999999904
957,0.150437626171,7.6599152545,-0.136707813785,-15.1463180913,92.09999999999904
958,0.446077648832,-47.6564200401,25.4285163709,52.2602327544,92.09999999999904
959,2.38510556895,1.91264063853,2.12941894967,-14.6356208987,92.09999999999904
960,0.10994826394,46.5130777455,8.27077072099,-15.8461318291,92.09999999999904
961,0.181138430189,1.5308793384,2.10251326577,-12.2634362645,92.09999999999904
962,0.608178361989,6.8410677541,0.500397785495,-18.7382575244,92.09999999999904
963,0.101622256866,3.31410631172,7.20567884432,-7.5990260208,92.09999999999904
964,0.170942832711,-1.89130191463,6.69624078063,-17.1067953051,92.09999999999904
965,0.148923135583,0.235911667752,0.0219893027998,-8.66600047514,92.09999999999904
966,0.23697272115,4.48394598531,4.12942731559,-13.0298130658,92.09999999999904
967,1.93719292992,-3.66367727071,0.972758662886,-14.1166383321,92.09999999999904
968,0.297993117097,-49.7446308422,-27.050267308,44.0148643065,92.09999999999904
969,0.20168027422,2.89670355326,0.840370377311,-15.321927257,92.09999999999904
970,0.45869684307,-7.21662674536,1.94664197621,-10.7911046104,92.09999999999904
971,0.366444642635,-4.76417208922,-8.68078574187,-9.62120506181,92.09999999999904
972,1.55109089533,4.75454945284,-0.862387443115,-14.8144295864,92.09999999999904
973,0.104724298101,-0.779546307038,-1.98140426794,-13.6750194306,92.09999999999904
974,0.796156400901,1.36661822239,-5.5725550673,-22.2226785201,92.09999999999904
975,0.100009266052,-2.44367691059,4.43007768675,-2.66289676721,92.09999999999904
976,0.269675136566,-1.92497733482,-1.90729260685,-11.1908041129,92.09999999999904
977,0.493664305092,1.58378726604,-0.644854372751,-13.7979266889,92.09999999999904
978,0.396399000753,4.10083578903,-0.0454695221125,-13.6376097175,92.09999999999904
979,1.31471121938,2.08110705409,0.904474364279,-10.6934780126,92.09999999999904
980,0.1098990652,1.56973354297,0.087889927397,-13.6144501546,92.09999999999904
981,0.20961440423,2.75173302391,5.13680754134,-17.0998778516,92.09999999999904
982,0.289721094572,-13.2656338007,29.1974752929,-21.3166138445,92.09999999999904
983,0.300350661868,0.0602844161209,1.37278338097,-9.6734884704,92.09999999999904
984,0.107518133861,0.94423590145,5.03189162956,-15.9569351634,92.09999999999904
985,0.174968971268,0.900171225467,-1.17953221802,-14.3865425725,92.09999999999904
986,0.34418900804,5.97324419023,0.710403862965,-9.98858519891,92.09999999999904
987,0.269780972462,75.7166139815,-13.8289683792,-40.0157291516,92.09999999999904
988,0.197026989448,21.9117507198,-31.4917319269,41.9405971274,92.09999999999904
989,0.934814271263,-0.389090086614,-0.318695242629,-18.0665474122,92.09999999999904
990,0.373365431753,-1.24507529473,-3.53779806585,-8.80999665126,92.09999999999904
991,0.104451634219,12.5773464616,-18.5042600008,16.9415734165,92.09999999999904
992,0.219826960705,2.37337553697,1.12849211464,-13.4044436367,92.09999999999904
993,0.123211060281,4.13810393413,-0.346335209988,-2.29049086883,92.09999999999904
994,1.9911214165,5.85700331085,-1.18605930032,-12.187438581,92.09999999999904
995,0.110823087742,5.28552332951,-0.0599783948889,-19.4881400506,92.09999999999904
996,0.357767880638,3.31998040604,4.07038285173,-10.9495673379,92.09999999999904
997,0.242023339017,-28.2268682721,1.00204620775,-54.4182846674,92.09999999999904
998,0.113610017999,2.94555631668,3.83382284832,-9.41930051271,92.09999999999904
999,0.159813854757,20.4650365859,14.9381869465,22.2701438211,92.09999999999904
