Star_ID,Mass (MSun),X (pc),Y (pc),Z (pc),Simulation Time (Myr)
0,0.255350624826,-8.70993463946,-14.1851170312,-1.69134961563,41.50000000000032
1,0.124370509334,19.0623970103,-7.27491116774,-43.9632717615,41.50000000000032
2,0.13071866202,11.3694751241,-15.1307513583,19.6666968734,41.50000000000032
3,0.669604066762,0.113374587901,-3.30617538829,-3.64429747026,41.50000000000032
4,0.375995843555,2.63597153915,-2.74102536263,-5.14786978914,41.50000000000032
5,0.349997334556,3.45445246487,-2.96793059648,-4.61756311887,41.50000000000032
6,0.363523379133,1.13137062973,-5.28037417479,0.996307610316,41.50000000000032
7,0.16345981273,8.82796258715,-16.0164019023,0.126599387426,41.50000000000032
8,0.257760953894,48.4496388821,-12.198848479,-1.33978312146,41.50000000000032
9,0.76460179462,0.271902501428,0.100677695496,9.86485391255,41.50000000000032
10,0.171089205085,-2.48645244513,-6.63109007229,-7.13325846326,41.50000000000032
11,0.573463781019,5.13033565982,-2.53180456105,-7.85847684382,41.50000000000032
12,0.132882363128,45.1831518611,3.31340298562,22.5560506445,41.50000000000032
13,0.376509416015,2.8422297772,-6.11375526105,-4.45806287579,41.50000000000032
14,0.302845974818,0.905160217262,-4.54165016139,-0.975009487198,41.50000000000032
15,0.507991572078,1.41903940843,-8.50926965696,-2.07728197151,41.50000000000032
16,0.101717361084,1.63861455641,-4.70257880855,-4.9556221726,41.50000000000032
17,0.43815729162,0.309410409767,-4.63752219597,-5.24428161348,41.50000000000032
18,0.140708160919,1.66395095326,-7.49073733634,-7.91908373997,41.50000000000032
19,0.158439182436,3.10949779338,-10.7362665301,1.0938682238,41.50000000000032
20,0.13790845556,4.86150643623,-3.43258140062,-3.8806008387,41.50000000000032
21,0.107840931968,5.82337717113,-14.0148766697,-3.70479358698,41.50000000000032
22,0.588557636918,0.935457427506,-4.52110481251,-6.79253209203,41.50000000000032
23,0.167336076161,7.21056868143,-8.88530251348,-4.02054084198,41.50000000000032
24,0.17086691444,-76.6967422076,24.2362505344,48.1735176634,41.50000000000032
25,2.00580970013,8.98199498023,10.9271463846,4.56158938771,41.50000000000032
26,0.669351261619,-3.78408281119,1.936945451,-9.68991814098,41.50000000000032
27,1.48564992181,1.44268179061,-6.1566744932,-5.89958097542,41.50000000000032
28,0.221994152386,3.22175983911,-7.42114656174,-0.043594144402,41.50000000000032
29,0.163088705454,-8.75021489816,12.7568314709,-5.07336176733,41.50000000000032
30,0.244534996933,2.49719303965,-4.57965944347,-4.94089290096,41.50000000000032
31,0.119089297359,5.06207480895,-8.27429330115,-15.8709781635,41.50000000000032
32,0.31323856925,2.30295791725,-4.87703236278,-1.83722473348,41.50000000000032
33,0.163694660457,-6.23465700264,3.66274261378,-6.67684152029,41.50000000000032
34,0.192736009416,-1.21011698603,-6.22993299174,-2.65720209631,41.50000000000032
35,0.113874608623,-3.43432124168,-8.09413010746,1.19530731702,41.50000000000032
36,0.323963118889,-0.584169140351,-4.18757065484,-18.5061897602,41.50000000000032
37,0.729434193306,2.32067064059,-3.69772768809,-5.32842330789,41.50000000000032
38,0.169863561543,1.90843844951,-3.75268050251,-4.39366141961,41.50000000000032
39,0.287512563957,5.16661753748,-5.83616793888,-0.799614586863,41.50000000000032
40,0.292360079323,8.8424628832,-0.276008970985,-13.8309612372,41.50000000000032
41,1.4736756364,-11.0410568876,-20.4398074652,-9.55506666659,41.50000000000032
42,0.185574357011,19.5222528565,1.46156274861,-1.89138660079,41.50000000000032
43,0.249443781861,1.24580394408,-4.62611293122,-2.96083522468,41.50000000000032
44,1.82390618731,3.06449377784,-5.15532067735,-5.5472858876,41.50000000000032
45,0.261096026538,-3.43532973122,-5.7172928501,7.06708698815,41.50000000000032
46,0.276534766069,0.954685738637,1.64218281458,-9.34325073745,41.50000000000032
47,0.11311776309,-1.05308788339,8.37462436084,-6.26697314359,41.50000000000032
48,0.421263620234,-3.11553429216,0.990765526858,-11.3183548494,41.50000000000032
49,0.461134691854,3.31191943582,-5.85555837354,-15.3380757663,41.50000000000032
50,0.225647146393,5.17691530163,-2.94006787802,-3.53029013658,41.50000000000032
51,0.235144776464,-15.0265713999,-4.70925796752,-14.316739637,41.50000000000032
52,1.23567718211,-2.28776548538,10.893130246,-6.84681559775,41.50000000000032
53,0.305220224987,3.43164000131,-6.31676270806,-7.6772236466,41.50000000000032
54,0.112811926167,20.1569255823,9.76479718901,-2.77327917444,41.50000000000032
55,0.133207672366,3.00764398286,-3.97262686171,-4.19460769216,41.50000000000032
56,0.112742183855,1.7727189247,-1.1212013728,-7.58229797387,41.50000000000032
57,0.14879942458,8.8346252028,4.69909257192,4.64215031588,41.50000000000032
58,0.299463876782,-8.84853989676,-10.3230308724,4.62918837388,41.50000000000032
59,0.186749988647,1.0377576749,-5.59021133217,-4.25079307045,41.50000000000032
60,2.18028270159,-37.7455066644,6.71138118249,43.8632308773,41.50000000000032
61,0.338354389646,5.47178702302,-3.14775735812,-10.9190732766,41.50000000000032
62,0.870486923195,1.98804555795,-3.45703520222,-3.67441910964,41.50000000000032
63,0.152296542773,4.67076104688,-10.5648545619,-3.28370791224,41.50000000000032
64,0.509671002249,-2.7839235693,0.672581500451,-9.59474108334,41.50000000000032
65,0.100428820071,10.6979311884,-7.6382400863,-4.03927128911,41.50000000000032
66,0.774212815068,22.7180413577,-7.96758094889,36.5390229687,41.50000000000032
67,0.240294505386,1.31337122075,-6.53440677982,-5.18096864842,41.50000000000032
68,2.97151652741,-3.35604181303,-15.7131267515,-7.26389033651,41.50000000000032
69,0.209767548044,-6.27688449435,7.3660511393,-3.34203808452,41.50000000000032
70,0.292015437487,-0.707981209375,-5.72395946797,0.122774383891,41.50000000000032
71,0.173724000634,2.06252679452,-46.4391930077,13.6919249066,41.50000000000032
72,1.57353996505,1.1616675024,-6.02154905044,-6.19517162967,41.50000000000032
73,0.105982636431,-46.9836740866,-33.1887944077,26.5292365651,41.50000000000032
74,0.32896274158,-1.31701046452,-12.8347207075,-4.6369579609,41.50000000000032
75,0.147486449624,12.711575718,-45.7243136187,-12.8803720666,41.50000000000032
76,4.5897518672,1.03232746449,-4.33348331059,-1.65111865053,41.50000000000032
77,1.69551168046,3.02879398237,31.4504404024,-23.7854699846,41.50000000000032
78,0.190244977989,42.8216467148,-11.7910230459,-23.8709039771,41.50000000000032
79,0.169929940501,-2.29771729847,-15.539810919,-11.436069162,41.50000000000032
80,0.123467593811,17.934850174,13.3735462076,16.8077148818,41.50000000000032
81,0.160282172056,6.57200579862,-8.20737343932,-7.55121433849,41.50000000000032
82,0.603339100929,4.46324863305,-7.54716939638,-6.76918185512,41.50000000000032
83,0.441545858682,-0.0202756475364,-1.61853484032,-6.805664658,41.50000000000032
84,0.778647030608,0.719329632173,-6.1883950537,-2.70493318278,41.50000000000032
85,1.10897731101,2.92908047394,-5.31788339706,-8.54348830202,41.50000000000032
86,0.439568557797,3.63191109379,-6.36199618679,-5.23883233702,41.50000000000032
87,0.129709349824,-11.6619121066,3.55332883919,6.16684271743,41.50000000000032
88,0.21964192635,3.80444115288,-5.27772890058,-6.36853776775,41.50000000000032
89,0.124538393054,36.3702129397,27.6938846458,6.52583940436,41.50000000000032
90,0.117106178127,-10.2093362809,-9.03143770381,-5.39069590471,41.50000000000032
91,0.19481998614,-9.37562873797,-9.80561573398,17.1451299223,41.50000000000032
92,0.132918035363,-0.328959376457,-2.90444485192,-5.22167665116,41.50000000000032
93,0.235789847636,7.59826502638,-1.5116568298,-0.343256090993,41.50000000000032
94,0.117121733472,-19.5700767148,20.1332383799,-14.7784195771,41.50000000000032
95,0.141963887511,2.89748564527,-6.53279946972,-5.58785627159,41.50000000000032
96,0.186005430427,1.22729779937,-4.95252576225,-4.7135956822,41.50000000000032
97,0.196401324849,-3.69623049832,-4.97980216725,-2.95459084903,41.50000000000032
98,0.236716098269,-3.11818499103,-0.894132600096,5.27707756672,41.50000000000032
99,0.213413931734,10.0153950129,-12.7751347512,-2.29263347983,41.50000000000032
100,0.32668131756,2.2572928931,-2.02714762196,-3.93150714462,41.50000000000032
101,0.103377658929,16.5962699222,-15.0254850474,67.1130618452,41.50000000000032
102,0.270851855197,3.22435242265,-8.10390555558,-4.98283756887,41.50000000000032
103,0.951816398682,0.682128591327,-10.5108457385,-8.23501460026,41.50000000000032
104,0.538007810817,6.67664148031,-7.20924520645,2.5129207861,41.50000000000032
105,0.147938135935,-3.43244144031,12.2019656553,-3.47775504751,41.50000000000032
106,0.218353202146,12.9249399158,-1.86320408766,6.66423026516,41.50000000000032
107,0.437798374444,0.781089611218,-5.14708067842,-2.7943159576,41.50000000000032
108,0.140426109581,1.27507866292,-4.9700446241,-6.32763919946,41.50000000000032
109,0.340108505104,-2.42697856526,-1.58305783455,-15.3316428585,41.50000000000032
110,0.544699304089,3.24501872855,-5.02974624054,-6.04439637518,41.50000000000032
111,0.158497794879,3.0866757742,-4.75319813372,-2.05272224681,41.50000000000032
112,2.95452548275,-0.129435338268,-12.5653112485,0.826499084117,41.50000000000032
113,0.131597943143,2.52100534371,-0.717556122345,-4.58381773349,41.50000000000032
114,0.917582697998,-1.33414859808,-5.28818350003,-2.91217821075,41.50000000000032
115,0.59165016697,18.3524789144,-9.14828623038,6.87749585597,41.50000000000032
116,0.100753248389,1.4623499452,-3.74578234094,-4.84675127271,41.50000000000032
117,0.175641531068,1.35489860728,-2.80433819812,-2.29929689366,41.50000000000032
118,1.26475480971,-8.41711664743,1.25631358075,3.93798389951,41.50000000000032
119,0.135853989943,15.0554824409,-2.15937432607,1.05228144473,41.50000000000032
120,0.100885477998,-54.9976809698,-17.1353941755,115.986471697,41.50000000000032
121,0.32242612009,16.4577693524,-12.6292108284,-26.3345521467,41.50000000000032
122,0.125839789259,2.79663318112,-25.0587619064,-31.9311225176,41.50000000000032
123,0.118571916797,-6.79671482848,1.57275446881,-2.49007939856,41.50000000000032
124,0.11648898186,45.5311479843,-0.95829741757,10.196827009,41.50000000000032
125,0.260923656754,-20.963964608,17.041719748,22.3015397947,41.50000000000032
126,0.196164401973,0.789164902165,-1.91487298021,-7.78433278276,41.50000000000032
127,0.112158632888,-1.33358083442,32.8712826935,-10.3362625124,41.50000000000032
128,0.561106458821,5.38404116768,-3.15203436409,-5.38313126941,41.50000000000032
129,0.174003596108,-0.384116105839,-5.79449290653,-0.898672507862,41.50000000000032
130,0.13042033016,4.50768095099,-5.64764035852,-7.76630033587,41.50000000000032
131,0.113221018017,2.57288890341,-6.2715797889,-5.95645833382,41.50000000000032
132,0.338293040258,1.98097920104,-1.60702840881,-12.7774937052,41.50000000000032
133,0.311952548393,-2.18738437036,1.76965137544,-2.0239408092,41.50000000000032
134,0.371072771149,1.3671815459,-1.65441295197,-3.40917057396,41.50000000000032
135,0.28671315923,37.4896246128,-27.1916576254,3.1592373955,41.50000000000032
136,3.53066827833,-0.882700192288,-4.14084779789,-4.90805718414,41.50000000000032
137,0.153314939833,-2.82205949283,-4.02805452262,-2.63069043201,41.50000000000032
138,0.181135141275,-0.55873446384,-2.76894981907,-4.85666546527,41.50000000000032
139,0.420817279249,1.10075195047,-3.87671194527,-1.38254728879,41.50000000000032
140,0.503720004772,-12.6985189511,10.9056046598,6.09252385517,41.50000000000032
141,0.448592408027,9.00675234717,7.19118394991,-4.1205894149,41.50000000000032
142,0.328096010885,-26.7766889394,-37.3014822757,-3.26825107801,41.50000000000032
143,2.17577215941,1.62247591001,-6.40872843203,-2.11051154433,41.50000000000032
144,0.474803478374,6.42621463728,-19.3638872645,-1.03255158939,41.50000000000032
145,0.288897257911,-1.56822336187,18.3387019379,0.101830039326,41.50000000000032
146,0.106989194259,-0.904032249051,-0.129440426395,-8.19124074146,41.50000000000032
147,0.770210618809,0.105883753435,-6.24884021672,-5.10657454762,41.50000000000032
148,0.540464616453,-12.9164954189,9.174938749,-6.58490846989,41.50000000000032
149,0.154220387048,3.05346887463,-2.39753226431,-4.80257167067,41.50000000000032
150,0.198773738496,2.96464303263,-6.01422307976,-7.45904388099,41.50000000000032
151,0.50781806556,3.04119476199,-3.14057070381,-4.03611355422,41.50000000000032
152,0.163134772862,3.56803785447,-1.74975095047,-6.98670781825,41.50000000000032
153,0.166188812953,-0.937606174421,-6.26958172145,-2.31432898864,41.50000000000032
154,0.121470234696,-5.07554067242,8.32413259469,-19.9988156881,41.50000000000032
155,0.252126194631,-11.9875927568,8.33139536314,9.22555713126,41.50000000000032
156,0.128390123795,7.99093392456,6.15421658832,-12.0332337753,41.50000000000032
157,0.149069003007,-13.9515224409,-21.1577441758,-2.64818923642,41.50000000000032
158,0.24604488322,7.99054608662,5.21312421318,-4.33568480564,41.50000000000032
159,0.660863574461,3.57425988688,-0.0351715376233,-7.72553028572,41.50000000000032
160,0.168442037135,0.791110598765,-34.6962771521,9.13094555713,41.50000000000032
161,0.119392380766,1.08256643117,-4.66700068854,-5.69424479053,41.50000000000032
162,0.609021754349,1.85714106583,17.85505696,-12.4141230766,41.50000000000032
163,0.25228232752,-15.9827101313,10.2235159371,-13.0991813987,41.50000000000032
164,0.220176853933,11.0018073986,-3.064255074,20.1737307597,41.50000000000032
165,0.162943460861,4.01600975978,0.762338686827,-3.08571246826,41.50000000000032
166,0.21975003934,-12.7746842536,-20.4134126863,-5.45824234185,41.50000000000032
167,1.26969659578,1.22485609262,-10.3506138245,-6.76631774226,41.50000000000032
168,0.603138962097,5.83536847037,-27.1826802535,15.6942634473,41.50000000000032
169,0.11328527261,2.74784972742,-4.81668894135,-3.92628369315,41.50000000000032
170,0.102147012827,-3.32429541454,3.43393494565,-1.74892792775,41.50000000000032
171,0.118688286317,27.3686831999,0.761267603656,-8.28633113945,41.50000000000032
172,2.35003906106,-24.0079778269,14.2458171937,-0.775104025466,41.50000000000032
173,0.66473172522,-0.147062173458,-33.784271963,-38.9596098623,41.50000000000032
174,0.644783419916,-5.28463734618,1.42964262571,-9.60057945061,41.50000000000032
175,1.20640543808,-14.2063546134,33.3976375665,10.3200588809,41.50000000000032
176,0.146538264184,5.80679913985,-9.74364291074,-6.41167336182,41.50000000000032
177,0.623633483078,0.986155929036,-3.8369704551,-8.55765050893,41.50000000000032
178,0.413386860547,3.68778533719,-11.3302103794,-11.7449199643,41.50000000000032
179,0.132834084528,4.56541167311,-17.2379637908,-5.38949006586,41.50000000000032
180,0.257245890646,4.90415358037,-6.33729192135,-7.21937828685,41.50000000000032
181,0.451183267033,2.12260220513,-3.22887631092,-5.04406904496,41.50000000000032
182,0.74450119855,-17.8173370183,0.400095049979,3.18400843704,41.50000000000032
183,0.132876190118,2.34211138342,-5.36038346607,-3.58156056613,41.50000000000032
184,0.382273772645,-1.97497313455,-5.72038758984,-4.79834408491,41.50000000000032
185,0.945849637405,-11.8459103272,4.73084855805,-2.95303003767,41.50000000000032
186,0.109831119575,-2.50905775387,-10.784915029,0.34831685219,41.50000000000032
187,0.13719439317,6.03661306944,-5.01645266387,2.44475948173,41.50000000000032
188,0.100309898337,1.8644434896,7.06040678829,-16.7241101277,41.50000000000032
189,0.357886342184,20.7058787382,9.79754982999,-4.64853138532,41.50000000000032
190,0.167125748997,0.586270087277,-2.58023352703,1.33201379532,41.50000000000032
191,0.148574170555,3.13743970668,-7.96203478478,-5.94925275551,41.50000000000032
192,0.14580903236,2.27795922709,1.52831881699,-2.48529949673,41.50000000000032
193,0.280707068341,44.4622748597,-7.55585341941,-11.481311209,41.50000000000032
194,0.314926216122,-31.3669914969,-7.60672108229,-2.64579999297,41.50000000000032
195,0.239982787525,4.94047204983,-5.06495423883,-16.3806638358,41.50000000000032
196,0.1251437424,1.18219020808,-6.47535652933,-3.84595376217,41.50000000000032
197,0.104818711746,4.30488516731,-3.51366976315,-7.03205579123,41.50000000000032
198,0.242925370774,-28.0823726594,-0.283756984827,9.3250509819,41.50000000000032
199,0.928759978704,3.08190146699,-1.26713566605,-2.42818591789,41.50000000000032
200,0.241806311881,-18.1815631402,-10.3961578581,-0.739269479534,41.50000000000032
201,0.547620326175,0.790528922533,-3.62730949368,-5.06384694195,41.50000000000032
202,0.868228490001,2.1938097209,-4.9893071074,-5.823108771,41.50000000000032
203,0.442347899073,-28.6897258916,19.4818711134,27.7760594861,41.50000000000032
204,0.285803490045,17.4719626583,41.5239331696,-6.36633765333,41.50000000000032
205,0.151323854208,2.33409850873,-3.70876209583,-4.59103298286,41.50000000000032
206,1.3486362759,0.154000315219,-3.21786695673,-3.51882206654,41.50000000000032
207,1.5179443494,33.5805217529,-9.27356859718,-9.77269918484,41.50000000000032
208,0.384688777365,-0.475807911545,-10.4376559673,-3.12704853371,41.50000000000032
209,0.511261143916,14.2463555373,11.2363353961,4.42046420449,41.50000000000032
210,0.519003810408,3.33518977141,-0.604526234459,4.92980597887,41.50000000000032
211,0.100587620611,-12.5281334708,-0.174738986128,-10.3320115446,41.50000000000032
212,0.139114677438,9.38941779599,1.79370334866,-0.32486935432,41.50000000000032
213,0.219495997797,-23.4845285153,1.89577203241,-5.32597821229,41.50000000000032
214,0.264226110403,-4.69979056042,1.98482335958,59.2275438803,41.50000000000032
215,0.291591143524,6.55689547572,11.7992500616,-20.4843248242,41.50000000000032
216,0.16013911632,14.4731653702,18.2158703695,-0.484453079978,41.50000000000032
217,0.5960138648,-0.219083151647,-2.77510626631,-2.98532818208,41.50000000000032
218,0.211642560647,0.988079623829,-6.1527916094,-3.11242811019,41.50000000000032
219,0.140417495655,5.06804156887,-2.67966976726,-11.187010601,41.50000000000032
220,0.614464810056,0.237738770557,-2.90548490485,-6.0809358176,41.50000000000032
221,0.202540696654,0.814832732716,-4.37000689675,11.319828894,41.50000000000032
222,0.355438030869,8.88832374004,8.27930445517,-9.91259011152,41.50000000000032
223,0.262130806091,-0.710581856389,4.77482489292,15.8896691401,41.50000000000032
224,0.468047749569,7.66552445363,-2.12946510763,4.69934041571,41.50000000000032
225,0.213540062667,3.05019494832,-5.32341754274,-4.47467849668,41.50000000000032
226,0.156142925998,2.80877910037,-3.96040640472,-3.96914236996,41.50000000000032
227,0.165396253481,2.99226293888,-1.57656461504,-5.79863217847,41.50000000000032
228,0.208855367137,-5.78695875145,-5.86001244571,-12.7586184432,41.50000000000032
229,0.297297893766,13.961803245,20.7758518753,-2.26729049,41.50000000000032
230,0.406643687525,-5.147615267,-5.20338576088,-17.9271794728,41.50000000000032
231,0.340686481547,2.55057304752,-4.94660912912,-6.26051260951,41.50000000000032
232,0.241909824863,25.1605353244,-3.73554692682,-0.0963333949069,41.50000000000032
233,0.127265822351,-8.83457062633,3.05624696328,35.736383519,41.50000000000032
234,0.298883652769,0.386627168655,-0.514797184667,1.33961214093,41.50000000000032
235,0.31465836066,5.05018564038,-7.60402214947,-5.26008737526,41.50000000000032
236,0.373132546613,-4.32084237056,-3.3944923533,-5.3760087617,41.50000000000032
237,0.137425600157,-7.1388750985,3.86507710266,-11.5278205828,41.50000000000032
238,0.398177315323,-17.3788362306,-22.2278436847,17.0758144739,41.50000000000032
239,0.138450638444,0.709315129879,-4.8796789854,-3.20915548716,41.50000000000032
240,0.435613253219,-0.110060200894,-5.0726533906,-1.20744185782,41.50000000000032
241,0.106842627161,20.2557883101,6.13781171879,23.6358294712,41.50000000000032
242,0.514574823671,-4.40789645387,-2.00100317897,-4.78428428663,41.50000000000032
243,0.141476991847,31.5230105156,-8.13391621056,9.11406985472,41.50000000000032
244,1.71680953062,12.5017759941,-45.3729851535,-1.11426038543,41.50000000000032
245,0.253148616089,3.19498309009,-7.58712320798,-8.61795938202,41.50000000000032
246,0.138725587191,-7.90188158618,4.97530076368,-5.75575207055,41.50000000000032
247,0.227013442231,-4.35699429328,-4.11491375318,-5.63018778122,41.50000000000032
248,0.216816384816,-17.9746760584,-3.77877360412,-1.86516102579,41.50000000000032
249,0.205294512656,-9.26183910639,-10.5956861342,-10.587595089,41.50000000000032
250,0.194981722656,5.1348383643,-6.20120267648,-11.4042331811,41.50000000000032
251,0.282909143566,12.7371812943,3.40852815481,20.2563542863,41.50000000000032
252,0.530277733969,2.5748697269,-4.05959660897,-3.58465785321,41.50000000000032
253,0.16071215792,1.97332991571,-4.12787516617,-5.24151163037,41.50000000000032
254,0.358108978095,-3.08415293576,-1.81781835669,-5.31320793391,41.50000000000032
255,0.438228816375,7.1111278755,-0.703862560365,3.49784039194,41.50000000000032
256,0.491470033365,1.27517828055,-5.31771772861,0.602781083194,41.50000000000032
257,0.144107356046,1.52772847898,-4.69691079447,-7.24898533062,41.50000000000032
258,0.662712602418,-3.97512811249,-8.49466819935,1.13162331803,41.50000000000032
259,1.08764751378,-0.33543012056,6.09277330384,-10.0915323808,41.50000000000032
260,0.448750915619,6.50190793562,-3.64722120226,-4.06437444267,41.50000000000032
261,0.916068342881,1.94421149695,0.632375541297,-4.86606741451,41.50000000000032
262,0.131176847852,3.62104927243,-10.8140174436,9.71812345427,41.50000000000032
263,0.435719798259,-3.89415428224,-9.28771415825,-4.66436438125,41.50000000000032
264,1.50332347775,1.30236129514,-4.31548776633,-4.52084870229,41.50000000000032
265,0.10127365783,2.58170358124,1.7086752626,-3.56993081201,41.50000000000032
266,0.165799749598,4.86285103259,-0.742930698967,-7.9640667549,41.50000000000032
267,0.208908182654,-6.63922477529,-18.1475056643,4.6824938992,41.50000000000032
268,0.759885167914,-2.23291913993,-5.75071843831,2.11847735134,41.50000000000032
269,0.228379881444,-0.689226031078,35.3664305228,-11.3293062291,41.50000000000032
270,0.870678181562,3.5381341868,-4.33474273869,-3.96512210098,41.50000000000032
271,0.124893848231,14.8223976099,1.28398890495,-42.4910010737,41.50000000000032
272,0.350815637776,-1.64500537436,-4.361749717,-2.93979348646,41.50000000000032
273,0.101740021243,3.85418464653,-4.24999179137,-7.76398147281,41.50000000000032
274,0.106213391447,4.4277199619,-39.5803438392,-11.6565767977,41.50000000000032
275,0.168186527525,2.06653075469,-9.11413871034,-14.4370649225,41.50000000000032
276,0.228345518127,0.0429937776035,-13.06634733,-3.71692513315,41.50000000000032
277,0.128843603275,2.26259492714,-4.03898492862,-5.82991657504,41.50000000000032
278,0.347929952058,6.64874437715,-0.146803738753,-6.12115187462,41.50000000000032
279,0.261111768559,4.46250921796,1.9095984853,0.58542047172,41.50000000000032
280,0.189047695785,3.9750305219,-6.69217511516,-6.38532478011,41.50000000000032
281,0.272109074122,1.69694822641,-6.1170332532,-4.0725774482,41.50000000000032
282,2.13782574148,12.0482459809,4.44604703022,0.0285985686655,41.50000000000032
283,0.784710080889,-15.9678788906,5.43950998639,-76.5577775266,41.50000000000032
284,0.119365767496,-7.87662918136,-0.232764319705,-6.67419960188,41.50000000000032
285,0.764732075979,3.28184899927,1.83828072703,-8.98248312753,41.50000000000032
286,0.215606695276,4.85767382815,8.54354793482,-4.75976255343,41.50000000000032
287,0.251146651545,48.0129155664,-0.221472979756,-19.2047100758,41.50000000000032
288,1.42531092896,-3.48954552214,-3.1451615683,-5.03128758075,41.50000000000032
289,0.811067983499,-3.44618755033,-0.158680772357,-9.85195318771,41.50000000000032
290,0.110333673534,-4.03853090917,-20.1984945733,-14.524646221,41.50000000000032
291,0.482128053412,0.6276341541,-3.3231236851,-3.12137318541,41.50000000000032
292,0.142542984611,-6.05220927845,-13.1369088164,8.78704273966,41.50000000000032
293,0.440109372808,-1.12684022554,0.222901239887,-4.30641950928,41.50000000000032
294,0.409776286927,0.955593920338,-8.45150441149,-6.79286190798,41.50000000000032
295,1.47427404717,10.2231545396,-23.7447977018,19.7716235245,41.50000000000032
296,0.508349051413,6.74791796737,-3.00026413072,-4.81315193274,41.50000000000032
297,0.306570190311,-1.75356702098,8.92011068399,-4.38294439557,41.50000000000032
298,0.139416764041,-0.512241859435,-1.34009460174,-3.03422898081,41.50000000000032
299,0.140416622794,0.869243979758,-4.63002809991,-3.01636989951,41.50000000000032
300,0.219580926773,-1.66317906683,-9.18524780944,-0.892140338689,41.50000000000032
301,0.748747485734,5.34322032601,-5.93335513507,-9.31988542004,41.50000000000032
302,0.104503663073,-5.87318952201,-11.5261342892,-1.16576347638,41.50000000000032
303,0.22235517101,40.0607458063,-14.3065888792,-9.09257518356,41.50000000000032
304,0.23106114281,-0.68239803445,-7.35630634965,-28.1179774171,41.50000000000032
305,0.12164326183,4.88743868643,-4.74197085633,-2.93413120031,41.50000000000032
306,0.193217535239,-7.07838330321,-9.02219938132,-2.74639706439,41.50000000000032
307,0.325254562464,1.46586369492,-3.0461610019,-3.49693909935,41.50000000000032
308,0.192267452579,5.16849533965,-7.24912688176,-5.94468772347,41.50000000000032
309,0.196733686959,-0.847799694861,-10.7781805849,-9.36166609747,41.50000000000032
310,0.111375519273,1.02762019521,-5.45559372198,-3.2240004115,41.50000000000032
311,0.16705580454,1.91472363921,-12.7087203302,-8.930731896,41.50000000000032
312,0.146269898885,-14.1694381518,-3.02571283523,6.51783267752,41.50000000000032
313,0.944541231276,1.49146839373,4.29807130602,4.31373554138,41.50000000000032
314,0.234935645002,3.21817526127,-4.69028310725,8.24226371253,41.50000000000032
315,0.196408608666,-30.7001145735,14.185898864,-4.62190515895,41.50000000000032
316,4.1220738486,1.5193876327,-4.84578941061,-4.63934379054,41.50000000000032
317,0.468958690816,2.26076848824,-8.64706964929,-14.9008558539,41.50000000000032
318,0.238209265729,1.15179118458,-5.67180034085,-5.64083190887,41.50000000000032
319,0.207277088591,-2.01490538089,-41.3095608493,-0.168340410478,41.50000000000032
320,1.46332019486,0.320777435935,-6.00186918838,-5.16565447743,41.50000000000032
321,0.184495167864,1.56753170773,-6.96677467526,3.62216007281,41.50000000000032
322,0.256183942657,4.80117687888,-4.38829387836,-5.60361354428,41.50000000000032
323,0.769972987313,0.507720018682,-3.80108248103,-5.2096750614,41.50000000000032
324,0.266738822275,-23.5199405976,-18.2760808182,17.9561929392,41.50000000000032
325,0.680045900911,12.2079598937,-4.70091101006,-2.15750666848,41.50000000000032
326,0.12259241251,4.3547029442,-0.533263543674,4.05978837763,41.50000000000032
327,0.238681022938,1.35384647703,-6.07740720846,-4.26363898912,41.50000000000032
328,0.140588247943,-1.38648994224,-7.23054966379,-11.6738336022,41.50000000000032
329,0.32929298798,5.04875306165,0.823451501353,-6.77775633737,41.50000000000032
330,0.125563760858,0.985080473641,-8.19197554835,-5.68139644022,41.50000000000032
331,0.149970024522,0.690514166128,-4.40379564247,-23.6121202747,41.50000000000032
332,0.171737363669,9.47525327027,-8.68963832086,-0.513775782947,41.50000000000032
333,0.111935621342,1.32069743556,-4.85656836374,-4.63824542848,41.50000000000032
334,0.283564538314,1.34890762866,-3.78965461428,-5.09310461626,41.50000000000032
335,0.727806536904,-14.5772251602,-11.8802297753,-1.9183907091,41.50000000000032
336,0.201236619881,-0.195963385672,-6.87205245704,-2.59523920302,41.50000000000032
337,0.114090500711,16.2626357836,-2.91338178727,-0.139711195671,41.50000000000032
338,0.657505159272,6.26338944479,-16.8328821284,-9.40708862237,41.50000000000032
339,0.793325817563,1.29533834061,-4.56671402108,-3.71001795902,41.50000000000032
340,0.385524733516,10.8391545666,44.3057410684,-4.51456913454,41.50000000000032
341,1.23795584913,-10.1520724281,-18.6939060362,-3.62761543616,41.50000000000032
342,0.135826054882,0.924437497219,-4.109204664,-2.17650983714,41.50000000000032
343,3.28814098944,-13.0880592869,30.9067137968,-46.5898536757,41.50000000000032
344,1.92260655609,-6.92107404261,2.03662868521,-2.90819266713,41.50000000000032
345,0.287943201642,-1.8622349442,-4.82344697105,-3.02048553286,41.50000000000032
346,0.141685609089,2.4584020633,0.148274366324,1.22009943216,41.50000000000032
347,0.271332242487,-3.56522367992,-3.42672745663,-6.92392099891,41.50000000000032
348,0.183831287357,10.9106411113,-7.15481524948,-2.73756315835,41.50000000000032
349,0.156528926279,16.1395388534,44.3992434071,-15.2526950588,41.50000000000032
350,2.13763760842,0.767560882764,-4.97911323931,-4.57228617553,41.50000000000032
351,0.587160977625,1.63124485776,-3.56784663371,-5.97447927517,41.50000000000032
352,0.117923591812,-1.97447225878,-1.13143574186,-7.53212717618,41.50000000000032
353,0.132212194896,2.1002261697,-13.9676254345,0.963193158109,41.50000000000032
354,0.369697055523,1.12775785103,-2.82328816213,-3.56202830182,41.50000000000032
355,0.156486792782,-31.2671762948,27.2830823584,35.5328681789,41.50000000000032
356,0.311271167543,2.34898830176,-6.40644343846,-6.43556345095,41.50000000000032
357,0.233389606426,-32.4987608214,-40.2372338406,60.7863180557,41.50000000000032
358,1.36780165082,34.0617498314,58.0309839767,70.3041856232,41.50000000000032
359,0.137617188277,0.662176981685,-4.13230116317,-9.1381305972,41.50000000000032
360,0.185154705249,4.3334364324,-5.86793330171,-4.15306758865,41.50000000000032
361,0.245207234159,-12.724289138,-19.9495563991,-11.2138502096,41.50000000000032
362,1.03579701304,1.55269868009,-5.92587895176,-5.20418547349,41.50000000000032
363,0.137164181614,-27.8765031033,0.812276646116,0.53470839137,41.50000000000032
364,0.150816175843,1.25014845984,-3.92100072078,-4.66528800983,41.50000000000032
365,0.256032124725,-23.4823411743,21.3235699897,-12.2180488822,41.50000000000032
366,1.9291026529,4.05641155587,-3.49774502819,-2.59063957799,41.50000000000032
367,1.16266405856,-1.92765791492,-1.84432240332,-5.43370610249,41.50000000000032
368,0.813143337117,7.89691490895,-29.6032001025,6.81679057138,41.50000000000032
369,0.13835556994,5.10014447112,2.51578251274,-4.51465825323,41.50000000000032
370,0.387718524293,11.9770485612,-3.54860354615,-1.63276457315,41.50000000000032
371,5.31134340441,2.56769073476,-10.0099255316,-14.4996230403,41.50000000000032
372,0.534551313515,0.753485422271,-3.78916769988,-2.06697770282,41.50000000000032
373,0.100859777854,1.98534069482,-3.77509818984,-7.07825852129,41.50000000000032
374,0.754844067737,21.9052131779,-1.33837053157,-3.03661488925,41.50000000000032
375,0.121212640312,-1.33190693557,-4.79372063974,-1.78681741049,41.50000000000032
376,0.336111568254,1.91333426001,-6.43343553611,-5.92819789878,41.50000000000032
377,0.256111092693,4.21782438808,6.06173607248,-8.90224794933,41.50000000000032
378,0.309807754598,16.7807151175,-43.6747572578,-19.4999095994,41.50000000000032
379,2.9246048217,1.19145208618,-4.68056947381,-4.05986111809,41.50000000000032
380,0.573063255561,-14.5051348399,-1.47720059253,17.1640255164,41.50000000000032
381,0.128760024185,-1.53031689558,-2.76212683939,-3.37046674383,41.50000000000032
382,0.182218061621,1.72566589163,-8.93216607445,-6.24101996628,41.50000000000032
383,0.199036735961,-13.2332542732,22.6248391325,18.1914632266,41.50000000000032
384,3.63757997531,1.81220330413,-3.29913689079,-5.97141797754,41.50000000000032
385,0.149474073384,45.4879284989,-2.85053227964,65.6341161082,41.50000000000032
386,7.19377678011,2.05959175168,-4.23427887967,-4.89797898113,41.50000000000032
387,0.948808296613,5.81024015408,-4.2977993372,-1.48891722014,41.50000000000032
388,0.951109360667,2.58057318338,-4.19737485412,2.30658564094,41.50000000000032
389,0.91480017339,-63.6255029107,85.6660995101,-39.7393842356,41.50000000000032
390,0.115006860718,13.9831366744,4.06936418938,-0.884087701864,41.50000000000032
391,0.934308073705,2.39857239826,6.95191622685,-15.3109857367,41.50000000000032
392,0.290683835212,2.14575912144,-4.26779438209,-4.04796712233,41.50000000000032
393,0.416555825199,7.3472622514,19.6350266355,25.0450604594,41.50000000000032
394,0.438132430544,1.90829954426,-5.64051246616,-6.14440369844,41.50000000000032
395,0.20461083585,19.2799693747,-17.4556011217,2.14309471881,41.50000000000032
396,0.121951440341,8.74170094054,-3.42952174249,-16.1809385613,41.50000000000032
397,0.140795917044,0.672080389353,-24.8214856023,15.2882736591,41.50000000000032
398,0.715047132102,-0.984067737498,-5.26213225103,-2.44702265833,41.50000000000032
399,0.878912616949,-0.816167232026,-16.799125246,0.358398005024,41.50000000000032
400,0.300303937346,10.0095169247,-12.2338985749,-0.649964673807,41.50000000000032
401,0.135841794427,-10.343422663,-10.9172046161,-11.8002430898,41.50000000000032
402,0.449173115162,2.26394431379,-3.01705526402,-3.53559648672,41.50000000000032
403,0.102378358694,-5.25768245143,-6.77279463734,13.0754366003,41.50000000000032
404,0.116550037102,0.13447062777,-7.53026101144,-11.0135473118,41.50000000000032
405,0.614698384734,-3.90260935496,-6.51561514943,-2.43038764355,41.50000000000032
406,0.121262996331,3.16235646454,-6.71698838231,-3.54534968005,41.50000000000032
407,0.362488474822,5.50271974081,-39.5573902323,2.96467823628,41.50000000000032
408,0.370637622127,1.08883903371,-4.07685336471,-4.68450972702,41.50000000000032
409,0.5049060324,8.24201900289,-9.50171529067,11.9075655625,41.50000000000032
410,0.199333016697,2.70012235965,-5.04426394983,-5.59834869021,41.50000000000032
411,0.214848163115,-1.55719837433,-11.1073319761,-1.98212605804,41.50000000000032
412,0.203895415912,5.35292088024,-5.42086729772,-5.27284404236,41.50000000000032
413,1.87895939975,5.6536131126,-2.79389362403,-6.10773514079,41.50000000000032
414,0.751827935272,23.0209153661,24.3599023349,-32.4311038169,41.50000000000032
415,0.129208777306,2.22174189631,-5.34381796396,-6.37775022354,41.50000000000032
416,0.662845591148,-3.45776438721,1.04113448558,-5.06129566745,41.50000000000032
417,0.19192800624,3.24513238284,-5.93962679315,-6.64998424774,41.50000000000032
418,0.260017283085,40.6390303275,18.7045143581,104.095900495,41.50000000000032
419,1.05577941932,-16.7132496302,-18.4932874629,-20.3922736391,41.50000000000032
420,0.575093430926,2.61163027577,-11.0072285355,-2.32617119328,41.50000000000032
421,0.106675460179,7.67600344894,9.00293621629,2.67591844377,41.50000000000032
422,0.288413394975,17.1605102179,4.23742316655,10.9630430849,41.50000000000032
423,1.55000145489,9.47682248595,-5.0276322605,-15.9369649692,41.50000000000032
424,0.136613819278,4.15420246547,-1.09914220273,0.879277511964,41.50000000000032
425,0.119727058021,2.52592346111,-4.37031903887,-4.61671295471,41.50000000000032
426,0.10826829226,6.18671486297,-6.5298239579,1.51120228778,41.50000000000032
427,0.109256803853,-0.280183568418,-9.19098017812,1.59541023536,41.50000000000032
428,0.305703587303,1.98977934333,-3.272942989,-1.20707281345,41.50000000000032
429,0.759846443525,-15.0306423222,11.4130904929,-16.9256117173,41.50000000000032
430,0.157439915464,8.33787712672,-8.24214885172,-19.1774755409,41.50000000000032
431,0.307081276392,5.86001353364,2.52458921686,1.19135170673,41.50000000000032
432,0.319179946848,0.345338075935,0.498690608883,-3.61316582406,41.50000000000032
433,0.686347173893,-5.35973555751,5.79014905359,-5.26028668131,41.50000000000032
434,0.107142481275,3.16168803303,-4.44687114867,-4.38286169826,41.50000000000032
435,0.21716800047,0.84320525623,-1.50585597714,-3.81682076571,41.50000000000032
436,0.178247181167,-6.07961600095,-13.6666624172,-23.7322670061,41.50000000000032
437,1.44678727416,7.24598310202,-7.49990184158,-2.06325075046,41.50000000000032
438,0.260622280138,3.69771381623,-16.8974438082,-11.1304896187,41.50000000000032
439,0.668622863463,-8.05795364339,2.27941501958,0.371620805833,41.50000000000032
440,0.132419439434,3.34721221421,-5.64934906946,-6.64467575946,41.50000000000032
441,0.419753794567,1.33063682487,-2.72736956339,-1.55054214489,41.50000000000032
442,0.210363707259,2.51434599778,-4.0783906112,-4.28092745176,41.50000000000032
443,0.330944308189,-1.37065335068,-5.70847995329,-4.94457705668,41.50000000000032
444,0.200932871114,0.215808862294,-2.36500150644,-3.48498199107,41.50000000000032
445,1.25838421103,36.4054027013,-28.1713569316,15.6587976919,41.50000000000032
446,2.90195226576,-0.408271726316,-3.9797736124,-5.4403068798,41.50000000000032
447,0.599714112572,0.636454099825,-6.00138680936,-2.91457564713,41.50000000000032
448,0.258744530144,-1.15013569687,-7.25824611208,-9.54045589992,41.50000000000032
449,0.577585217751,2.23382206162,-3.52559084208,-16.8853783554,41.50000000000032
450,0.328997038367,-17.1599070848,-26.323644837,-33.3518424396,41.50000000000032
451,0.239657530202,7.60899327263,-11.9994578745,-7.8664409262,41.50000000000032
452,0.608066852777,7.76559481412,0.589419426129,-1.7875987855,41.50000000000032
453,0.325609826069,3.31572939917,-5.48884114674,-8.54537856148,41.50000000000032
454,0.467759271622,0.260709560399,-4.32440564028,-5.6703702642,41.50000000000032
455,0.412896961823,3.72800226268,-5.82831093924,2.33409315378,41.50000000000032
456,0.118591589701,3.27048050051,5.08525317602,-32.9046664457,41.50000000000032
457,0.104990214229,1.46464389016,-8.77860292228,-10.223715923,41.50000000000032
458,0.680971950314,-1.48550058724,-7.38310085283,-3.16217561518,41.50000000000032
459,0.180943780067,1.90680611698,-4.91702054065,-4.56517278352,41.50000000000032
460,0.235594704561,34.5589138483,-0.74905923636,14.6203386479,41.50000000000032
461,0.562052199793,-1.01317456004,-13.6914698397,2.29806186199,41.50000000000032
462,0.33484701528,-9.28844136317,-30.3542696968,4.03164446845,41.50000000000032
463,0.256311414815,5.06233955668,-10.1148843852,-9.76587271751,41.50000000000032
464,0.290546607518,1.78036411938,-5.2404568404,-2.32996627773,41.50000000000032
465,0.921762714286,-14.7355053727,-7.61898290618,-9.30649943075,41.50000000000032
466,4.66800988895,-2.1753832963,-6.85822185133,-2.30091095213,41.50000000000032
467,0.475957053067,3.41170494609,-2.61577224186,-3.35496114103,41.50000000000032
468,1.1973735739,0.901432766261,15.9140095877,-4.14304153862,41.50000000000032
469,0.160410326031,0.563638755394,-3.83052209335,-5.76109652146,41.50000000000032
470,0.972057645537,-4.63084037759,-2.64819026494,-2.691542459,41.50000000000032
471,0.123902546426,1.13888248278,-4.194677954,-2.70974441156,41.50000000000032
472,0.290515581153,2.49781870384,-0.418971355707,-3.12612933287,41.50000000000032
473,0.337996755096,-2.17291572374,15.2557323919,60.1250308119,41.50000000000032
474,0.425188595072,0.680240200387,-4.7339596606,-6.14805559174,41.50000000000032
475,0.250544031527,-3.45239592762,1.71650694176,-5.46143483754,41.50000000000032
476,0.462044131985,-0.905332129717,3.81785663006,-8.60736774259,41.50000000000032
477,0.11155607948,4.72984240368,34.4193468771,-28.2368549814,41.50000000000032
478,0.491911343591,0.379132489268,-5.10044840364,-5.18240177304,41.50000000000032
479,0.140151255133,-1.13235589533,-4.50862663862,2.78300610301,41.50000000000032
480,0.265793193462,-3.9226571556,15.1401002575,12.3722888349,41.50000000000032
481,0.539189057275,-20.7818469837,4.2824072014,9.61916823574,41.50000000000032
482,1.21324287706,1.23994426287,-8.16064041129,-4.77381663985,41.50000000000032
483,0.171801620579,6.63122968029,-18.1672389307,17.0536914483,41.50000000000032
484,0.189011769891,6.29480450852,-5.67751882804,-5.05946493207,41.50000000000032
485,0.60829344369,13.4152080838,-5.44939380175,3.40218899712,41.50000000000032
486,1.44505980568,5.60694425782,-8.75842025566,-9.90368807678,41.50000000000032
487,0.432917132325,1.99446249758,-3.56603472189,-3.06619662028,41.50000000000032
488,0.262339607433,-2.91334203199,-6.49558373367,-2.16664819337,41.50000000000032
489,0.351482748116,8.16192221223,-8.4521975765,-9.86343429163,41.50000000000032
490,0.146772766045,1.99843663436,-0.709272597545,-3.92262148206,41.50000000000032
491,0.103142503467,-3.28985055306,-4.5052056481,-2.87963483848,41.50000000000032
492,0.166762323385,-4.77604226781,-6.42762410663,-2.68165423731,41.50000000000032
493,0.339993144165,-10.4587360399,-6.50461084373,9.34342215933,41.50000000000032
494,0.68205327197,0.508709155443,-4.19226850797,-4.34937880642,41.50000000000032
495,0.684134545641,2.08843428253,-5.55183316507,-5.29447501553,41.50000000000032
496,0.767200362195,-13.8697003031,-61.5209847864,-11.8676639885,41.50000000000032
497,0.354725786579,0.477924789011,-8.5104604387,-1.41317979371,41.50000000000032
498,1.38606270524,-26.8837154274,-60.0749960139,54.0990923733,41.50000000000032
499,0.990876116848,-21.2222493583,-25.8459936346,-11.8314954638,41.50000000000032
500,0.19878519535,6.78891739268,2.80602339649,-25.121626979,41.50000000000032
501,0.144526720857,3.70408170402,11.2120134135,17.1968795875,41.50000000000032
502,0.105013554455,0.801320443805,-1.0781071174,-2.11428516999,41.50000000000032
503,0.140440404338,7.31009772541,-3.72480043591,-0.851256094464,41.50000000000032
504,0.189398978222,0.218267324394,-5.09572694533,-5.31221571862,41.50000000000032
505,0.753950980254,2.4346686876,-4.09743792774,-4.22903229688,41.50000000000032
506,0.315473565995,1.48139648047,-4.60284028835,-2.98695598232,41.50000000000032
507,0.371365996182,0.98349037505,3.71220690757,-12.1069726707,41.50000000000032
508,0.149202870603,5.69359016267,-1.15369276774,11.8927268778,41.50000000000032
509,1.40038297095,-2.91224554929,-4.69497217094,-3.69136086702,41.50000000000032
510,0.136551839582,7.83062288113,-7.304365244,-15.3028859852,41.50000000000032
511,0.122733588511,2.45071881536,-7.17046236176,-5.58808853102,41.50000000000032
512,0.173930350428,0.375779932668,-4.21671702384,-5.49902048823,41.50000000000032
513,0.303079100077,-0.103739031376,-4.93730400789,-5.54740738693,41.50000000000032
514,1.67816172637,2.28785854908,-5.72357477749,-3.81112071737,41.50000000000032
515,0.311926234737,15.2916398059,-1.07205232427,38.1464911352,41.50000000000032
516,0.157866802948,1.94691839194,-13.5006304424,-6.24531070633,41.50000000000032
517,0.223700652812,18.9503311074,-8.53270533849,-18.6998847819,41.50000000000032
518,0.161540786579,3.7440710809,-5.06471173564,-7.22315581622,41.50000000000032
519,2.32767338377,0.629797542726,-4.1657047708,-4.96662305484,41.50000000000032
520,0.239410375875,4.73450929113,-2.87968776522,-4.5563579951,41.50000000000032
521,0.115109296764,17.4513156351,13.1982561669,-15.1690471832,41.50000000000032
522,0.284431669614,6.74819768209,-9.19350453796,-12.3596970321,41.50000000000032
523,0.163144684879,3.87491474409,8.37917193122,-6.35385859067,41.50000000000032
524,0.522404844175,2.39202998999,-4.1019717223,-1.18276479672,41.50000000000032
525,3.62820130161,3.02405648221,-4.60738561778,-5.07969071596,41.50000000000032
526,1.32072143728,2.77268383233,-4.6275973346,-4.68263594274,41.50000000000032
527,0.105134884866,-33.4970315505,18.8310920062,7.9986497071,41.50000000000032
528,0.137863623461,-0.890598226958,-3.48505183176,-2.60088036658,41.50000000000032
529,0.135981914258,4.79353128655,-4.86935796105,-0.873148607858,41.50000000000032
530,0.43323520207,-15.6799128765,0.319912003612,-1.15482074276,41.50000000000032
531,0.212387127815,1.09504918711,-2.94998969809,-4.7953401254,41.50000000000032
532,0.429735682311,0.279215510248,-6.98188601233,1.09271883182,41.50000000000032
533,1.0201629702,1.48881375937,-4.71784678686,-4.49118499638,41.50000000000032
534,0.233401711229,2.21661153296,-6.74001690646,-5.33163934273,41.50000000000032
535,0.145966894924,-2.37861184841,24.1620174379,6.99483301408,41.50000000000032
536,0.243973096594,37.1961033435,8.59622948772,5.70755591041,41.50000000000032
537,0.254340965856,1.31747692011,-5.16642126948,-5.87354806181,41.50000000000032
538,0.320925999846,-0.887797265967,-5.06770701178,-0.395806716126,41.50000000000032
539,0.796153637541,-3.38447630003,-11.8486156196,-6.10518296467,41.50000000000032
540,0.318021188013,1.87161289776,-5.33775539343,-3.96281764708,41.50000000000032
541,0.716799625076,-2.2894515354,-3.20413535558,-4.64321063385,41.50000000000032
542,0.249593294843,-0.141437568404,-6.67365645287,-7.43855562896,41.50000000000032
543,2.23747151615,6.96826369611,13.3631784515,10.7358466205,41.50000000000032
544,0.359092530468,-0.584122860904,-6.07472732518,-1.43430442886,41.50000000000032
545,0.147236617977,-2.02456927433,9.46326274029,1.8688591563,41.50000000000032
546,0.638259375939,39.1200420359,-5.88105485729,33.7307303483,41.50000000000032
547,0.288611894731,-17.4085358988,34.3519983532,10.3949060514,41.50000000000032
548,0.242161551312,-7.38760220508,10.649175451,-2.15376120064,41.50000000000032
549,0.258583784995,1.42497170382,-1.46338987239,-2.74931752562,41.50000000000032
550,0.544588508669,0.748034966549,-3.22080553858,-5.83586165799,41.50000000000032
551,0.128386563219,-0.613545681358,-8.40558518751,-4.52921332667,41.50000000000032
552,0.275049765252,-4.12355171533,-3.5897914461,3.01051518227,41.50000000000032
553,0.210081610876,1.10144697345,-5.88153636616,-7.78426192792,41.50000000000032
554,0.1295158753,-15.4331107887,32.3286762164,9.98026598492,41.50000000000032
555,0.262278987102,0.046728155002,-2.42694750035,-4.76410656965,41.50000000000032
556,1.39764277187,-1.20082188188,-7.68797845979,-4.33518436588,41.50000000000032
557,0.250269479934,6.32617226264,4.17185751189,-3.69065015063,41.50000000000032
558,0.166813892497,-3.40923593141,-3.75956553342,-7.76119554193,41.50000000000032
559,0.208770823944,-43.5641810728,-4.02953238031,20.6957707505,41.50000000000032
560,0.103073320628,1.23955331675,-4.28076751,-4.59677088832,41.50000000000032
561,0.14174326996,20.85501584,-0.139217088074,0.495434863691,41.50000000000032
562,0.439172781299,1.32141645194,-5.09702013429,-5.84755468058,41.50000000000032
563,0.36180043959,-16.9929123455,1.62944115942,-18.6152424021,41.50000000000032
564,0.649407553463,2.51639789278,2.7242135278,-1.57358377392,41.50000000000032
565,0.218025647735,4.25376953852,-10.2819544211,-0.0400612008089,41.50000000000032
566,0.101159594577,1.53072260423,-7.05268669861,-4.22868384543,41.50000000000032
567,0.260283658414,7.44888118575,-3.58465381503,-0.742187244049,41.50000000000032
568,0.111766842705,-1.27964521032,-1.02723250148,8.76641520949,41.50000000000032
569,0.405437088903,9.23479275328,-10.1040498267,11.5833035214,41.50000000000032
570,0.241569599321,6.11895293962,-4.6337309095,-13.2418517622,41.50000000000032
571,0.134818607281,6.74749479436,-8.88510381835,5.17372732908,41.50000000000032
572,0.261254116544,3.11734977454,-5.10463537262,-6.361695439,41.50000000000032
573,0.417833194927,4.10673533839,-5.26963803046,-3.76271979713,41.50000000000032
574,0.243543099563,2.72816772397,-2.25952346322,-7.80929307977,41.50000000000032
575,0.4229261895,2.63996788567,-3.92701165064,-7.2263887084,41.50000000000032
576,1.09109074036,1.99061267686,-5.10203992236,-4.38710960589,41.50000000000032
577,0.183938407154,0.830238190979,-4.19864340684,-5.2082104779,41.50000000000032
578,0.38113987677,-5.33810639767,-3.37364978674,-12.9812342116,41.50000000000032
579,0.130057352868,14.2877689559,-0.47540741562,-8.80136861949,41.50000000000032
580,0.110212605032,0.405475143883,-1.15620420149,-5.92686969709,41.50000000000032
581,0.346280119123,12.0532525787,1.70508769004,-1.42789067545,41.50000000000032
582,0.157689583253,-2.37732087127,-1.1986103607,-5.03673616016,41.50000000000032
583,0.352773533389,-25.4228992794,24.5127959553,-15.5326190204,41.50000000000032
584,3.64825980444,-1.78718046909,-4.20533088356,-1.63373211452,41.50000000000032
585,0.444434435853,-5.23235017291,0.41896594695,6.74924286799,41.50000000000032
586,1.16411942258,6.97983208456,1.01902821013,-4.96142927314,41.50000000000032
587,0.236292388866,-14.4355688459,1.82531728282,7.59864758382,41.50000000000032
588,0.786402274663,1.64589086346,-1.91893891698,-5.89930107393,41.50000000000032
589,0.342350444126,5.46585002604,0.175205162257,0.942722961642,41.50000000000032
590,0.173251354301,11.2279379055,-3.32705568466,5.419551267,41.50000000000032
591,0.683767340832,13.1043405326,48.3700403597,0.596718397722,41.50000000000032
592,0.152726711669,3.58312853888,-10.1298925856,-8.28633723461,41.50000000000032
593,0.332087266042,-79.7892327462,34.2540014986,14.7229062392,41.50000000000032
594,0.304722021798,0.466669037827,-16.8420822246,-3.8464736905,41.50000000000032
595,0.173556497362,5.44655415992,-3.60489612516,-6.65331731924,41.50000000000032
596,0.142588863004,-1.72529549545,14.1148542634,-8.84590052677,41.50000000000032
597,0.118944619397,0.806756709843,-8.97747895639,-3.90839042487,41.50000000000032
598,0.109553810444,8.98398611211,-21.0441511675,-4.51215836533,41.50000000000032
599,0.724730231148,1.59999386909,-5.72937431218,-0.118589943085,41.50000000000032
600,0.170465795711,19.2297958739,3.58693731951,2.63262010516,41.50000000000032
601,0.585752469412,21.7759459545,-25.2652439825,-7.18212901898,41.50000000000032
602,1.24424380408,2.01618257006,-29.9922614382,-13.5960180136,41.50000000000032
603,0.893447622389,-0.288769926304,-3.02331447066,-5.30210635943,41.50000000000032
604,0.102465525561,6.77622681117,-16.1658893596,-6.16375963593,41.50000000000032
605,0.395450920333,4.41648868984,-4.11805541723,-3.05576305407,41.50000000000032
606,0.560607752426,10.1720690028,-15.182893584,-0.281260330186,41.50000000000032
607,0.162075495924,0.980633541626,-5.12456908617,0.141482130424,41.50000000000032
608,0.801789695146,3.80199302694,-9.37757102659,-5.77066338283,41.50000000000032
609,0.190100244287,15.2600766696,-8.47351348331,5.55690157882,41.50000000000032
610,0.527800052908,1.81594341505,-7.47152925152,-8.93934024571,41.50000000000032
611,0.599774037014,-7.69016901009,-15.2290011259,-3.2660862511,41.50000000000032
612,0.123972993707,4.1307272305,-5.49220157707,-1.84645314161,41.50000000000032
613,0.290832949376,-1.56342793767,-6.76711008042,-12.7052294804,41.50000000000032
614,0.711972283316,0.656306426695,-4.10449314463,-3.42746191763,41.50000000000032
615,0.249381862279,2.84850826596,-2.58982837618,-2.0634290777,41.50000000000032
616,0.101098884256,63.3376334333,11.5287150449,-32.6200012671,41.50000000000032
617,0.107538455064,0.0320078780392,-2.1386309155,-1.79035977627,41.50000000000032
618,0.792263506345,34.7547998917,34.1168560098,10.4036235406,41.50000000000032
619,0.138959119463,10.1329798166,0.115590242805,9.89231799792,41.50000000000032
620,0.14614203238,-2.57619022798,-6.2147334948,-2.55172156526,41.50000000000032
621,0.162119659086,-0.34633823788,-6.74119684318,-3.0882185839,41.50000000000032
622,0.128561650987,-0.455583086087,-6.92701620633,-7.12333402979,41.50000000000032
623,0.187922396448,21.7664424244,-11.5407597453,25.4007905624,41.50000000000032
624,0.124854553593,-0.485885824896,-6.20608400008,-2.74552914257,41.50000000000032
625,0.185391292457,1.48607343226,-5.66141746143,-9.25663926475,41.50000000000032
626,0.100439029026,13.6324332324,3.89438784762,-11.6206864439,41.50000000000032
627,0.520626232602,0.65691284943,6.93457626464,1.33501156375,41.50000000000032
628,0.303072181824,-0.906650085682,-6.940399113,-0.718434018349,41.50000000000032
629,0.350726331405,1.64799354232,-5.08267785808,-2.70553695487,41.50000000000032
630,0.446423778249,-20.9955311451,-14.7547813096,-3.56405052622,41.50000000000032
631,0.116638954184,-11.1110737029,14.9771037176,-10.6690832969,41.50000000000032
632,0.279548221248,2.77472722429,-3.45698236203,-2.57128759315,41.50000000000032
633,0.152897078577,1.39028555624,-11.7651664683,-7.37253963282,41.50000000000032
634,0.135252027755,-1.19514439636,-6.47053331807,-5.41295196182,41.50000000000032
635,0.115826135196,2.6969390029,-8.19753728892,-2.20301533337,41.50000000000032
636,0.138932058311,4.43500403356,-6.19804736937,-4.55654558248,41.50000000000032
637,0.179151030669,1.9800556821,-6.22278448484,-1.32310300737,41.50000000000032
638,0.105486908841,11.9835215935,16.0722793668,34.1480539103,41.50000000000032
639,0.387842068725,1.38628846821,-3.22264226317,-3.94578339571,41.50000000000032
640,0.262187381217,2.03719544149,-3.57378567339,-4.31453291985,41.50000000000032
641,0.272858194703,3.66467258475,-2.64639043539,-6.36741374453,41.50000000000032
642,0.521364006339,3.39107450477,-1.42003823048,-4.79162895015,41.50000000000032
643,0.316789840667,15.4848133901,2.74409912995,9.70494227288,41.50000000000032
644,0.512123756155,1.07338141273,-8.37774495745,-8.34156977024,41.50000000000032
645,0.387625613287,-13.3352208605,-21.1100598835,8.75139932062,41.50000000000032
646,0.123795040529,0.713842378244,18.9454221354,-17.2702771279,41.50000000000032
647,0.211439753885,-6.03827901695,-3.17604387347,-14.5804751778,41.50000000000032
648,0.160596995756,1.04321317104,-3.08858458522,-3.74662592149,41.50000000000032
649,0.164931016485,5.81233336742,-5.42201266923,-0.452745873726,41.50000000000032
650,0.216988519869,2.94678611165,-3.29064555355,-0.369986459466,41.50000000000032
651,0.209552184054,0.133177637939,-4.71338551296,-4.25146379772,41.50000000000032
652,0.265590303078,2.42612997896,-2.82150536826,-6.54947776495,41.50000000000032
653,0.275875835991,10.8726532213,-14.8772738851,24.1731023267,41.50000000000032
654,0.515616886729,2.97825477431,-5.73963417186,-8.34871978675,41.50000000000032
655,0.78349174394,0.665738875619,-21.97546789,0.235109066751,41.50000000000032
656,0.148919273581,-1.55346073946,-14.6503653424,-0.355738321112,41.50000000000032
657,1.86043105411,0.997200485068,-3.47066658089,-3.21526508151,41.50000000000032
658,0.506124193747,1.52454730004,-4.83095094017,-4.71319448971,41.50000000000032
659,0.701800571655,-13.7579652735,11.2782686252,-14.8092489247,41.50000000000032
660,0.551605802721,5.05620687181,-6.83505849073,8.85069081529,41.50000000000032
661,0.474616224329,3.21249533145,-6.31437208509,-7.68574710023,41.50000000000032
662,0.325289472783,1.92455725983,-6.27528637087,9.44052063507,41.50000000000032
663,0.251493219755,-10.3829458637,1.09273517374,-8.79484102228,41.50000000000032
664,0.113901951305,1.93253682047,-1.41231247928,-12.1284161411,41.50000000000032
665,0.295503091781,0.459068779906,-3.22481620506,-2.33626696373,41.50000000000032
666,0.459562339314,21.4999229554,-6.43162787961,-1.20120432499,41.50000000000032
667,0.124084853246,0.0827996776468,-4.72398523051,-2.78250366683,41.50000000000032
668,0.151876989072,5.56612632235,-8.28581849449,3.07494493354,41.50000000000032
669,0.139457525945,-6.46247279938,-0.458009254853,-6.132623042,41.50000000000032
670,0.177702677508,-6.17876818664,-15.9054915375,-5.8795689498,41.50000000000032
671,0.339305715579,2.13058274084,-0.93261854575,-5.84286119255,41.50000000000032
672,0.243697287626,-0.515395270657,-7.15784681397,-0.512005477551,41.50000000000032
673,1.94055226685,7.28412803788,-5.16160505507,-16.6726255035,41.50000000000032
674,0.872950842813,2.2037631813,-6.15821559722,-5.4085118468,41.50000000000032
675,1.90256711553,2.05910402044,-2.36616718938,-3.56784369869,41.50000000000032
676,0.436767706786,2.83432031396,-3.77297444992,-11.4125093464,41.50000000000032
677,0.362099932061,2.95514482254,-4.9682703862,-3.81333636978,41.50000000000032
678,0.27359836863,2.85626986159,15.3642555288,-37.2005622052,41.50000000000032
679,0.488985972209,2.23690726284,-6.16543486884,-3.9287470483,41.50000000000032
680,0.781709507126,-8.2909330986,0.829918500609,3.2607444858,41.50000000000032
681,0.162897505793,0.391746045502,26.1201521397,-28.4332415044,41.50000000000032
682,0.357348400762,-9.40695929557,19.6248504711,-5.44854341137,41.50000000000032
683,0.715888574209,-1.32292821246,-4.35067100618,-1.33664835505,41.50000000000032
684,0.576183116163,5.130266578,-1.34019625136,-4.38920948102,41.50000000000032
685,0.836962726635,1.90252095825,-4.45258809787,-4.76518237266,41.50000000000032
686,0.523122193259,1.7462899238,-1.52885178935,-2.66278677235,41.50000000000032
687,0.271331083156,-28.5454886763,-36.8446006923,35.0352757568,41.50000000000032
688,0.2519127361,-4.15874069018,7.58945306463,36.8447741528,41.50000000000032
689,0.357796028421,-32.9253129398,-24.7453318576,-30.1282623419,41.50000000000032
690,0.593561229004,6.48816025206,-7.71542235897,-9.99738751734,41.50000000000032
691,0.105338515276,2.57657149035,-1.4396954788,-6.34426483611,41.50000000000032
692,0.291414928505,-12.1456800172,1.15136141624,-6.79592975431,41.50000000000032
693,1.08488865279,49.2803267039,-16.5423287722,10.1956043478,41.50000000000032
694,0.154630227565,-0.23456152836,-0.822601322511,-10.1803683344,41.50000000000032
695,0.123765926291,0.439442480113,-1.65526372564,-8.943648792,41.50000000000032
696,0.159051254086,1.35379214083,-5.30049329479,-6.3920397035,41.50000000000032
697,0.176208670529,1.26432762086,0.21784213807,4.76856152573,41.50000000000032
698,0.136073733325,-0.263838686051,-2.70576477124,-3.32837907949,41.50000000000032
699,0.168686808974,16.5326400157,4.22031335839,-24.7390799876,41.50000000000032
700,2.90406062662,1.239807575,-8.50022351412,-13.0509739003,41.50000000000032
701,0.442825434325,6.19085470843,-4.07834666235,5.12091176152,41.50000000000032
702,0.108250924964,-0.890095087191,-0.158215447922,0.39545625043,41.50000000000032
703,0.762286276681,6.47072592487,-2.36381696316,-7.63851116145,41.50000000000032
704,0.129777197013,-15.1679722945,7.15448530941,-16.1881917417,41.50000000000032
705,0.225360295515,3.09756892075,-4.32679461097,-6.25424150534,41.50000000000032
706,0.716546789421,1.94399139667,-2.00139245117,-2.97381219962,41.50000000000032
707,0.324803839289,10.4192111996,7.14333715351,24.2138922096,41.50000000000032
708,0.377909983399,1.29579140206,-3.62919414738,-3.14504255075,41.50000000000032
709,0.345011004278,2.60137767462,-3.80026037347,-1.47935262005,41.50000000000032
710,0.180053137859,20.0317693921,-17.3259691375,0.520939560712,41.50000000000032
711,0.281061046483,-5.93579062667,-12.2299420681,4.80147165253,41.50000000000032
712,0.448618739028,4.5008323932,-27.0273904565,6.50679753728,41.50000000000032
713,0.513070755548,-2.50341007989,-3.73618544079,-5.55423613589,41.50000000000032
714,1.06092098766,-1.88195362541,3.17234818675,5.77805978321,41.50000000000032
715,0.414496982669,-66.1900433195,-6.24240574264,16.8631098598,41.50000000000032
716,0.107549892717,1.17910899899,-1.27245335825,-4.7511409067,41.50000000000032
717,3.58334793714,88.730836593,59.5062170366,-130.40836845,41.50000000000032
718,0.306254127418,-2.62089227622,-3.60701247511,-1.21294525868,41.50000000000032
719,0.189918404924,10.1096036629,-10.4297754685,8.52356180071,41.50000000000032
720,0.478948487707,1.39672284903,-1.82145246667,-1.51777120357,41.50000000000032
721,0.12895815722,-8.27648969758,-0.262140314858,-3.00188243582,41.50000000000032
722,0.163955169272,-23.7045518169,-29.6076797735,1.59641576906,41.50000000000032
723,0.363280133574,120.175999597,25.7904585909,-28.894091122,41.50000000000032
724,0.406886503079,0.676750723953,-1.96978782257,12.5884389858,41.50000000000032
725,0.120227596237,0.669630497765,10.7653070558,-6.56954425715,41.50000000000032
726,0.160309027303,2.45582844388,-5.14649667314,-5.31712587041,41.50000000000032
727,0.238589529353,3.53048707331,-5.22029240499,-3.83069295035,41.50000000000032
728,0.133270117525,0.332161896683,-4.98753303762,-2.86123832095,41.50000000000032
729,0.210037470924,2.32872625404,-24.287855019,-0.68446828252,41.50000000000032
730,0.198386352443,-0.627435620092,-2.31099357168,-8.27934977311,41.50000000000032
731,0.131219150456,-14.6450327468,-11.3109727084,-2.04932346388,41.50000000000032
732,0.110667907171,-2.98271261049,-7.52733449345,-12.701211725,41.50000000000032
733,0.100182133506,0.168173262735,-7.51119334491,-3.7702695704,41.50000000000032
734,0.412992328464,0.975398189944,-1.74724191685,-8.47824763423,41.50000000000032
735,0.310703358231,1.34202528859,-4.76331494248,-3.33385294649,41.50000000000032
736,0.130873359212,4.24333702359,-1.77289833486,-3.27519319723,41.50000000000032
737,0.342386328923,-2.43606199312,-8.81252084467,-13.0960734814,41.50000000000032
738,0.142982712342,8.97704376733,34.351783676,-2.96839946757,41.50000000000032
739,0.625804264354,4.91138560677,-6.66679140718,-2.28803083816,41.50000000000032
740,0.15730346897,0.708701343063,-2.6684376058,-3.71866819222,41.50000000000032
741,0.154590484658,0.712588988718,-12.395423783,-9.12615567577,41.50000000000032
742,0.677174213003,4.59348813378,-4.22010224927,1.56657304354,41.50000000000032
743,0.144931264246,0.928213862856,-5.34432311325,-7.35655440183,41.50000000000032
744,0.435650423498,-3.07498382934,-1.7254852829,-12.7719154113,41.50000000000032
745,0.801235543873,-3.26416178598,-7.2633402298,13.1317082003,41.50000000000032
746,0.143035288504,5.61302470819,-4.61541156862,-2.78626352459,41.50000000000032
747,3.20418281266,1.48977649157,-7.67830633832,-6.82592876488,41.50000000000032
748,0.73797402738,4.74371242504,19.111079583,16.1200593669,41.50000000000032
749,0.136184914104,-1.86875289181,-5.379752406,0.585883393735,41.50000000000032
750,1.68168861529,2.28769899413,-3.6958702663,-4.09171779982,41.50000000000032
751,0.101364475014,-2.79061901497,5.79326093293,-12.9244052573,41.50000000000032
752,0.126188728292,1.60642744232,-0.553112045583,-4.94163318825,41.50000000000032
753,0.181534033257,4.87830242681,-5.6918463011,-8.77522669886,41.50000000000032
754,0.920535002269,-12.9595288042,-12.1305977088,-8.23286454393,41.50000000000032
755,0.724607877294,4.53297518047,4.25944437139,21.4714408311,41.50000000000032
756,0.577169128266,1.25182074815,-4.96044323006,-4.81064861401,41.50000000000032
757,0.135281165512,-3.74321145857,0.363683845085,19.2995216995,41.50000000000032
758,0.301846671442,5.95411985584,-6.76499755132,10.5338937653,41.50000000000032
759,0.587303095003,0.705588895325,-5.99837490631,-4.23711541886,41.50000000000032
760,0.139400271077,2.23329658303,-2.08067226994,-4.1087100475,41.50000000000032
761,0.933466510454,0.00848339726568,-5.63973708127,0.192569622032,41.50000000000032
762,0.149720481006,1.02248446502,-3.38846370232,-2.04228994055,41.50000000000032
763,0.440507220329,1.99677883816,-5.7539328645,-4.72860417332,41.50000000000032
764,0.412342070522,6.00092651161,-4.86544841656,-2.7166554241,41.50000000000032
765,0.692330420929,-0.681932501176,-4.62447346782,-0.675626249241,41.50000000000032
766,0.423224066006,7.64729429457,15.548957415,2.66847420692,41.50000000000032
767,0.121720400925,0.368680851826,-12.0910304809,-2.97906576282,41.50000000000032
768,0.252493897343,1.5336192947,-6.61179811163,5.40513736743,41.50000000000032
769,0.189922401823,13.69749315,-8.92799205197,10.1824704491,41.50000000000032
770,0.285665475522,3.04325587863,-9.75775864136,3.82956187551,41.50000000000032
771,0.364134789451,7.64881316077,-6.74477221122,-3.31147029459,41.50000000000032
772,1.14493483097,-14.7599845828,-11.3429095309,-1.6853327541,41.50000000000032
773,0.497148721149,-19.524437279,29.2923772722,5.33780644999,41.50000000000032
774,0.181645097613,4.94779612781,-11.4018688497,-5.77097569245,41.50000000000032
775,0.194871793147,1.69475534646,-3.95339443273,-3.35610620482,41.50000000000032
776,0.159793112861,1.73864275706,-8.39389780365,-6.70974575172,41.50000000000032
777,0.268835832966,7.50736266744,-21.5334668007,4.31993732069,41.50000000000032
778,1.1376038355,0.0740010502363,8.51760553197,-16.4013245721,41.50000000000032
779,0.161263669383,3.19335359606,5.36308853586,8.60115585642,41.50000000000032
780,0.146056984925,0.943331310285,-4.87780662194,-4.67155948497,41.50000000000032
781,0.466398286319,2.1676918889,-10.0833777771,1.37853901519,41.50000000000032
782,0.549573752321,-14.4083214992,-23.9448295146,10.478862119,41.50000000000032
783,0.143762786526,0.319207903143,-5.88703455583,-7.06123593814,41.50000000000032
784,2.42335677077,3.10858739787,-2.23360469166,-5.19821959554,41.50000000000032
785,2.04992868455,1.84586564129,-4.90226038071,-4.85435317888,41.50000000000032
786,0.157680814702,-2.71110274946,0.274775608278,-4.49132809686,41.50000000000032
787,0.457833460257,-1.07050070438,-0.846595459181,-6.00449661841,41.50000000000032
788,0.12512844982,1.13802554565,-4.40556746286,-6.88035968546,41.50000000000032
789,1.44771048277,2.99484343317,-4.89090023526,-6.33658159195,41.50000000000032
790,0.115024882514,1.42968586991,-1.65071444741,-3.10710400518,41.50000000000032
791,0.332789881584,9.77393829372,-2.6588124617,10.552791443,41.50000000000032
792,0.119041850619,4.23343712639,-3.42339716694,-11.9838985294,41.50000000000032
793,0.116035991384,0.202620193557,14.5558542465,4.80350345554,41.50000000000032
794,0.190290705801,5.61880264303,-17.5997452629,5.85833035657,41.50000000000032
795,0.141065474857,2.26105197432,-4.50625044068,-4.10233274086,41.50000000000032
796,0.200798061211,9.34435331246,-5.42887350712,7.09353117019,41.50000000000032
797,0.865162556285,1.66648131398,-4.73917854217,-4.47788239451,41.50000000000032
798,0.10335497753,-9.17697484017,-0.835752872948,-12.9705433435,41.50000000000032
799,2.25723150817,45.2182222339,-74.2501883797,23.1405535908,41.50000000000032
800,0.229528341736,21.6072264693,52.1701267021,65.6607113877,41.50000000000032
801,0.893536180442,4.99892169225,-2.48366343046,-3.89554841341,41.50000000000032
802,0.14390846327,3.81729719779,-9.52008571533,-6.51594453,41.50000000000032
803,1.17720365761,-1.61583217331,-1.63200449294,-6.67613043093,41.50000000000032
804,0.150723860606,-4.0112347246,-1.13476673805,-5.48629731883,41.50000000000032
805,0.471365880773,-1.56796971455,-5.29772134786,-10.7726683421,41.50000000000032
806,0.207272228933,2.95942793311,-4.63611527752,0.589079477302,41.50000000000032
807,0.540849724608,-8.18477684456,10.6307282237,7.46095836764,41.50000000000032
808,0.467465059297,15.4290064202,1.18195183831,-6.99945806437,41.50000000000032
809,0.701125901142,-35.3972436107,-20.6320707439,16.9552164333,41.50000000000032
810,0.117679864734,3.93330704558,-5.92790767933,-0.281189699713,41.50000000000032
811,0.501105850233,2.61967786,-6.0619872509,-6.24662970098,41.50000000000032
812,0.252499972249,2.48151331943,-5.56561185334,-5.97531913596,41.50000000000032
813,0.236389059764,8.9631685136,5.79141672192,3.59685555154,41.50000000000032
814,0.22730927594,7.31103566097,-1.01816100627,-8.42503006755,41.50000000000032
815,0.196435025955,0.40909979967,-3.66564305902,-6.0580236422,41.50000000000032
816,0.339742653203,6.42147840013,11.2199599919,45.0870895089,41.50000000000032
817,0.549384628838,8.77318446697,-11.5544253492,2.75418815121,41.50000000000032
818,0.196194094393,-4.23324019139,14.4303305274,-4.37691496263,41.50000000000032
819,0.275806500922,0.818312720054,-3.54971934315,-4.54928716352,41.50000000000032
820,0.233530539392,-9.12650662201,-11.5889820366,-4.78351033512,41.50000000000032
821,0.205339216433,1.68280721048,-5.79303257984,-2.96305691131,41.50000000000032
822,0.524527679893,6.01053572011,-11.1310294754,-2.11557955086,41.50000000000032
823,0.114382461434,4.5818729427,-3.75577977142,-2.37052616614,41.50000000000032
824,0.610108562099,3.28402460452,-4.39482586133,-7.01533824583,41.50000000000032
825,0.255834243472,-11.7135893414,-8.67523747338,4.71112157229,41.50000000000032
826,0.176940452279,1.09672925936,0.519412812778,-1.92237735872,41.50000000000032
827,0.874048731874,53.6747803008,67.3138758979,7.77948669899,41.50000000000032
828,0.155956329612,-39.5437625359,-0.161710247222,-25.566621024,41.50000000000032
829,0.180687726468,5.11806999977,-3.62863566244,-5.13009223462,41.50000000000032
830,0.745189809841,0.868362087463,-5.29376406241,-5.84883291437,41.50000000000032
831,0.134667031096,1.76312962765,-5.77435389069,-5.10757903739,41.50000000000032
832,0.523654749968,0.602134080104,-7.71085629026,-7.91454278594,41.50000000000032
833,0.367837198546,-2.76562209733,4.93724877209,10.1973546608,41.50000000000032
834,0.287787734501,11.9822936435,-23.5635299603,-21.5113814582,41.50000000000032
835,0.179685497011,5.45150563202,8.9146336355,17.1751186275,41.50000000000032
836,0.226725994639,-4.40610112204,27.6892896577,7.95083968613,41.50000000000032
837,0.219537221122,4.99101107825,-7.8969697743,-6.31390957606,41.50000000000032
838,0.137344361369,-4.31592508633,0.563592820778,-11.5116842593,41.50000000000032
839,0.231295171331,24.6287105161,-8.79833760955,-19.9433345843,41.50000000000032
840,0.570453339396,8.2893177586,-1.75620337094,7.45150505549,41.50000000000032
841,0.881039460216,2.75403046603,-4.35338496693,-4.47395949869,41.50000000000032
842,0.138048871823,9.20590536576,6.33673517007,2.15972741377,41.50000000000032
843,0.390206307303,2.93012778755,-5.25996354852,-4.88869891071,41.50000000000032
844,1.05741597035,0.364151778607,-1.44121685052,-8.96301610859,41.50000000000032
845,0.606949047253,-5.40049139781,5.77599740099,-5.26332658049,41.50000000000032
846,0.743676710734,2.80542179323,-5.4130509721,-5.05577795408,41.50000000000032
847,0.552686862628,26.5115237365,4.53511711046,-16.0613775256,41.50000000000032
848,0.158516665435,7.54664577859,4.55956085358,-1.66528239223,41.50000000000032
849,0.238888048216,18.52308368,5.09869103408,6.03527994572,41.50000000000032
850,0.326448518754,-7.95000460208,0.14693281376,20.7402185074,41.50000000000032
851,0.108849838283,1.34393861333,0.00446128705517,-2.31992658057,41.50000000000032
852,1.52032609966,3.93240353697,-13.4082399753,2.22278400352,41.50000000000032
853,0.127677283307,-2.42222365285,34.0733719705,-3.34971175831,41.50000000000032
854,0.151300010558,-4.06231640812,43.7200927722,54.8733235832,41.50000000000032
855,0.148493102607,-29.1190390304,8.53931029626,15.4666798195,41.50000000000032
856,0.175055436324,-1.18576316497,-4.80080665622,15.0822288747,41.50000000000032
857,0.439640945828,4.34478706212,-6.51754792387,-0.0984027968628,41.50000000000032
858,0.83879875038,3.8326400411,-5.27866303958,-4.84665045564,41.50000000000032
859,0.119656382716,-6.40047932913,-4.01198591522,-5.36254531152,41.50000000000032
860,0.579289290303,6.10178565502,-2.71526102273,-4.64097897902,41.50000000000032
861,0.471024390547,-3.73029378482,-14.421167497,-7.01332007591,41.50000000000032
862,1.66879487454,-4.89086983883,3.73739920604,5.00225084066,41.50000000000032
863,0.333070446595,-4.11852867851,13.879134039,2.40713430722,41.50000000000032
864,0.809037929346,10.0615646041,-5.36397229829,1.46257287469,41.50000000000032
865,0.241704529418,2.44271668061,-5.65684352223,4.67938815671,41.50000000000032
866,0.860906136841,-1.3770653644,-5.67206790843,-0.0240106756679,41.50000000000032
867,0.265333640802,-3.35914609708,-17.9801195403,1.62763378819,41.50000000000032
868,0.457181831996,-18.9911440546,1.97397197675,-14.9513386582,41.50000000000032
869,0.260353139615,2.2513482367,-3.96454100428,-4.55603935596,41.50000000000032
870,0.540164761377,-0.411340644577,-5.19863327159,-3.07063040275,41.50000000000032
871,0.148085390962,8.93677090305,0.506225288266,-3.61068746293,41.50000000000032
872,0.255116642569,14.5460702224,-17.6466518528,-7.341615412,41.50000000000032
873,0.168851575554,-8.52680001732,35.2156421708,1.62011742523,41.50000000000032
874,0.128392126309,1.70467159718,-2.8303185718,-4.34864657413,41.50000000000032
875,0.293191476749,-6.74246641571,3.99004179992,-6.56474648057,41.50000000000032
876,0.37439134519,0.633291925682,-7.23073949975,1.24088445933,41.50000000000032
877,0.683467359217,-8.56714813816,-15.6225815656,-4.89516261358,41.50000000000032
878,0.19210901094,1.53698389635,-24.9667210315,-5.15857492389,41.50000000000032
879,0.400194478017,8.90006588798,-11.1272367366,13.0227887803,41.50000000000032
880,0.190884821633,1.02766215766,0.530104063783,-6.32009402468,41.50000000000032
881,0.537207300026,7.37170381572,13.4663986822,-7.8146580399,41.50000000000032
882,0.104271171162,2.50268845441,6.09504289958,-7.28869233536,41.50000000000032
883,0.101698431279,-28.4546852628,20.6350977797,-1.09703904403,41.50000000000032
884,0.270010602355,1.40545025105,-4.5867866302,-5.91468037927,41.50000000000032
885,0.266249769174,2.57848003004,-4.62328047515,-4.49118006625,41.50000000000032
886,0.601639186928,-9.30371581621,-4.84426469102,-11.3368975688,41.50000000000032
887,0.389492285335,3.9491663735,-1.78853290121,-2.87273107475,41.50000000000032
888,0.189259720546,13.6097710612,-8.30519275654,-0.0343017533248,41.50000000000032
889,0.127766889862,12.7449702533,-8.0206660692,-13.0485324484,41.50000000000032
890,0.314515449247,-5.87398634033,13.9209438437,3.95925591446,41.50000000000032
891,0.12097862669,2.00612467958,-5.29799014217,-5.52856628922,41.50000000000032
892,0.626561144292,-0.0405455007468,5.73601266495,-28.6954052649,41.50000000000032
893,0.16882708529,9.62199552981,-2.88678521863,-13.3008984265,41.50000000000032
894,0.197271669085,5.0996700611,-4.05240571034,22.1881768033,41.50000000000032
895,0.20904847453,43.2910825046,3.58262847964,-7.93518668906,41.50000000000032
896,0.120933326634,-12.2045445167,-4.33850633772,3.69467003329,41.50000000000032
897,0.337933241177,2.06768075928,-1.26678892958,-5.76876260801,41.50000000000032
898,7.55249085501,1.86325605541,-4.42247565861,-4.77658322222,41.50000000000032
899,0.160332427098,-9.33858025629,4.42632919563,2.99312521484,41.50000000000032
900,0.288844841311,3.5063677501,-5.36137290094,10.4047520694,41.50000000000032
901,0.424685680964,1.68917415131,-4.86228328996,-3.54943691993,41.50000000000032
902,0.920191935145,1.39574453753,-4.54421765646,-4.60927314584,41.50000000000032
903,0.259343549958,-7.92800321135,22.2793546989,-7.42152337673,41.50000000000032
904,0.146626153103,5.42680220579,-6.7781858941,-4.55073406639,41.50000000000032
905,0.652204069369,0.400986122369,-1.07767665644,0.610450930764,41.50000000000032
906,0.406233807671,-12.4681171336,14.9522032266,-0.377318079667,41.50000000000032
907,0.155657793888,-3.63544509571,8.72592907487,3.95489049142,41.50000000000032
908,0.156039537158,-4.02775266418,15.7322802357,5.23301357157,41.50000000000032
909,0.866510768808,-9.44366479203,13.2364636231,33.3738912071,41.50000000000032
910,0.528877912398,1.45342246583,-2.71554391345,-2.85679562262,41.50000000000032
911,0.30215046264,3.99273618176,-6.02329221671,-2.95360939629,41.50000000000032
912,0.151993276042,-2.64630832818,-7.64246445277,-1.4580846926,41.50000000000032
913,0.402712549547,1.66420705934,-2.9971110284,-3.67205237929,41.50000000000032
914,0.354512179299,3.02377663565,-1.06272107532,-1.51710325617,41.50000000000032
915,0.201175142673,-0.779599065029,-2.88691704156,-7.90274130772,41.50000000000032
916,0.18752339897,-9.18390869127,5.52847167601,12.7392259214,41.50000000000032
917,0.278706363421,1.66062439488,-5.53697450297,-2.71735919946,41.50000000000032
918,0.206496962747,3.43702780809,-3.00246718348,-5.85984318755,41.50000000000032
919,1.35322969483,-1.69092418075,-8.40654493167,-6.89852669514,41.50000000000032
920,0.569508019823,1.06696374381,-6.53693761978,-7.04436414859,41.50000000000032
921,0.196328615576,8.62600098612,4.50873768063,-4.52768545367,41.50000000000032
922,2.94737069563,-6.59842925671,23.9930180573,7.45975813381,41.50000000000032
923,0.31265606344,0.60262377069,9.47843348336,4.46917142314,41.50000000000032
924,0.127212345002,2.23898071993,-7.77489300606,-4.86913837344,41.50000000000032
925,0.523458404969,3.29880218151,-5.55002089685,-3.09518782989,41.50000000000032
926,0.327479084871,1.06380898225,-5.40512498853,-5.86422825938,41.50000000000032
927,0.777399102812,0.150117257955,-4.73903389,-3.07536301806,41.50000000000032
928,0.117984971275,-1.60247581382,-20.4846282757,-6.8809186374,41.50000000000032
929,0.144579880969,-3.30193780232,-14.1014843867,-5.74263502078,41.50000000000032
930,0.227462549179,-3.31784602899,-7.90022402166,-4.83780415861,41.50000000000032
931,0.462404026278,95.0197046077,-20.5230440091,50.5182668014,41.50000000000032
932,0.891575773368,-0.0461335621813,-2.09834239216,-1.96476318114,41.50000000000032
933,0.113639257091,-5.85397786582,3.53903560861,-3.33819928563,41.50000000000032
934,0.115704680729,-25.7365570266,5.84250452875,-51.0154280135,41.50000000000032
935,0.675477593134,1.53679579393,-3.09884466042,0.0616841543347,41.50000000000032
936,0.724249611635,4.88312221695,-5.67032514479,-8.67232653267,41.50000000000032
937,0.959341737429,2.58934493014,-4.06751979432,-1.44235754035,41.50000000000032
938,0.107317414344,-6.44735707599,-2.23600685347,0.930679263583,41.50000000000032
939,0.396769829306,8.52144473632,7.83429932234,0.738506104541,41.50000000000032
940,0.169663468848,1.3811942971,-2.66609468798,-7.501561468,41.50000000000032
941,0.299334380292,-1.02310077809,-5.46593418851,-0.180769977557,41.50000000000032
942,0.83648807178,2.10595985585,1.49558333301,-8.00668863095,41.50000000000032
943,0.109017654894,2.25995604652,-6.29543172168,-5.02173701989,41.50000000000032
944,0.108635696339,3.27805989119,0.568863831901,-7.36263839391,41.50000000000032
945,0.844931101337,1.35371078425,-7.46747775913,-3.39928704704,41.50000000000032
946,5.52843406659,2.44237735588,-4.58086157719,-5.81716561002,41.50000000000032
947,0.167620069459,-20.2152580278,-1.29426843364,-1.50882593449,41.50000000000032
948,0.115004121795,-21.556393642,-6.78200050009,-3.08607750654,41.50000000000032
949,0.25860467045,-17.1856701767,-4.3848147059,-14.9383511187,41.50000000000032
950,0.590006590634,19.3726608346,-33.3817746022,-20.1741434017,41.50000000000032
951,1.56980012583,29.9448975591,25.3368131379,26.1110616884,41.50000000000032
952,0.636614547504,16.1195723458,1.10915575631,-7.60975806525,41.50000000000032
953,2.73781545708,7.31404917955,-11.194193086,-4.78101205216,41.50000000000032
954,0.260897976655,2.31092598391,-4.69068340886,-5.89854364538,41.50000000000032
955,0.38519094894,-21.7676818785,-9.33492505891,-40.6526476551,41.50000000000032
956,0.211174175606,2.58134104065,-3.93109478068,-7.40506696974,41.50000000000032
957,0.346267899148,1.4584406556,-3.56871512571,-5.54453014991,41.50000000000032
958,0.104966809471,9.40490833366,9.03349022927,20.7081952913,41.50000000000032
959,0.1234404408,-15.3178256209,24.6207051397,-46.5394772427,41.50000000000032
960,0.262428943292,4.93380073721,-7.6194544208,1.08662114488,41.50000000000032
961,0.289470788601,-0.995599301678,-6.02427477248,-11.0644981793,41.50000000000032
962,0.551677086091,2.80015100087,-5.33882614665,-3.92850748469,41.50000000000032
963,0.12606288486,15.9765502986,-16.5673941369,-0.11709865935,41.50000000000032
964,0.627949212222,12.185612549,-20.1136442933,5.02407398721,41.50000000000032
965,0.239880094471,-0.836427244439,-4.7647815453,-3.04887380996,41.50000000000032
966,0.359249732167,-0.632248776369,-0.890576553085,-3.28532161414,41.50000000000032
967,0.333003763212,-6.25348381171,-3.81275865103,21.3551391129,41.50000000000032
968,0.322536537058,0.644911097786,-6.49233346117,-2.71879755743,41.50000000000032
969,0.742682872317,-0.664813544671,-5.24150418257,-2.86211810295,41.50000000000032
970,0.652210831295,9.29439947232,20.9935435019,0.884001072299,41.50000000000032
971,0.327396585369,12.3043712829,5.92649567537,8.4387132282,41.50000000000032
972,0.212886799023,1.69739636539,-4.54528873153,-7.57359818862,41.50000000000032
973,0.172286867251,-6.2448771408,12.3970227464,-7.09755001505,41.50000000000032
974,0.158397501683,6.70493979257,-19.4801689799,-10.0874694843,41.50000000000032
975,0.393304854277,3.04533338758,-2.03655120411,-5.08943881389,41.50000000000032
976,0.427133399115,-1.32606566612,41.0288902724,-10.1079354627,41.50000000000032
977,0.774549156179,-38.6912697564,47.8392084251,10.97731228,41.50000000000032
978,0.469919494762,2.31151394335,-3.33743250748,-12.3355584314,41.50000000000032
979,0.197899010064,2.45692851193,-7.20039783813,-7.18872200026,41.50000000000032
980,0.149744524066,1.85791310705,-3.24238053289,-8.76133305642,41.50000000000032
981,0.160483281582,-0.506559443609,-5.9720290448,-1.46698780396,41.50000000000032
982,0.422143310241,2.49212963572,-2.31160937033,-5.15249640571,41.50000000000032
983,0.63668357452,-22.535838787,17.2077121518,11.9403029579,41.50000000000032
984,0.287060986853,-6.59402163301,-7.71721850682,-5.94348964565,41.50000000000032
985,0.124577306991,16.1866554455,22.0534560058,23.9316415022,41.50000000000032
986,0.282512351328,8.04049961933,-12.7822507435,-15.4669600646,41.50000000000032
987,0.34710825472,-2.25473071517,-6.04964671686,2.76049098948,41.50000000000032
988,0.294221645338,0.310987043481,-5.11753187132,-3.31867957685,41.50000000000032
989,0.20803066406,3.06106031556,-5.03804770725,-4.7294039902,41.50000000000032
990,0.16230860201,4.81090826811,-6.57683190006,-8.78535314706,41.50000000000032
991,0.572164360664,4.65379165922,-24.067229135,13.526405306,41.50000000000032
992,0.116022630463,11.0200765561,-10.7417094005,-9.79732432416,41.50000000000032
993,0.140882347662,1.22975027335,-4.32916152629,-1.51358293105,41.50000000000032
994,0.117001024387,1.67228990679,-5.53624193405,-2.73917873671,41.50000000000032
995,0.100506126536,-3.95457123968,-4.94618602431,-8.19166512584,41.50000000000032
996,0.499129025789,-1.74974840023,7.95563174342,-8.15930006887,41.50000000000032
997,0.873554669994,4.87504537667,-4.92701732525,-3.13725833306,41.50000000000032
998,0.655436489436,4.42506494797,5.48203846694,-5.7821186229,41.50000000000032
999,1.02423461796,4.61580966434,-8.94160495985,-7.08905135095,41.50000000000032
