Star_ID,Mass (MSun),X (pc),Y (pc),Z (pc),Simulation Time (Myr)
0,0.664645968667,1.62396050571,4.45182356254,7.2184922887,67.20000000000046
1,0.176106350635,8.88891241016,14.4274970262,-0.320622207205,67.20000000000046
2,0.133472551701,-0.481819157628,4.68451178926,7.49423335578,67.20000000000046
3,0.311526026394,3.29702096506,3.29141484494,5.47072709296,67.20000000000046
4,0.863358519504,-12.014669215,-11.7768870825,16.6881941933,67.20000000000046
5,0.130218878426,7.5475038407,5.20937129965,6.16845979416,67.20000000000046
6,0.527375848212,3.41738194728,-10.6133956049,8.89302123405,67.20000000000046
7,0.11643305518,-6.17588434652,-26.9007623205,4.81065485388,67.20000000000046
8,0.116423572209,5.33656040867,4.60351960453,7.19849332656,67.20000000000046
9,0.518072904463,4.56377549516,9.25807502721,12.8691490215,67.20000000000046
10,0.18688751079,16.9903520554,12.2830279171,9.28836258525,67.20000000000046
11,0.980960619458,4.89658455475,6.27851117459,8.66987164803,67.20000000000046
12,0.110742003073,2.66584120678,3.85048875709,11.5143664786,67.20000000000046
13,0.446714314292,-1.01906258779,10.8449202053,6.21920418167,67.20000000000046
14,5.23608515948,3.82421182828,4.96899770394,10.9514864737,67.20000000000046
15,1.64259480158,2.71971332554,6.40321434762,8.60861559667,67.20000000000046
16,0.401344505869,1.95382787705,14.1464280051,5.78855104334,67.20000000000046
17,0.205359169783,6.66560853787,6.83503075351,7.15588171136,67.20000000000046
18,0.647312763962,-11.9285058812,0.188806517398,3.02669964279,67.20000000000046
19,0.59863447696,6.00175404466,4.1950477089,12.4424510701,67.20000000000046
20,0.19878489223,9.34302308882,7.93203636565,9.72207566743,67.20000000000046
21,0.405756418513,11.0766221849,-4.58672488917,-13.0049232829,67.20000000000046
22,0.105023228638,9.74044849566,7.74184230211,6.05858669829,67.20000000000046
23,0.657384411728,4.20523632077,-0.992700618628,6.54579281995,67.20000000000046
24,0.120625114885,16.308427981,12.0804724232,11.143617867,67.20000000000046
25,0.236800175111,2.22351168574,6.37403813093,10.6413521178,67.20000000000046
26,0.293480539827,5.13320870028,4.10721482539,8.68882253728,67.20000000000046
27,0.392472855765,4.74300331456,8.06383206048,7.68718524231,67.20000000000046
28,0.212420275534,10.5820088259,0.766246041902,9.12664736358,67.20000000000046
29,0.124558053246,6.63429093927,7.68424101162,6.94035083437,67.20000000000046
30,0.341296064831,4.96713848055,5.91285540126,4.2960572653,67.20000000000046
31,0.928898022618,4.35412698647,5.34106175804,8.18241500946,67.20000000000046
32,0.549315177226,6.99186551766,6.02015318823,7.21522271957,67.20000000000046
33,0.248187013695,5.40556219501,2.03426074921,7.51582222574,67.20000000000046
34,0.139765028064,4.1761733919,9.62710644549,9.27387641851,67.20000000000046
35,0.103280471571,-0.0733751150504,6.59369815456,7.98395844353,67.20000000000046
36,0.653645856851,13.6629210084,8.18486835995,3.04472230941,67.20000000000046
37,0.473595726147,3.47781995169,7.05825992175,9.458778033,67.20000000000046
38,0.107462525669,6.91958521726,3.28204274205,7.91404946554,67.20000000000046
39,0.100149505419,0.855984240162,1.38927061484,21.1394833783,67.20000000000046
40,0.154084478589,6.23342132739,6.01192837346,3.98545150478,67.20000000000046
41,0.489618107383,5.54433109843,2.95922450316,6.17171043918,67.20000000000046
42,0.481124035109,3.66180946741,4.27883820847,7.18339440674,67.20000000000046
43,0.13378681282,-33.0342705863,0.729685960345,-13.8957073218,67.20000000000046
44,0.123338483162,65.3017234601,-135.511289711,24.2116938657,67.20000000000046
45,0.132063730049,14.0985049941,26.8982031886,0.943622586092,67.20000000000046
46,0.727178362273,3.28243451663,-17.0331751487,7.87007807851,67.20000000000046
47,0.129713216534,2.58732399199,-1.13783746769,13.6234653474,67.20000000000046
48,0.382674815016,4.26748230713,4.28815308532,8.7047749778,67.20000000000046
49,0.843199067833,5.77970190974,4.51245993366,8.89420998982,67.20000000000046
50,0.200245543234,4.61782447349,8.2475847795,6.78850285421,67.20000000000046
51,0.123650607272,4.08612171168,7.47185878077,9.99763569722,67.20000000000046
52,0.74602631279,2.4490710395,2.29637402879,0.550882491914,67.20000000000046
53,0.112766373076,8.00828804642,11.8578169536,1.44321095191,67.20000000000046
54,0.831319070737,4.69612704604,6.54673817017,8.96948064533,67.20000000000046
55,0.120013990425,3.39491345526,6.08495224619,6.45458530946,67.20000000000046
56,0.661990670819,5.70945079784,4.8064048241,7.36758073716,67.20000000000046
57,0.129608399682,33.6510745299,-14.9108197334,-16.6852215502,67.20000000000046
58,0.202327491647,3.5097313764,5.67093336569,9.07503474529,67.20000000000046
59,0.144897748648,6.82442396184,4.5324368351,6.18629292186,67.20000000000046
60,0.244426786877,2.3162087565,4.00603633891,8.58664669844,67.20000000000046
61,0.356818246064,-9.41802204756,27.264671682,12.717403797,67.20000000000046
62,0.779551932483,4.00310846471,8.60661989767,5.67294346637,67.20000000000046
63,0.208816196,5.07401894961,5.63664235481,8.45607571381,67.20000000000046
64,0.415039226334,28.6911652818,-19.9908637162,-11.734281756,67.20000000000046
65,1.18529273607,4.76889119014,6.04603703316,8.84210558527,67.20000000000046
66,0.357012722815,3.3071561814,2.38692289916,5.2748103683,67.20000000000046
67,0.132041307234,4.39731382802,5.69994282943,8.06101283169,67.20000000000046
68,1.12598369045,1.95912458563,2.16451588698,5.76862745391,67.20000000000046
69,0.237902894202,2.97483383838,6.95273620009,10.0082243345,67.20000000000046
70,0.248218654418,1.76838728818,2.28939811951,10.027150092,67.20000000000046
71,0.113743450837,-0.306615912968,8.47035463959,6.13655147316,67.20000000000046
72,0.125909437192,4.29935182059,4.86830178897,10.1840691625,67.20000000000046
73,0.116809122164,8.99026385414,5.91278427337,7.66756206829,67.20000000000046
74,0.14092702584,-16.5344703945,27.6618477823,-14.6162885007,67.20000000000046
75,0.132065616477,2.28047791732,6.14032254599,13.4897092604,67.20000000000046
76,0.207770198043,12.5591365673,4.17266377654,21.365014448,67.20000000000046
77,0.831531847383,8.26179616653,8.79494648668,10.4715983398,67.20000000000046
78,0.101621543042,3.11205498176,5.02242950819,7.77279487159,67.20000000000046
79,0.149239037658,30.3918147696,-25.5271758483,5.52153889735,67.20000000000046
80,0.115485220342,18.8936175463,-6.54848606045,-33.8487632738,67.20000000000046
81,0.765151890324,-17.427001219,-27.0705617563,-7.38097450906,67.20000000000046
82,0.256155274505,1.01232849076,-0.80924425768,-8.05993224267,67.20000000000046
83,0.119694147913,10.3453010504,-5.53368287286,23.9737442627,67.20000000000046
84,0.886671904246,4.53313040749,4.5087552653,9.68167031856,67.20000000000046
85,0.333701642101,3.56983301293,6.51418573058,8.51020827928,67.20000000000046
86,0.432937651643,42.4220565149,40.5287910488,6.90756527648,67.20000000000046
87,0.186922183277,5.79525785171,9.49081749902,13.8254590825,67.20000000000046
88,1.91419122175,54.4436221144,14.2638816549,15.6822355857,67.20000000000046
89,5.89951251075,4.52305262368,6.50832514802,9.09393178219,67.20000000000046
90,0.229506024686,4.4681834797,49.3511574397,-16.9228403858,67.20000000000046
91,0.34929492847,-14.1932582636,-11.5237661237,2.3662946276,67.20000000000046
92,0.11176732282,-12.3296367721,27.96036274,-17.4605375097,67.20000000000046
93,0.24971030222,7.08843680109,7.39535703958,14.9773953706,67.20000000000046
94,0.305703293152,4.60136216062,4.95463336786,8.62171931016,67.20000000000046
95,0.199939577199,3.43007537441,3.8433710237,8.70840545195,67.20000000000046
96,0.107364600173,29.7028643184,8.1086360571,30.4026775423,67.20000000000046
97,0.277185870214,5.24548050712,4.8620141089,9.24310921178,67.20000000000046
98,0.134766682754,12.9978820233,7.02162953043,20.8622362001,67.20000000000046
99,0.136030810176,1.98624669149,-17.7870042589,-4.67917365383,67.20000000000046
100,0.259421278613,4.59713023011,6.80810187277,8.3452937255,67.20000000000046
101,0.398464332092,6.94338868169,6.69315175068,11.6787245611,67.20000000000046
102,0.14960700441,-0.358544259157,9.30527968386,-12.0936539026,67.20000000000046
103,0.201097398752,-5.41623269884,-8.62835725076,28.2649463386,67.20000000000046
104,0.128199170066,-4.73782043943,54.8849296645,-41.4987938724,67.20000000000046
105,0.284891745456,9.70707327721,7.08198099818,8.65311605609,67.20000000000046
106,0.366150128309,6.90040406161,4.20936350169,8.09585113498,67.20000000000046
107,0.213976076584,5.6384382056,6.52855981976,7.56764729516,67.20000000000046
108,0.232744295329,2.8220687573,5.07450159548,6.41237926456,67.20000000000046
109,0.276293302478,4.06023534159,1.64036017728,9.38819081426,67.20000000000046
110,0.136821684054,16.1640176131,-4.02684176673,13.0697844053,67.20000000000046
111,0.511354622897,-2.2811540673,8.80028425857,10.8135796529,67.20000000000046
112,0.251120765593,3.28380944793,29.7742738501,9.02726123533,67.20000000000046
113,0.551624133593,-68.3896627287,-43.6971860118,-12.1441144464,67.20000000000046
114,0.411684812332,4.33868558151,3.28686965714,8.69794113407,67.20000000000046
115,0.225257044539,4.94048193408,4.84513426625,7.10429490159,67.20000000000046
116,0.107648724066,5.06826439753,8.35754064538,7.57538975035,67.20000000000046
117,0.10294665155,6.61689479986,4.51632256966,9.05725071443,67.20000000000046
118,0.175213978162,6.62211534914,5.11580969179,8.55950852916,67.20000000000046
119,0.46347570644,38.8792003761,5.63614110253,6.73100402381,67.20000000000046
120,0.209662841031,25.0740386083,41.6871696946,-21.3956842848,67.20000000000046
121,0.342244818893,3.81735584725,1.09712253952,9.59757111088,67.20000000000046
122,0.19466977911,5.35186643507,7.51057497719,4.88247546359,67.20000000000046
123,0.338227710536,3.53153907187,8.34797142803,7.87585793455,67.20000000000046
124,0.766680485323,1.68123980691,8.39451879049,7.24469405461,67.20000000000046
125,0.100047022704,4.20787598827,4.742268048,8.58763166776,67.20000000000046
126,0.252212705695,6.01432480144,5.96201853722,8.74615075025,67.20000000000046
127,0.307113745452,6.49677265673,0.785717220107,9.32798451204,67.20000000000046
128,0.281388765784,5.22810988225,2.51953617079,12.1544721208,67.20000000000046
129,0.161339296147,6.32003349459,7.29159951332,11.1163646837,67.20000000000046
130,0.3677412225,-26.1937316207,-24.9325074691,-10.0994677598,67.20000000000046
131,0.102159356257,5.50864049066,2.02654861702,7.23049459105,67.20000000000046
132,0.240657621839,3.78741618935,5.7168937397,2.74518922386,67.20000000000046
133,0.114284656912,6.14411562497,2.42299542241,8.52872245323,67.20000000000046
134,0.229060479889,5.30414804198,8.45345371854,5.87495332954,67.20000000000046
135,2.53021308996,4.66302358761,8.00230081599,6.99274344465,67.20000000000046
136,0.386002633834,18.2232722584,-7.84197643491,-4.12063171048,67.20000000000046
137,0.43428075455,3.43596454858,0.237636847351,4.88883537636,67.20000000000046
138,0.211388607523,-0.908940053799,13.8548065269,18.4788945926,67.20000000000046
139,0.164442267824,25.3085140178,3.97530319656,1.86690612392,67.20000000000046
140,0.135485495938,4.11099708725,6.28398030135,8.71922038112,67.20000000000046
141,2.527689793,-1.99316905155,-0.0360341454155,4.95854158803,67.20000000000046
142,0.179023010764,-0.839383692138,7.46341064164,13.7294155986,67.20000000000046
143,0.347067911076,4.35733988874,5.06159417152,6.54542977503,67.20000000000046
144,0.38984857775,-5.16496448277,6.25607957184,8.72739447032,67.20000000000046
145,0.410958063759,0.226094082976,4.76560452896,3.06412165484,67.20000000000046
146,1.11725942036,-1.19325032438,5.43257383655,9.70752929629,67.20000000000046
147,0.6622266863,3.41129831569,8.26017562076,8.56316162092,67.20000000000046
148,0.118144884901,0.03883732858,7.13481754359,6.69771661251,67.20000000000046
149,0.109300891393,3.72071548244,4.39469541701,9.72231336614,67.20000000000046
150,0.899244207916,5.84950549311,5.32810198713,7.89839702826,67.20000000000046
151,0.198739192256,4.87708701724,2.0338822471,12.4286802914,67.20000000000046
152,0.220212871833,30.1532266071,15.0987705955,17.3201014887,67.20000000000046
153,0.262580763257,6.39768175427,5.86606768979,3.80249953212,67.20000000000046
154,0.322966786626,-6.42852641503,-23.5190661797,-72.109900659,67.20000000000046
155,0.188097370873,4.82386620893,2.45993914213,8.604482353,67.20000000000046
156,8.7003646572,1.12134168247,5.39643877297,7.24466833248,67.20000000000046
157,0.117980940851,-9.44843352099,-7.09719932718,-24.0623684992,67.20000000000046
158,0.135553516634,9.86697646111,2.80678863979,20.1126901755,67.20000000000046
159,2.25704271318,-26.907805215,-59.6043823993,-17.7258277024,67.20000000000046
160,0.307240778422,25.848401385,6.54809781018,21.3864893148,67.20000000000046
161,0.1103850603,2.59284219926,8.053117243,7.86291806572,67.20000000000046
162,0.256898452941,6.42318143533,10.3969482597,6.96805406131,67.20000000000046
163,0.480420090892,3.71696810273,3.02517580359,16.880162016,67.20000000000046
164,0.24750449586,5.41448483776,3.99872508232,8.43554877411,67.20000000000046
165,0.104207374023,3.47567832715,5.74909751899,8.30342902295,67.20000000000046
166,0.159382974481,4.61095564305,6.26426411978,5.49799553131,67.20000000000046
167,0.233176416846,-1.8206492788,6.26046314362,12.9062631011,67.20000000000046
168,0.39567013842,-3.30779186198,-2.79605510944,-0.598809135631,67.20000000000046
169,3.27095831658,3.89997835291,6.41090316135,8.82719572974,67.20000000000046
170,0.173621383301,4.66733938822,4.76180161146,4.08244855932,67.20000000000046
171,0.440482587706,6.59656925519,6.75316016698,7.927496648,67.20000000000046
172,0.119283324681,0.157120740793,7.01422912131,7.92167708196,67.20000000000046
173,0.366425413069,4.77420651478,6.94709098922,7.69646957783,67.20000000000046
174,0.317940657019,3.78109135186,33.4925155362,4.32938319985,67.20000000000046
175,0.170603364839,39.4990383826,20.9454312228,51.4104858644,67.20000000000046
176,0.145530125992,3.49561753182,8.79506227426,-2.99975718523,67.20000000000046
177,0.182616503927,8.70118205635,5.36593432361,-1.99194210515,67.20000000000046
178,0.109263690704,2.00181267571,7.57034726858,8.26727755263,67.20000000000046
179,0.11620251321,11.2642387491,-10.0696429811,-17.7151782697,67.20000000000046
180,0.367709017478,-72.8588429037,-11.4104220636,-63.7556761233,67.20000000000046
181,0.585850261123,3.95749047216,-2.20097255944,5.02305211508,67.20000000000046
182,1.06748484612,-0.532202129607,7.77864143456,6.51517133171,67.20000000000046
183,0.170851768189,3.11263475038,6.00823840541,8.02577205356,67.20000000000046
184,0.515926577819,3.36339110571,5.91853512729,8.79353708355,67.20000000000046
185,0.292319020987,-48.6382093064,38.8023709717,-0.697764825955,67.20000000000046
186,0.171533484241,8.72457477863,8.07328687477,11.6534039329,67.20000000000046
187,0.133375749305,5.09251493947,3.71306126221,10.9263545187,67.20000000000046
188,0.300008619278,-20.3442846932,13.9134606148,-10.9187003759,67.20000000000046
189,1.35799262839,12.3774232965,6.04377045041,4.46415197465,67.20000000000046
190,0.127128497016,33.5175411659,-15.7766667809,-73.5686685239,67.20000000000046
191,0.320746368673,35.1422642852,-11.2210601767,-12.4704701894,67.20000000000046
192,0.633035304709,-15.4661466036,-17.1389796614,-26.9084007981,67.20000000000046
193,0.166192980261,7.62746726772,5.86805434039,5.4615389911,67.20000000000046
194,0.52322421015,-16.6369900346,20.1525744206,-80.4337151687,67.20000000000046
195,0.13355206747,5.01264602217,5.05418834607,15.9983735831,67.20000000000046
196,1.86997784275,2.80550184653,6.77009402144,6.52677567572,67.20000000000046
197,0.139191420274,3.93139345016,4.69884168224,8.42443769525,67.20000000000046
198,0.412874836968,3.64965741224,2.55205022459,7.59437201852,67.20000000000046
199,1.15912586798,5.16541584163,2.95161110143,8.91138363746,67.20000000000046
200,0.544556719657,4.86107720833,5.65168242061,8.38556236166,67.20000000000046
201,0.173072497419,3.08202482965,9.24826909584,7.44922996754,67.20000000000046
202,0.115998532613,-12.9776301458,9.70332355476,26.1662431823,67.20000000000046
203,0.333286027413,4.06439087536,7.57892080683,5.60096908017,67.20000000000046
204,0.593782743452,-17.141702982,8.5024994038,49.3581548895,67.20000000000046
205,0.132553222622,9.99582912886,5.55173122497,8.86709090299,67.20000000000046
206,0.297917318829,4.60305654308,3.68376846602,5.88189883086,67.20000000000046
207,0.357422441003,5.69070570723,4.9827305772,6.85499011749,67.20000000000046
208,0.236141623505,13.2007039867,15.9785008097,57.4392144501,67.20000000000046
209,0.328021749464,13.5210508247,-1.4401393584,-1.83385342768,67.20000000000046
210,0.203979810261,6.19995355586,7.28793798957,5.86932807301,67.20000000000046
211,0.458773982007,0.953708660506,9.07044267781,11.5542001917,67.20000000000046
212,1.68834154699,6.82473045399,6.77745899211,9.33801982275,67.20000000000046
213,2.2491327642,5.5917113004,4.51598893909,8.3840113213,67.20000000000046
214,0.278362574291,10.0406602596,8.1669395985,8.73028314847,67.20000000000046
215,0.165814657893,5.52559158135,1.7335137082,7.18605917975,67.20000000000046
216,0.1227224578,3.33975621364,4.82361816826,13.02406974,67.20000000000046
217,0.527387671241,6.85747671148,5.67857278679,6.13622943685,67.20000000000046
218,0.107979279506,8.56557771164,8.25882608129,11.2420914588,67.20000000000046
219,0.186003564383,2.78594788374,12.0185877505,16.8117486203,67.20000000000046
220,0.616095939396,3.53680171665,-1.28457343515,7.58179667037,67.20000000000046
221,1.48899740849,9.91731822397,0.489587066398,-0.760205646688,67.20000000000046
222,1.4686548173,5.79543808406,-0.348411902046,9.86786912089,67.20000000000046
223,0.229423185251,3.67749727006,10.5439825446,6.54926905409,67.20000000000046
224,0.177081861472,5.15811596297,5.90210088513,7.95651296415,67.20000000000046
225,0.192047799869,3.90516747815,4.74961970076,8.30650249381,67.20000000000046
226,0.291182013329,-20.198581466,-10.8200219596,27.2380028875,67.20000000000046
227,0.242534871886,4.7897029862,-44.1760684077,-1.13105915813,67.20000000000046
228,0.132915856578,5.67883877279,7.77730730947,10.1969572454,67.20000000000046
229,0.17926291425,3.82411145343,7.64011141631,6.6983675608,67.20000000000046
230,0.370014115325,-3.83623845441,20.6161136466,-3.88118979687,67.20000000000046
231,0.215258414808,4.30277947886,8.2178129172,8.12452847236,67.20000000000046
232,0.20270589048,19.3004599859,-0.846455076057,113.123771796,67.20000000000046
233,0.150265505299,4.55332012594,6.17140314942,9.68745122207,67.20000000000046
234,0.338260818574,7.10974797289,7.05457215306,4.79830413823,67.20000000000046
235,0.133400080725,4.70631736114,3.04866775303,9.58010342772,67.20000000000046
236,0.303195119787,1.60942421594,11.8725286079,6.50447757461,67.20000000000046
237,0.270918557395,0.0980451905573,12.916238651,3.55833054562,67.20000000000046
238,0.30777795311,-24.4072825712,9.96501115674,3.1864241592,67.20000000000046
239,0.378537989053,4.20575363393,4.55461023147,8.77368989136,67.20000000000046
240,0.223531076218,8.62728724783,14.589451156,23.6707868217,67.20000000000046
241,0.116126172616,4.28275439871,8.95899819775,9.83207417092,67.20000000000046
242,0.31006511357,-6.9268847814,-33.1863966749,-24.8227974027,67.20000000000046
243,0.149386678486,0.480918923798,12.4344461725,5.95321019745,67.20000000000046
244,0.828852886173,4.23387856182,3.70628392097,7.73679936418,67.20000000000046
245,1.46793714871,4.21428995605,-7.66542460108,2.64971414673,67.20000000000046
246,0.48322541876,3.86506812994,6.9316354782,17.6607075523,67.20000000000046
247,0.387692522143,3.16349322485,-8.2647773963,9.81406996163,67.20000000000046
248,0.763082048215,3.91720585776,2.08937850408,3.08026615253,67.20000000000046
249,0.128726380508,3.10917431186,16.6618285965,7.12015145043,67.20000000000046
250,0.102982275934,5.79783691143,10.8432314299,5.51654965491,67.20000000000046
251,0.520780189884,5.47826346158,8.71188873549,6.64759204041,67.20000000000046
252,0.452080015979,-21.2574360895,-42.4422751379,41.6438380056,67.20000000000046
253,3.44405063376,5.51036422317,6.63961786256,6.15063126071,67.20000000000046
254,0.217784987069,5.17567527272,3.85408855251,5.94134898574,67.20000000000046
255,0.110971195085,3.6211264147,6.78712376899,4.6182857833,67.20000000000046
256,0.306457660093,4.2120955082,5.87643731435,3.44604042934,67.20000000000046
257,0.298721062949,5.47205528393,6.22761503173,6.80336077773,67.20000000000046
258,0.382402708654,3.70493269561,2.97878426274,6.49397869502,67.20000000000046
259,0.171183742944,34.4789920932,-21.4549380718,14.3291095215,67.20000000000046
260,0.113154082129,45.9722792034,12.2405730265,20.8776677734,67.20000000000046
261,0.305644109537,-61.3415949442,19.2902016978,-51.2804909448,67.20000000000046
262,0.221904825686,4.46561566262,3.25757652936,8.32590236178,67.20000000000046
263,1.34828779121,8.23508149791,0.834019535175,9.5020255826,67.20000000000046
264,0.137336323979,4.1093949183,4.43810964089,10.0012003515,67.20000000000046
265,0.102989951937,1.61850915875,4.64464541625,4.66799905364,67.20000000000046
266,0.353349728746,24.5252764668,-24.0519120721,-3.93970270413,67.20000000000046
267,0.79916920711,3.0139451591,8.62814927008,9.71938712777,67.20000000000046
268,0.274606845844,8.93657680729,4.61210066222,10.8622450171,67.20000000000046
269,0.56794613012,0.345729709814,8.08749390361,7.01723897204,67.20000000000046
270,0.396965086521,0.645038860263,3.79011728219,6.11048163086,67.20000000000046
271,0.106945191892,2.76884329047,9.15259393997,7.57444009542,67.20000000000046
272,0.345995570572,6.18622665472,4.04976241383,9.423051615,67.20000000000046
273,0.523433764464,7.54218982421,-13.0910102027,3.79729170025,67.20000000000046
274,0.101740555246,0.749738313185,9.80842192231,8.75314335647,67.20000000000046
275,0.432567030496,17.2481601455,9.25819881459,-4.41056729213,67.20000000000046
276,0.549930198694,6.58531573005,8.08322771406,8.4243173497,67.20000000000046
277,0.27836415781,-1.45183338514,20.3578584699,-78.606508166,67.20000000000046
278,0.103765318589,5.90565197771,3.89899103089,3.43657046082,67.20000000000046
279,0.210016106902,2.20421114575,9.53065485396,7.73697752685,67.20000000000046
280,0.232165919354,6.82035224381,7.83845189568,7.64586058312,67.20000000000046
281,0.349092813449,4.57124515818,5.49659218207,8.1772964702,67.20000000000046
282,0.190594063481,6.39897388351,9.52148248876,17.2524592365,67.20000000000046
283,0.151310983698,-7.66518882864,-4.03281432635,9.1286640908,67.20000000000046
284,0.316926092787,0.397521179478,8.28748189779,5.07134307694,67.20000000000046
285,0.1107976514,6.3871902828,4.49094756215,9.33533382976,67.20000000000046
286,2.79891826311,3.20237534119,8.61275313948,9.80146401239,67.20000000000046
287,0.583105241595,-13.9216397368,-3.62805443032,6.62304463297,67.20000000000046
288,0.276432053218,43.5241072852,28.65790257,-20.781013939,67.20000000000046
289,0.595463565175,5.85698693102,6.95270404501,8.26422170205,67.20000000000046
290,0.192465669923,5.68460099551,3.43400284466,7.58765925152,67.20000000000046
291,0.17401998627,7.26285368895,6.2229984553,8.05540816028,67.20000000000046
292,0.500523445205,7.64943141821,7.53352836847,5.58383616494,67.20000000000046
293,1.63580454591,5.11504537989,6.65012087328,9.67702652405,67.20000000000046
294,0.129961393167,4.58988393047,6.45908384214,7.09911636037,67.20000000000046
295,0.473600145964,2.84253300719,4.8999254969,8.06955245692,67.20000000000046
296,0.149346868471,11.6467209515,-6.10844113161,14.5651222563,67.20000000000046
297,0.181880434394,3.76754735312,6.64968510383,9.12397321081,67.20000000000046
298,0.76030400083,5.74897550552,-0.865922248768,-0.800879974238,67.20000000000046
299,0.397796329075,5.03980553518,4.5931874472,5.88104678044,67.20000000000046
300,0.65817234082,9.77067172855,5.59583972977,15.99687723,67.20000000000046
301,1.40271602411,7.25882471573,1.54739084745,8.10671145573,67.20000000000046
302,1.27436622847,0.374768190755,4.63927319266,8.76401135333,67.20000000000046
303,0.315185363114,3.53586638474,-32.3796422349,-15.9810210108,67.20000000000046
304,0.360625700251,5.47008228242,17.8571114893,10.9525367935,67.20000000000046
305,0.480582957559,20.2887858707,19.1030083017,1.06219933818,67.20000000000046
306,0.32635399739,2.84533012756,19.0849047342,13.3312399014,67.20000000000046
307,0.115945672627,3.90603314495,6.39156566945,6.50290078467,67.20000000000046
308,0.463475364997,-21.2235646716,-7.0081037378,-2.66706082671,67.20000000000046
309,1.25646578439,5.27800333822,5.93151674993,7.54649409267,67.20000000000046
310,0.129232401921,5.27366303683,6.1863338986,5.92358068569,67.20000000000046
311,0.553842983486,1.59236976959,11.2026544592,4.04412743198,67.20000000000046
312,1.19631724482,11.4285128614,7.07786035742,6.66832332144,67.20000000000046
313,0.121480342142,2.8437765354,8.87003858455,10.7493717661,67.20000000000046
314,0.377146158567,4.41877575207,8.26072670688,8.20692048559,67.20000000000046
315,1.23454745319,3.26586281803,4.71777216903,7.13945226849,67.20000000000046
316,0.800625528149,4.96109593453,2.84943894845,9.11380471778,67.20000000000046
317,0.125348118628,2.51123994928,5.91194771871,11.473391929,67.20000000000046
318,0.326586413211,3.73583450172,8.1735640222,8.48154302945,67.20000000000046
319,0.428337501997,5.81945038859,2.39614385912,9.82147771101,67.20000000000046
320,0.279127305152,3.49956460399,4.2979928057,8.40869190027,67.20000000000046
321,1.43544144751,4.58546680172,5.29227581791,10.3903785993,67.20000000000046
322,0.116711818851,2.43707301055,6.49019360041,18.0282422149,67.20000000000046
323,0.509846568642,5.58829047846,3.28520482651,8.2593040923,67.20000000000046
324,0.110905336339,-9.11130774099,25.3878913436,17.0752867641,67.20000000000046
325,0.321456342871,4.33865108543,4.74149088052,7.34368970734,67.20000000000046
326,0.160308334488,16.3820108881,14.83875191,5.09609120502,67.20000000000046
327,0.171528006213,5.36442473529,8.1920485419,6.47889136089,67.20000000000046
328,0.211742479635,5.39845147907,6.98749335341,7.25697076021,67.20000000000046
329,0.118992461195,6.88652317267,5.9627308572,7.36567556254,67.20000000000046
330,0.402061989414,-1.9979816202,6.26550784425,6.55691388591,67.20000000000046
331,0.504890651635,2.63972393707,9.45373692155,7.69007001008,67.20000000000046
332,0.529548417851,4.36884969072,5.30047136514,7.9034805063,67.20000000000046
333,0.106448038428,15.0416128469,8.96753118481,8.04135089086,67.20000000000046
334,0.136943284246,3.98236558594,5.14306324385,7.60268518106,67.20000000000046
335,0.105982148481,1.1421260307,8.33015276811,5.18414179937,67.20000000000046
336,0.618467056923,10.5367371157,5.30514560352,7.03687787444,67.20000000000046
337,0.171153776957,6.88225274612,6.46845077146,14.8998044398,67.20000000000046
338,0.497299698296,3.2144613495,5.89100667134,8.24269712799,67.20000000000046
339,0.148808378318,28.7298679129,-62.2826628214,18.7144692401,67.20000000000046
340,0.528703220194,4.8333910763,1.72461233587,5.77646867258,67.20000000000046
341,0.432567621023,3.29765205947,7.98778164724,6.80548503558,67.20000000000046
342,0.989428179952,4.00474851223,6.51564201273,10.0817725623,67.20000000000046
343,0.113361471794,7.22317794449,4.47743050306,11.0301297471,67.20000000000046
344,0.351713300445,0.491348218308,4.6264239841,7.87248033888,67.20000000000046
345,0.39135691062,5.08786404685,11.8544543384,6.55041310026,67.20000000000046
346,0.240928876638,7.11336559105,7.91636268373,7.8226009038,67.20000000000046
347,0.281859015159,1.43029154739,4.99598068531,9.17595239006,67.20000000000046
348,0.323992204778,6.81270716151,7.86343213137,16.4005504411,67.20000000000046
349,0.144079634691,-0.0750165511319,2.08534836414,4.91010022917,67.20000000000046
350,0.255904006602,1.38634157715,5.01313543056,10.6213892602,67.20000000000046
351,0.282783773515,12.5384847994,-25.5050721328,16.4679733687,67.20000000000046
352,1.76896898402,-1.65155587603,-0.179920157063,13.64047231,67.20000000000046
353,0.2660501285,4.97796038993,7.45218387386,8.058540469,67.20000000000046
354,0.410122730216,-0.368667834764,6.75889406822,6.97627218478,67.20000000000046
355,0.312952553798,3.86711672071,6.20886916437,9.19868393567,67.20000000000046
356,0.108475019564,-3.52560810215,-25.3403964315,19.591357205,67.20000000000046
357,0.274167289092,4.55869987321,0.60748541723,6.22444262348,67.20000000000046
358,2.93482688996,11.6748134066,-16.1007984965,-24.6590617428,67.20000000000046
359,0.174296213885,6.0912176422,6.18965427526,9.14142054418,67.20000000000046
360,0.269357487622,6.07099846731,0.981666805487,14.2047674445,67.20000000000046
361,0.17976487666,1.69984018022,2.63646445786,5.38488812578,67.20000000000046
362,2.41646984452,3.68114638752,-0.365635481796,13.6583441808,67.20000000000046
363,1.63855198155,1.1806939254,8.22258530341,7.94313772554,67.20000000000046
364,0.288495012072,4.31145026301,4.88378063117,7.73549800773,67.20000000000046
365,0.290902016164,5.06704154091,1.30675758302,5.81116722345,67.20000000000046
366,0.377297167932,6.90922042981,10.547865499,8.98559249614,67.20000000000046
367,0.461489882914,11.3485290409,4.42108793605,3.3077517426,67.20000000000046
368,1.34923726045,7.83071831054,3.45350153266,0.803587117054,67.20000000000046
369,0.247028630756,-24.268573126,1.22753320464,21.8733835242,67.20000000000046
370,0.128707539698,2.38324330365,5.54620756501,8.16754925043,67.20000000000046
371,0.115941508934,0.559969847418,5.37168130557,14.2161479382,67.20000000000046
372,0.191513459124,0.324372859745,7.08212930005,9.48124337216,67.20000000000046
373,0.71767014405,4.70189603304,-6.12153714076,11.8332564285,67.20000000000046
374,0.705878193085,17.4191008528,-5.08277970223,-7.00980304276,67.20000000000046
375,0.167698699019,111.558483726,-114.985537315,66.3119781427,67.20000000000046
376,1.37126043403,3.45814624989,4.97022626492,7.76393067115,67.20000000000046
377,0.324854697009,-5.54250175123,0.671908959683,11.5736754454,67.20000000000046
378,13.4630607517,4.50624874957,5.32406843313,8.19690636004,67.20000000000046
379,0.517793533793,5.7487444759,4.12062219444,10.8909547708,67.20000000000046
380,0.183022460294,8.84521802194,4.48938936211,8.01559878997,67.20000000000046
381,0.478038572428,0.629840795122,3.48997171715,14.2695387515,67.20000000000046
382,0.258424205887,34.6496074874,-24.8072778945,50.6626106762,67.20000000000046
383,0.10906146383,2.93452070973,5.51585962026,5.01338504599,67.20000000000046
384,0.189757028568,2.86368991511,6.29396464546,9.43473463083,67.20000000000046
385,0.578322036452,7.56219554669,-2.46498839925,1.19363321267,67.20000000000046
386,0.102537049213,4.39588415221,4.78124033118,8.0272407512,67.20000000000046
387,0.250554363403,8.75727404357,1.50332749722,13.7426433026,67.20000000000046
388,1.75650718074,2.46405710838,4.50762279225,7.73892093655,67.20000000000046
389,2.08530626533,5.56611494325,8.20150814917,8.95335901969,67.20000000000046
390,0.319685862866,2.96478627287,13.365984301,7.02448464776,67.20000000000046
391,0.105458974386,5.43427540808,4.46222533536,7.82085039381,67.20000000000046
392,0.261026987287,9.54435100765,9.16583424392,10.3267899687,67.20000000000046
393,0.164058779198,6.72557054551,-31.1836805517,26.6697955947,67.20000000000046
394,0.119054830598,7.44727431699,-0.328008173143,4.91329519668,67.20000000000046
395,0.440802099073,8.23123039328,6.61219675939,8.07920333982,67.20000000000046
396,0.133961244453,6.12908497851,7.64841312298,10.0895998057,67.20000000000046
397,0.634039221373,7.62000777035,3.91310183633,8.01051661566,67.20000000000046
398,0.383608571144,3.78147977204,2.11648489614,11.327273183,67.20000000000046
399,0.189066894642,3.6703302527,-11.6592889941,29.5733745623,67.20000000000046
400,0.210288206062,7.55429487365,1.38913795088,10.0624610044,67.20000000000046
401,0.248787976695,4.45232937214,7.04653499958,4.42378520423,67.20000000000046
402,0.19876392685,-8.52121552913,-24.0777380159,-19.7218237955,67.20000000000046
403,0.192966574708,-0.0211431420811,2.42239810058,2.98935338154,67.20000000000046
404,0.200690817516,5.72284495633,5.37486000676,8.41028794142,67.20000000000046
405,0.188969814754,13.7019290933,3.83542799078,-2.12948422204,67.20000000000046
406,0.434721721007,5.80696903817,6.50951574216,6.08139867662,67.20000000000046
407,1.23831272818,2.43157288361,4.00248968201,6.5057615314,67.20000000000046
408,2.4194390802,5.45381254746,6.05424309053,7.94671402404,67.20000000000046
409,1.05876921327,3.61492856373,8.98226549721,13.7340992484,67.20000000000046
410,0.130865648004,6.33431634431,6.19400572971,8.92425508518,67.20000000000046
411,0.27744279146,-8.21372765859,14.2982985851,10.6628723446,67.20000000000046
412,0.127299159469,1.94586148895,7.18888235313,3.22779761104,67.20000000000046
413,0.106897757632,8.71011697592,6.15972368934,7.13261845216,67.20000000000046
414,0.188709694685,3.60427866518,6.0878755963,6.04963623199,67.20000000000046
415,0.231851714038,3.02198911631,3.2629363176,8.04671731375,67.20000000000046
416,0.501085921477,8.72827992825,14.882757725,8.2198249752,67.20000000000046
417,0.118622310025,3.67940062589,4.38922094486,10.6015441148,67.20000000000046
418,0.10168269575,44.4647624277,-4.57969815352,9.72609575398,67.20000000000046
419,2.46582774669,13.8296650039,-1.13341704327,-1.93254403655,67.20000000000046
420,0.445990762081,15.2062664088,13.7820092511,10.6146712945,67.20000000000046
421,0.172328175512,8.08014861022,6.33117833975,8.1217584096,67.20000000000046
422,0.383142767391,1.51689011605,5.85601056147,5.58176395352,67.20000000000046
423,0.175527495919,0.514317084425,-8.56118173933,12.3767425403,67.20000000000046
424,0.190785528968,8.0776883474,6.96804242935,10.3951499042,67.20000000000046
425,0.209060321055,-0.540442247976,7.85833707811,9.46559666316,67.20000000000046
426,0.174238617403,2.21843183963,6.5538287492,8.01950441216,67.20000000000046
427,0.134261968642,3.80313685866,21.9592532577,-4.14525010032,67.20000000000046
428,0.153391341951,4.01907513155,-3.82091197068,6.21980163868,67.20000000000046
429,0.553641997576,6.37938100912,7.77503077854,9.20594080991,67.20000000000046
430,0.36259845285,7.92099906388,8.56759811125,6.08457562908,67.20000000000046
431,0.156422943109,-1.86804853744,-5.42352043437,9.78920231609,67.20000000000046
432,0.119455300387,7.75683895232,6.88972242272,6.5383484465,67.20000000000046
433,0.147680037632,7.38363814157,5.73342292578,2.8956833583,67.20000000000046
434,0.169670496049,6.41826096031,3.59856162455,12.1990423002,67.20000000000046
435,0.409037887926,22.2947406091,42.4307937659,19.2972228995,67.20000000000046
436,0.483004312985,11.2867276562,-38.9012035555,31.1686374656,67.20000000000046
437,0.722395627689,5.53171378696,6.28730439054,10.3822517587,67.20000000000046
438,0.615002057787,4.01245486035,-0.434160403807,10.0444654337,67.20000000000046
439,0.483736083298,-2.19957842781,-21.9987364141,26.6304376142,67.20000000000046
440,0.113984960333,11.5338602018,9.08137593732,-0.668015697758,67.20000000000046
441,0.10334715261,3.82063078925,10.9260976693,5.82611729822,67.20000000000046
442,0.14675415694,2.82427211341,2.77827748672,8.51683305872,67.20000000000046
443,0.125744607291,7.64364829697,15.0583478989,9.9470380726,67.20000000000046
444,0.227172725451,2.8832650136,9.20096225353,10.147625482,67.20000000000046
445,0.357338510402,5.4942376415,3.72247469006,9.2958599234,67.20000000000046
446,1.11591092235,0.503758097305,9.07511694054,7.75537373941,67.20000000000046
447,0.281040249829,10.9250448512,10.557093789,7.46055452873,67.20000000000046
448,0.332683823516,7.30726058616,3.18601460582,12.6112935757,67.20000000000046
449,0.145352884766,7.62789385226,5.53159051859,13.4590866495,67.20000000000046
450,0.199327643984,7.25874092877,7.04494811868,9.46071749419,67.20000000000046
451,0.521968411194,14.6115782422,35.9019794118,-41.4171562117,67.20000000000046
452,0.334228159868,-3.17211373643,6.96853340909,-11.8909303752,67.20000000000046
453,0.193085693232,1.07079195781,3.74001154692,5.200861083,67.20000000000046
454,0.157468181141,5.46379413867,6.90354317856,8.02706671002,67.20000000000046
455,0.153616449351,4.02513911237,9.98583416017,6.84447869872,67.20000000000046
456,0.131699102049,7.91073510607,4.39142593409,6.98207210701,67.20000000000046
457,0.149943478028,16.9654191134,6.3438896282,39.9434314313,67.20000000000046
458,0.535361736179,-0.798389209121,10.105690673,7.54516745747,67.20000000000046
459,0.167504476135,5.87519576135,3.4309507561,8.52877611269,67.20000000000046
460,0.402663332105,1.69989076357,6.84544799148,4.63493014005,67.20000000000046
461,0.538204888284,5.83794923775,4.64524106873,8.17767743803,67.20000000000046
462,0.153912087799,4.8169739896,6.0884602549,8.53136352204,67.20000000000046
463,0.254736895539,2.86277144931,14.0548085576,9.65481402341,67.20000000000046
464,0.907310292641,4.70511891554,5.61531001447,8.66747332453,67.20000000000046
465,0.296914807396,5.58035509516,3.69511688943,8.29062939426,67.20000000000046
466,0.107674663603,15.5809535572,-52.9653386184,-11.5853934662,67.20000000000046
467,0.383702827623,6.81000484189,1.57940596859,7.06110971046,67.20000000000046
468,0.149270894199,11.3476261528,5.2135094986,10.1266099154,67.20000000000046
469,0.182928081841,6.82765181288,-0.907193875168,7.64856392559,67.20000000000046
470,1.82941372993,5.25739880141,-5.89404952114,2.56752859438,67.20000000000046
471,0.111027977482,-24.1801586083,-64.5819557265,-4.91973035646,67.20000000000046
472,0.122583376928,4.23647106881,4.51460233566,2.85202964799,67.20000000000046
473,1.48468459042,6.10790968874,7.88794135913,10.3726702777,67.20000000000046
474,0.10696753992,3.28581129201,-0.735211854836,9.65488185769,67.20000000000046
475,0.673252530356,1.89320184452,79.8063649307,44.0166603098,67.20000000000046
476,0.301553899827,6.75934145527,7.37078665537,4.07323169728,67.20000000000046
477,0.158727086961,-19.9165586822,-2.84926996028,-9.62730672205,67.20000000000046
478,0.255589805314,5.42324145457,5.91162936557,9.35511157784,67.20000000000046
479,0.332586190442,1.88303794555,-1.00988408823,9.8941903194,67.20000000000046
480,0.131271313189,4.42217198192,6.91512467725,6.15090749844,67.20000000000046
481,0.428300481748,6.51114233765,5.99594530051,10.4943279405,67.20000000000046
482,0.810164094208,4.05208633554,8.13920572647,11.6999742536,67.20000000000046
483,0.163106027955,-29.1841175666,-42.4650573141,20.3329921648,67.20000000000046
484,0.335809384954,-11.5571774134,-17.4174412772,57.6811274791,67.20000000000046
485,0.113140910288,1.42992601438,13.1849028709,12.5249357395,67.20000000000046
486,1.80724403162,-4.30538825495,3.98975794165,9.16590385153,67.20000000000046
487,0.167619648858,30.4302184389,9.31709975982,21.6952200778,67.20000000000046
488,0.400499884891,3.94761339907,7.58012011442,2.46580472786,67.20000000000046
489,0.225246068484,9.24529897025,12.0102956228,1.31159049349,67.20000000000046
490,3.37890125333,11.3132658206,0.114675372391,16.9239377219,67.20000000000046
491,2.03606683796,0.976133930416,6.79677540816,12.5469542919,67.20000000000046
492,0.231569276828,7.90070767556,31.9946130057,9.62969672315,67.20000000000046
493,0.369835231703,4.89206984716,4.54194335607,5.59963471835,67.20000000000046
494,0.149354923023,7.39816297742,-56.8744670531,14.5839376627,67.20000000000046
495,0.542147400285,2.01174525501,17.0704338426,12.304349917,67.20000000000046
496,0.103713222395,7.21174354112,5.98277877371,6.81733836931,67.20000000000046
497,0.506623838955,12.226844364,5.51442882691,14.4231836712,67.20000000000046
498,0.512148669446,7.76394647349,10.0937635009,6.91768081326,67.20000000000046
499,0.207446307161,-84.3143296663,-6.66602545153,1.30012187072,67.20000000000046
500,0.460215334257,9.40352520074,7.48041173572,6.92741862426,67.20000000000046
501,0.136051079142,25.2555847937,-0.100385890373,21.3584427589,67.20000000000046
502,0.234833671105,5.86845344191,5.24531649076,9.31420470385,67.20000000000046
503,0.169270271034,5.85846974657,4.55878879568,4.08362267483,67.20000000000046
504,0.247537421918,1.68287082163,5.58846758264,7.98945203592,67.20000000000046
505,0.114874042224,4.46800157976,3.64936149687,9.99808168692,67.20000000000046
506,0.265258540515,7.55358061738,3.62732648535,10.614270053,67.20000000000046
507,0.490020008876,2.20405556967,1.76338394136,6.63838588502,67.20000000000046
508,0.119398557927,6.78513033924,1.28757181214,9.06224770324,67.20000000000046
509,0.199090614234,2.09808094247,5.05338642642,7.59243177789,67.20000000000046
510,0.210959766208,12.4444288726,-19.4737242078,-21.4133809047,67.20000000000046
511,0.155094039641,1.04762746006,1.01427235676,10.8009726768,67.20000000000046
512,0.222021306768,4.71127480068,4.76364747321,6.46403575799,67.20000000000046
513,0.114953079652,14.5077772641,27.3014464259,-10.5861037687,67.20000000000046
514,0.654918120676,-4.78742411439,8.97146644682,3.57701387507,67.20000000000046
515,0.87068648676,3.19966028294,6.65142144668,8.24124886021,67.20000000000046
516,0.179943660128,-17.7818538267,7.78688783969,14.3991487262,67.20000000000046
517,0.545251778689,1.45918542561,-0.662386044586,13.4866062099,67.20000000000046
518,0.327714181125,5.60489142002,5.37089275358,9.76161629352,67.20000000000046
519,0.739234952727,7.53925945409,0.996703037068,2.91864422561,67.20000000000046
520,0.145326725354,39.0055311807,-5.53733651576,-32.6635051511,67.20000000000046
521,0.197454952384,4.88346858026,6.3052274047,6.67098679973,67.20000000000046
522,0.69996049118,3.82383292677,5.78431021691,8.46276028723,67.20000000000046
523,0.193879383811,0.133595029546,2.84553730414,7.53575128956,67.20000000000046
524,0.132135305802,1.18809594723,6.82051867719,9.89938890098,67.20000000000046
525,0.439164568797,4.17522999751,5.75119836995,13.6291981741,67.20000000000046
526,0.19462200041,3.41098218908,8.97069486895,11.6230179574,67.20000000000046
527,0.132957240097,6.23212132577,6.88115800923,6.45481761606,67.20000000000046
528,0.144209496336,2.15931673946,-0.48657915979,13.4454579546,67.20000000000046
529,0.251586974706,4.99718821973,-1.2749423721,8.43164442334,67.20000000000046
530,0.11652560446,3.9064751354,6.81910355777,10.2201362137,67.20000000000046
531,0.476366187663,3.43318285202,3.72063579342,7.22038768249,67.20000000000046
532,0.179091267506,3.9956797785,3.61033938983,9.17045311604,67.20000000000046
533,0.104009945156,2.3557777034,4.60486794406,8.4265481784,67.20000000000046
534,0.375222331777,-18.0906130331,-9.71063571077,11.1679871098,67.20000000000046
535,0.530963271449,-13.250719764,-13.3703441042,44.1668525755,67.20000000000046
536,0.26397667611,-1.16464523586,7.51947476706,12.9897415998,67.20000000000046
537,0.241320570661,4.30923769124,5.88323108147,8.56883018233,67.20000000000046
538,0.242313160306,-31.1783513128,-0.962375487366,-18.6116642695,67.20000000000046
539,0.170121431419,-4.41964531907,8.7987401314,15.3557478354,67.20000000000046
540,0.637192621733,4.83257514487,7.32781501845,8.62191747893,67.20000000000046
541,2.16440334101,5.00663086707,4.74061930149,7.81404852313,67.20000000000046
542,0.209049763445,4.82205703288,6.84955656698,9.0394362011,67.20000000000046
543,0.279809710575,2.93558404974,-10.7874801942,-4.78855919878,67.20000000000046
544,1.10113091019,2.43554576585,6.29806712604,11.2848200041,67.20000000000046
545,0.143152426954,10.8809587196,9.10874379223,9.91088889493,67.20000000000046
546,0.254933929548,22.4624238212,-2.01563636453,72.5306676606,67.20000000000046
547,0.153989920649,5.90709679233,7.30726227431,5.32673656061,67.20000000000046
548,0.491652005861,12.3411634825,6.740516807,10.4432572624,67.20000000000046
549,0.105091421452,-2.24115015624,0.92995640134,9.02704459799,67.20000000000046
550,0.150709076126,2.53551596866,5.26911283278,3.98631071182,67.20000000000046
551,0.11789459841,7.60291434235,4.20928293818,4.63670932569,67.20000000000046
552,0.149663893872,4.4064435322,7.02984800395,7.75057842426,67.20000000000046
553,0.29867595311,6.12208012458,2.23480164451,9.37202239479,67.20000000000046
554,0.517348005057,5.03029850578,5.39571059318,8.58012600364,67.20000000000046
555,0.101183722866,12.4816541064,-2.36668566473,-14.4374508443,67.20000000000046
556,0.296137959591,1.59932922697,8.81027491694,4.46778107455,67.20000000000046
557,0.323228214029,-1.64535218002,8.77295932166,9.41693165899,67.20000000000046
558,0.13060876707,12.7650078062,-6.2790952776,-12.4187646426,67.20000000000046
559,0.271406249126,-0.20444457251,9.58574342754,9.37332984823,67.20000000000046
560,9.13275123579,4.40713122519,5.35995473702,8.17659702928,67.20000000000046
561,1.80735238812,11.054846404,2.01388658561,11.1186155607,67.20000000000046
562,0.121580825285,3.29920726761,6.48344829715,7.73911545841,67.20000000000046
563,0.386744274705,4.64291847804,5.1666639889,7.30183860889,67.20000000000046
564,0.128125946634,3.1496066971,4.34745664549,8.76217957071,67.20000000000046
565,0.132262806502,4.88859435714,3.28547261427,7.26524957495,67.20000000000046
566,0.463984597519,4.36890770872,7.0544399324,4.83518355461,67.20000000000046
567,0.332481885582,35.0975186748,-2.14075070487,-4.91846825635,67.20000000000046
568,0.390148956467,5.63967597127,5.5919548086,8.39486822957,67.20000000000046
569,0.404515629069,10.5203277152,3.63467878517,8.68187007938,67.20000000000046
570,0.11822790687,3.32868611002,6.94363409287,8.25745677211,67.20000000000046
571,0.189866536263,2.30647032157,13.9234002443,8.87118932225,67.20000000000046
572,0.124992684314,10.3577982073,8.69380598937,18.2366357385,67.20000000000046
573,0.287901120435,6.96407978256,1.32248877455,8.09967517855,67.20000000000046
574,0.295577960161,-18.9781008741,-93.8033840783,47.3290395538,67.20000000000046
575,0.475087986961,5.80449273089,3.09724779316,8.51000860543,67.20000000000046
576,0.13593360115,3.28460583888,7.94975807164,4.37368023361,67.20000000000046
577,0.180075155922,20.5929166717,22.658246471,9.51927482867,67.20000000000046
578,0.796591640081,30.0936533456,4.95301281994,23.5562860341,67.20000000000046
579,0.100542489334,8.52118417413,0.557028146899,8.98781573136,67.20000000000046
580,1.53237057131,2.51070667692,8.25153559284,10.3112867093,67.20000000000046
581,10.613956641,4.4143600317,5.28404927189,8.15407470185,67.20000000000046
582,0.131310909595,-1.39275514661,9.02047778199,10.537804429,67.20000000000046
583,0.123563053737,-18.863316584,-7.02503148509,0.0237715782402,67.20000000000046
584,0.237210238188,0.120936370213,4.27886498648,8.71414941979,67.20000000000046
585,0.316446948293,5.23037004412,11.9809602557,8.53935810458,67.20000000000046
586,0.311640301571,5.62893474877,8.30133129428,6.9007563018,67.20000000000046
587,0.327359612972,18.6440774616,-18.8745022715,-14.9080672985,67.20000000000046
588,0.130154519411,4.57678858033,4.49917961868,9.26321315033,67.20000000000046
589,0.216997614429,5.82771498564,2.61382633868,5.55077258707,67.20000000000046
590,0.271052201909,5.38023404196,5.5566558393,7.64398443155,67.20000000000046
591,0.32434731782,3.76285399831,6.47181580395,6.31390959314,67.20000000000046
592,0.627940709546,-2.42010512066,4.58459587551,13.0344334051,67.20000000000046
593,0.252078977946,35.9620550938,-0.322644976989,-35.4899295995,67.20000000000046
594,0.211244643379,6.20086085942,5.1837441111,7.64270085377,67.20000000000046
595,0.382917588365,18.2636648399,42.5598517262,-49.0136191826,67.20000000000046
596,0.473238765642,24.5297522412,-6.90803910233,3.59006822697,67.20000000000046
597,0.292551905975,3.43312871833,5.22395525981,9.48190984497,67.20000000000046
598,0.322886249231,11.1650133689,2.27272240665,11.2181785386,67.20000000000046
599,0.216860767585,1.69088402612,-0.806527386406,5.18793746165,67.20000000000046
600,0.157046024293,0.277440238001,15.1378930531,7.3478898053,67.20000000000046
601,0.135150924584,4.34591967698,6.31035668601,7.00234708815,67.20000000000046
602,0.257399400673,1.16177601193,51.003320199,26.6923459246,67.20000000000046
603,0.208628873832,4.26771704355,4.33801532939,9.54467819277,67.20000000000046
604,0.129416657037,0.289920427545,7.23855798879,5.21527945906,67.20000000000046
605,0.250237327917,7.42618259243,2.04657130011,8.17323586475,67.20000000000046
606,0.130325347913,4.19008624496,9.06409697393,7.00753397356,67.20000000000046
607,0.49457172622,6.43338012301,-5.78145522008,-4.43463869364,67.20000000000046
608,0.232457130853,1.81695014127,7.71574285582,12.6434818332,67.20000000000046
609,0.148795061694,1.75551269039,6.3408254678,9.76701458185,67.20000000000046
610,0.489374537546,4.92528980852,4.86346867034,7.70690637986,67.20000000000046
611,0.653862071474,-5.97641914649,-5.81332473941,21.8838187375,67.20000000000046
612,0.593006357438,4.82149326067,3.47619628128,4.20672099322,67.20000000000046
613,0.289142665372,5.27941877785,3.0825816639,6.6364206838,67.20000000000046
614,0.658758812773,-19.4989173615,31.9991166287,3.59721461902,67.20000000000046
615,0.540692798828,-1.68155021091,10.1630088825,11.6625888725,67.20000000000046
616,0.266943562241,5.08574239858,-0.939066234838,10.2633555691,67.20000000000046
617,0.172309396929,7.93052945343,-37.1547047956,-1.50421279398,67.20000000000046
618,0.153046490238,5.95552451009,6.04337268802,7.17653726452,67.20000000000046
619,0.12084165273,-16.9141308651,-50.5806519843,50.643203323,67.20000000000046
620,0.488841186309,12.6171120262,0.904589703966,12.131679638,67.20000000000046
621,0.520173948447,3.53321555635,6.68888854307,8.96975218993,67.20000000000046
622,0.154073925525,3.49223899575,1.56167931596,7.03833614524,67.20000000000046
623,0.215056551272,6.24167156508,7.68428177303,2.48590477896,67.20000000000046
624,0.311056939132,4.78892262077,7.62869768676,11.2441947841,67.20000000000046
625,0.823935639011,2.0012869046,1.61167058408,6.70098801895,67.20000000000046
626,0.473252080373,4.7839390266,5.59041157068,4.33960459026,67.20000000000046
627,0.428785623487,-24.3892063941,-58.6720018641,20.3299631811,67.20000000000046
628,0.10795837831,4.35588082699,8.07447889896,9.28020292446,67.20000000000046
629,0.859727877118,2.97011846173,2.54588806896,2.67658714616,67.20000000000046
630,0.110306460555,41.3467155123,16.0666249675,27.0753680648,67.20000000000046
631,0.481718288019,5.26348380669,7.03650624593,7.86420268096,67.20000000000046
632,0.266822702665,-22.3112412262,2.78635155854,28.3582622885,67.20000000000046
633,0.438734293374,3.05799888465,5.80628229144,8.28144324692,67.20000000000046
634,0.456900904802,1.14739389708,14.9723858908,11.8350222241,67.20000000000046
635,0.161385588935,2.40760683793,5.18753591031,10.0656907847,67.20000000000046
636,0.74108203134,1.11891151802,4.73145707174,7.32035763861,67.20000000000046
637,0.16544523954,1.27247815633,2.14446704708,6.73449469518,67.20000000000046
638,0.228970085138,-25.478580571,-31.0884908664,3.50233469901,67.20000000000046
639,0.467107399214,-3.0226940047,16.8371473078,-2.64043109476,67.20000000000046
640,1.30278208073,7.07245941846,5.53518510379,8.0679834054,67.20000000000046
641,0.177085494223,2.70581180131,4.31537585041,8.52145405184,67.20000000000046
642,0.139403863662,6.08577799229,10.5675590949,11.9731450927,67.20000000000046
643,0.145371998019,6.22873772107,-0.123505049834,8.3167325984,67.20000000000046
644,0.104523994038,8.27372909948,3.81288878396,13.4824338209,67.20000000000046
645,1.22984844659,2.83128291469,4.72607574971,7.59695338995,67.20000000000046
646,0.158463669592,13.4163746265,3.21644167759,8.32958084853,67.20000000000046
647,0.133116998325,5.1526525402,5.90512916353,5.63408324421,67.20000000000046
648,0.546021710947,-13.4867620197,74.4425765474,59.5124381439,67.20000000000046
649,0.102147350626,8.70670856362,-9.82538473597,4.28542580019,67.20000000000046
650,0.517533274708,-5.22879195334,17.2944507603,-5.5085100035,67.20000000000046
651,0.149265192865,4.51964997979,5.74021130407,8.42789799779,67.20000000000046
652,4.08916568198,5.6137614249,5.80798942228,8.53940013896,67.20000000000046
653,0.247938760711,4.80255617578,12.3394073169,10.0617266693,67.20000000000046
654,0.218286713172,1.51140805028,8.50906946024,13.5434291801,67.20000000000046
655,0.287556160787,2.89893300904,-0.374709579703,10.0008453671,67.20000000000046
656,0.284808070923,5.10559552266,-16.7393216816,3.75756836751,67.20000000000046
657,0.14293958985,6.28681063659,6.58727148176,6.80935568261,67.20000000000046
658,0.203595516159,6.17889685929,6.08234944513,7.15251989853,67.20000000000046
659,0.158654767557,6.19395694978,6.69648008852,7.98683975772,67.20000000000046
660,0.671048675536,7.79141113608,6.8261474569,12.3814788379,67.20000000000046
661,0.794360761166,5.72798238158,4.63357247382,10.0001946878,67.20000000000046
662,0.170313094683,5.77403578985,2.60874549808,10.3702111682,67.20000000000046
663,0.126294647277,3.28032977772,4.59690017035,8.95085404373,67.20000000000046
664,0.207432959899,-0.937935460572,10.3830884322,6.251366528,67.20000000000046
665,0.324768328237,2.80797724917,8.08796541496,10.9637428702,67.20000000000046
666,0.447226718928,3.48974811242,-1.01860766473,7.67076568795,67.20000000000046
667,0.95132693044,1.89468011895,8.88934559793,15.3451382529,67.20000000000046
668,1.90155469621,-1.30190590919,4.67900886256,-8.48267855555,67.20000000000046
669,0.129189709316,5.92744390981,5.25282041029,8.41035152359,67.20000000000046
670,0.182057457205,-8.10676992891,-19.0815151117,-1.9135193882,67.20000000000046
671,0.308476476028,-4.57363339148,17.1280120332,22.2894630138,67.20000000000046
672,0.320338694542,9.99258259499,-7.61026803995,24.9206390931,67.20000000000046
673,0.296884707326,-0.340378922268,3.89384126503,9.16946932428,67.20000000000046
674,1.10637726026,2.71090435256,6.17942647312,7.68100869576,67.20000000000046
675,0.217209472638,7.33387976366,2.16141713465,11.4127223419,67.20000000000046
676,0.139626216749,4.68884584767,6.6303854837,8.76035831467,67.20000000000046
677,0.424927848945,4.07873008878,5.88815724647,11.2745691005,67.20000000000046
678,0.354040452605,6.16689575839,9.93965615831,12.4905545366,67.20000000000046
679,0.172684891766,4.80547290785,5.50869816848,8.49949417592,67.20000000000046
680,0.524556446004,5.63556595148,6.86834774342,8.52497345654,67.20000000000046
681,1.75494815114,1.31996195756,6.20432643788,9.97195494643,67.20000000000046
682,0.118341809527,2.12157793462,3.21379851005,9.95468916183,67.20000000000046
683,0.337169097256,6.14882454108,6.48725717309,8.56326564761,67.20000000000046
684,0.512157951441,4.12047740311,4.88831066513,10.1034873641,67.20000000000046
685,0.161404336061,0.209296237909,6.06457107347,7.50130746831,67.20000000000046
686,0.324853472104,36.2135343963,-26.2506369894,46.4436681221,67.20000000000046
687,0.63589809854,3.36859045548,7.5386106292,8.89262633741,67.20000000000046
688,0.969887504893,6.45014847011,4.27840904839,9.47605663817,67.20000000000046
689,0.176225667343,4.07476582301,5.89311492351,8.14180554737,67.20000000000046
690,0.293117192675,-6.89689694403,9.5069018504,2.16343872537,67.20000000000046
691,1.06531110866,-1.90313515822,6.77613981241,5.60282034393,67.20000000000046
692,1.4657666644,3.81678224378,4.82401853551,11.6811318364,67.20000000000046
693,0.293503730276,3.95476893504,4.63752926852,8.33471727053,67.20000000000046
694,0.600387363654,5.31904237924,2.74072095561,-7.68780691306,67.20000000000046
695,0.369089143643,9.29972841969,7.34868632261,11.9092289954,67.20000000000046
696,0.385591395325,7.67614039383,3.99245066028,5.02002886692,67.20000000000046
697,0.158089783751,1.61532200105,2.7725267601,9.80549722869,67.20000000000046
698,0.102648341893,4.37044566539,6.34530401436,5.88489506657,67.20000000000046
699,0.323661584338,8.25838106278,1.0442811655,8.35660843467,67.20000000000046
700,0.129609900879,3.33182653219,2.39291027182,7.14434708073,67.20000000000046
701,0.503533349892,5.35864744237,6.10980575931,9.46453313422,67.20000000000046
702,0.262437933563,-5.61696789317,-43.7578583505,2.65652152115,67.20000000000046
703,0.312477097041,2.58401726997,4.94138020167,11.7948987696,67.20000000000046
704,1.84940397635,4.38066015566,4.69186114954,6.483676941,67.20000000000046
705,0.122000207491,6.33257122768,3.89678024601,7.12512621705,67.20000000000046
706,1.43329263816,3.00992812233,10.7562664885,12.2286821351,67.20000000000046
707,0.236009924405,1.49656691593,5.4147975665,8.68541867106,67.20000000000046
708,0.166897708365,5.54091091553,-2.00558761166,5.43739519146,67.20000000000046
709,1.19570221864,1.92546482923,9.43120446468,6.89062151296,67.20000000000046
710,0.523170159826,3.04504955981,4.62227464039,15.8448003908,67.20000000000046
711,0.71068354136,-42.9412153112,-22.0738310278,20.3413759754,67.20000000000046
712,0.101903772132,1.82343674295,8.92777533097,5.0083325044,67.20000000000046
713,0.168448602186,8.35365892764,-3.10092155451,9.72014298366,67.20000000000046
714,0.210569665224,3.2208318224,7.05448453498,6.45881949274,67.20000000000046
715,0.547532863461,8.2687993326,5.11410068547,9.66755316335,67.20000000000046
716,0.224034807096,6.66145105159,-4.1721756078,3.71182257892,67.20000000000046
717,0.387100239861,2.50304259419,3.33294837608,7.31285712894,67.20000000000046
718,0.27543304789,3.91857275841,5.90333452488,12.1973862477,67.20000000000046
719,1.16595997743,6.16136752302,1.44264840116,9.07811098456,67.20000000000046
720,0.203858416416,-10.7317450817,30.5024908397,1.37681872247,67.20000000000046
721,0.146524017935,1.76345534389,2.78577464911,9.84437133121,67.20000000000046
722,0.661028629134,-2.02907076301,8.42113714761,9.68441023658,67.20000000000046
723,0.198593899483,5.64758166146,3.97419098363,14.6912538756,67.20000000000046
724,0.209386152023,8.22345285917,2.36232203281,6.46476849195,67.20000000000046
725,1.32828734934,11.4250014957,6.18419118169,0.984513325465,67.20000000000046
726,1.222145814,15.8010709234,-0.582986058326,-30.6315054235,67.20000000000046
727,0.185902173046,-9.31327537109,-5.91865061493,0.134028768256,67.20000000000046
728,0.33477820766,4.64370101423,5.20353792703,6.79977098061,67.20000000000046
729,0.102022779936,6.55532700378,5.56108520114,10.7243497406,67.20000000000046
730,0.346521283314,8.88678514809,5.86358380428,7.82517384512,67.20000000000046
731,0.102509194975,5.66074454266,8.54899679006,6.49420530679,67.20000000000046
732,1.98371232385,4.46962119471,5.94954572837,8.4132997095,67.20000000000046
733,0.386386945206,2.98308397424,6.47483390743,7.68010602836,67.20000000000046
734,0.32708445494,1.51947709423,5.58805354161,5.4820738405,67.20000000000046
735,0.206609669368,17.0302363588,9.73073794022,-24.7957042468,67.20000000000046
736,0.188174637961,-1.09291527103,-7.3153021559,15.7655998087,67.20000000000046
737,0.210978534567,0.853111098181,4.04103550536,11.3504419008,67.20000000000046
738,0.217518307231,6.31684957787,4.77668993999,10.1976182191,67.20000000000046
739,0.187058313579,-10.9329445885,70.7830037228,8.79666427635,67.20000000000046
740,0.596916214243,6.95857443779,8.56685849178,6.61532771088,67.20000000000046
741,0.858163133487,1.66152020191,0.150393262049,15.638158507,67.20000000000046
742,0.110752948772,5.32406490248,4.00301134649,8.36857929653,67.20000000000046
743,0.115838586955,5.53948172283,7.72249788439,8.4664077393,67.20000000000046
744,0.26570618091,51.4438902815,-25.5269902802,-18.1964898628,67.20000000000046
745,0.266692551466,64.9007650042,5.3838772456,-34.3391848647,67.20000000000046
746,0.455989828349,5.13019115581,5.386355827,6.7032356714,67.20000000000046
747,3.24049710724,-2.38858514394,8.02358544064,9.31654021329,67.20000000000046
748,0.32281334129,18.2021071501,-4.76311509028,-0.569362698057,67.20000000000046
749,1.01522289871,3.59526798833,5.39171131689,6.49197649665,67.20000000000046
750,0.434707004402,0.896289531934,7.80201974795,8.84203489175,67.20000000000046
751,0.472480476403,4.53698774938,6.9558029611,7.11828704204,67.20000000000046
752,0.822852664835,3.96720830602,6.15210379294,9.47803715632,67.20000000000046
753,0.239359719586,5.18563675093,5.30610059955,7.85014171193,67.20000000000046
754,0.993197400475,7.96565630621,3.39617266956,10.8462551289,67.20000000000046
755,0.524111958882,5.28951762498,4.45309565855,10.6073493937,67.20000000000046
756,0.110564224649,2.24880476802,5.02689227043,8.8006713969,67.20000000000046
757,0.612894450769,-15.2550019649,-0.793228031654,12.7180440943,67.20000000000046
758,0.424867774204,2.63708047801,6.7833295814,7.994092576,67.20000000000046
759,0.805389349738,2.54682688338,6.07772707883,10.7967515569,67.20000000000046
760,0.523328536472,7.99450557528,12.2801681604,13.386992536,67.20000000000046
761,0.566825692958,1.92941403748,4.39366622219,7.8500277032,67.20000000000046
762,0.136143502713,-4.1402917119,24.3450693022,7.88070752356,67.20000000000046
763,0.102904188467,31.6628632044,-29.5712581952,61.2918765712,67.20000000000046
764,0.131458052928,1.97147356082,-27.7250413335,-49.0729819846,67.20000000000046
765,0.133925364066,5.79998637829,4.63663167732,10.3800087857,67.20000000000046
766,0.870680903475,0.608883977518,11.4082854289,10.6078186963,67.20000000000046
767,0.364439397547,2.71504271076,6.48753882375,5.77427724395,67.20000000000046
768,0.2401947587,31.3105956208,-5.67910827634,19.0271007426,67.20000000000046
769,0.284734274827,2.4459223833,11.5890400153,11.1648847841,67.20000000000046
770,0.313739632313,6.58257054271,8.21738551849,12.4651525902,67.20000000000046
771,0.112118362844,2.38311695775,7.88098110906,10.6925777813,67.20000000000046
772,0.262656058549,6.88357740561,4.82400530689,6.5221010363,67.20000000000046
773,0.162289854849,0.91531980578,-22.5687535805,89.9306242597,67.20000000000046
774,0.35900282831,19.4847205419,-33.9121168507,-2.11686559056,67.20000000000046
775,0.389089637486,5.76560379129,5.91995010054,7.72521759782,67.20000000000046
776,0.143949615655,54.7597142708,66.3104991731,80.8707912423,67.20000000000046
777,0.16501080821,7.36989972249,11.5084442365,6.4506970367,67.20000000000046
778,0.522566797178,1.4975013211,9.59688518728,-1.68316732824,67.20000000000046
779,0.157568582799,2.61270646935,2.6965977196,8.32274565405,67.20000000000046
780,0.369522164525,2.37240386324,2.65249759481,3.56816654934,67.20000000000046
781,0.624840679417,10.376612961,0.657157678919,7.98598116681,67.20000000000046
782,0.460279993829,8.49461997456,7.61876937342,11.466701045,67.20000000000046
783,0.10755685829,0.102469528268,8.05818782046,10.7819413194,67.20000000000046
784,0.434079514308,8.37277322912,6.84754976226,6.39741967298,67.20000000000046
785,0.462440232205,-2.86701011195,7.78457340021,6.07741113822,67.20000000000046
786,0.331193848765,1.07703369573,7.34413656349,5.10047671118,67.20000000000046
787,0.707820497799,1.99760444841,2.80124586016,9.79876112959,67.20000000000046
788,0.108187576556,8.02095435784,4.98094979926,5.64506672532,67.20000000000046
789,0.116170202224,-9.20809851705,39.3118057398,38.6891881828,67.20000000000046
790,0.368295816782,4.36260875421,5.26793424731,10.0268609002,67.20000000000046
791,0.397249332328,6.22209271329,5.13759697398,10.9840385639,67.20000000000046
792,5.05003907347,4.0469019368,6.0419194486,9.01754637911,67.20000000000046
793,0.104726246734,3.40429560521,1.73590517858,8.85688673418,67.20000000000046
794,0.12479095814,4.43100068153,6.12138791158,6.72684445382,67.20000000000046
795,0.104422812043,2.35739850212,7.45259604156,13.9497677402,67.20000000000046
796,0.173951523772,-37.1465200075,54.4982548097,-11.3949542666,67.20000000000046
797,0.104791893632,4.60495723453,3.43897796457,7.84720312899,67.20000000000046
798,0.103602765795,2.12504882863,4.42158026186,13.2961197335,67.20000000000046
799,0.264767499399,4.21232993134,-0.0271468869778,14.0901438785,67.20000000000046
800,0.119607432246,0.139740901058,12.8268605484,15.9680774297,67.20000000000046
801,1.53019513484,3.71560100524,5.48322559986,4.765548337,67.20000000000046
802,0.169853953692,-2.68433818711,-19.518015389,7.91161853053,67.20000000000046
803,0.133895141831,3.32450822243,4.78067091273,5.34721559204,67.20000000000046
804,1.29329278613,76.8878878427,-27.0516749824,100.823458617,67.20000000000046
805,0.14851201327,3.03583829639,5.62994285552,9.61713428982,67.20000000000046
806,0.45697151616,1.07983312566,2.13098165892,5.21668749898,67.20000000000046
807,0.331206053432,7.56083435644,-0.278192597449,-35.5374860193,67.20000000000046
808,0.210109884205,0.396443717323,10.0984694173,6.30951223668,67.20000000000046
809,0.122943601625,-13.0066649094,-13.6119821628,-33.1007199223,67.20000000000046
810,0.711431299374,-1.6476872952,4.99906042346,12.5166924736,67.20000000000046
811,0.45001417809,5.13795390034,6.83646957604,10.8312773155,67.20000000000046
812,0.166309771298,3.92084114039,4.28020036086,6.53284434184,67.20000000000046
813,0.144556663205,1.86387520349,2.57326653669,5.77458453563,67.20000000000046
814,0.801549239541,3.26733620489,3.32334381548,6.2502209069,67.20000000000046
815,0.304856908665,5.25026981029,-38.2064808274,33.7550257409,67.20000000000046
816,0.199954369379,-21.4801269777,-105.159311735,90.8368641819,67.20000000000046
817,0.103081917575,18.7109640036,17.765148512,-0.426591547767,67.20000000000046
818,0.178693336518,5.62296419502,22.0005851811,-27.1158374856,67.20000000000046
819,0.166064614933,3.87442981627,4.56856713694,5.15610327907,67.20000000000046
820,0.202454841663,7.85067879484,3.39624555929,10.6147686689,67.20000000000046
821,0.183336070389,40.9057766185,-13.1955608909,-15.6555317964,67.20000000000046
822,0.262984353682,-11.4645973372,2.25510315086,6.54416188758,67.20000000000046
823,0.280649882316,39.777504961,-3.18333838051,14.1996180125,67.20000000000046
824,0.221555627649,-26.7156743471,17.113669927,0.984478620103,67.20000000000046
825,0.283361301654,4.63124604061,4.66004122319,6.46891318445,67.20000000000046
826,0.159868750538,1.61148475957,4.12923121422,7.55263821302,67.20000000000046
827,0.124277662093,-5.17826887939,13.5985508122,7.0694101162,67.20000000000046
828,0.119074533182,0.172153162707,6.43834526988,5.72730582061,67.20000000000046
829,0.258494268751,-11.704593866,8.78313250889,1.24442567864,67.20000000000046
830,0.871246526527,2.25801794867,3.92467337015,7.81722110042,67.20000000000046
831,0.701631497728,7.5499453465,4.39294083365,9.61922345198,67.20000000000046
832,0.127735318167,23.7269706621,-18.1299711919,11.3354610888,67.20000000000046
833,0.1125942056,6.9768036395,12.2912593843,8.06760127229,67.20000000000046
834,0.822039857718,6.43206768268,8.95608605962,7.5838943631,67.20000000000046
835,0.392422123455,4.52385508018,0.546275855812,7.52531796418,67.20000000000046
836,3.60376560662,3.89333560479,5.16398171372,7.8971611776,67.20000000000046
837,0.123017410252,-8.14874431057,12.1653012544,-31.4712834568,67.20000000000046
838,0.181530230129,0.359403385268,6.4645554759,2.84320280308,67.20000000000046
839,0.137912801691,6.18223086689,2.88396900543,11.6139563199,67.20000000000046
840,0.241866254563,-1.28115495802,10.8465635764,6.24431932103,67.20000000000046
841,0.251207490418,5.35176435124,7.64620085075,5.68523226104,67.20000000000046
842,0.105145518497,3.67710577647,3.43283449947,10.0435440246,67.20000000000046
843,0.170286161446,5.24932268715,4.03317156481,8.88729142577,67.20000000000046
844,0.302434107436,5.69421907154,4.66471318957,6.84554509591,67.20000000000046
845,0.134268260889,1.58923569898,4.1742306161,10.6024140081,67.20000000000046
846,0.153808819936,-67.9325503507,-6.71932139808,-22.3451118554,67.20000000000046
847,0.578533306363,29.1454716702,-0.887561571203,-2.79004958345,67.20000000000046
848,0.36694244116,1.34702308272,5.09407899066,8.06338254555,67.20000000000046
849,0.307524586065,4.09951069248,7.81552646264,9.25743828693,67.20000000000046
850,0.280464698982,4.16385151222,5.68469272352,9.96848381261,67.20000000000046
851,0.104637434545,16.1876217412,6.08360201235,13.4232831529,67.20000000000046
852,4.24922915454,4.5366346818,5.32553554742,8.36049835053,67.20000000000046
853,0.593527043615,-12.7652055251,-5.89123577326,32.8429025642,67.20000000000046
854,3.53390506308,3.822897925,4.4776563227,7.79573893338,67.20000000000046
855,0.244129555699,1.86440742397,5.52419833042,3.9554546026,67.20000000000046
856,2.41319624515,8.96864973653,6.29753298194,11.7808299448,67.20000000000046
857,0.118539248117,16.7302830429,-39.8765297276,-43.4488657368,67.20000000000046
858,0.47372618073,2.77738145061,-22.5127833868,22.9231435427,67.20000000000046
859,0.142013009093,3.49797770145,48.4664981091,28.1483730159,67.20000000000046
860,1.03115847309,5.0286184025,4.92357587395,7.31544179902,67.20000000000046
861,2.18291659625,2.47331062018,4.94546748969,9.82277394538,67.20000000000046
862,0.563505224853,14.2525864724,10.3699877231,9.06275711918,67.20000000000046
863,0.156641387471,4.25915414343,4.24994732187,11.8409927503,67.20000000000046
864,0.592681516179,30.7440230355,19.5795918968,-66.5638400333,67.20000000000046
865,0.256811658312,16.5064740687,7.46072675845,14.2534533436,67.20000000000046
866,0.500652194065,4.0937132351,5.49785430532,7.59008123562,67.20000000000046
867,0.321011989544,13.9114155325,8.52010231122,1.94648411484,67.20000000000046
868,0.111044889983,8.09228695052,7.61906703006,5.02550786047,67.20000000000046
869,0.146018367837,12.8989657585,-1.14416448663,33.5372983182,67.20000000000046
870,0.141937406642,0.124509097773,5.38539320289,8.15422245735,67.20000000000046
871,1.27457421897,19.6583394638,22.8311789174,-17.9598399675,67.20000000000046
872,0.17354694888,4.1835479197,9.17441834243,7.39220018842,67.20000000000046
873,1.91758340182,5.4818945614,2.08603458325,7.28458216968,67.20000000000046
874,0.162498173606,1.72851219472,2.81161889956,6.14319654999,67.20000000000046
875,0.181410683841,5.89987192928,4.83517299614,9.24890329006,67.20000000000046
876,0.100174868881,20.6490381893,-39.9584783257,28.257037236,67.20000000000046
877,0.285581775954,3.90727782328,4.84096192064,10.0267845148,67.20000000000046
878,0.185106231993,-4.89134379792,-6.50193908139,19.9627527864,67.20000000000046
879,0.156373120726,4.21754450258,7.13276500696,9.93938569939,67.20000000000046
880,0.220185967984,0.936359325602,13.3154521143,12.2066445282,67.20000000000046
881,0.186191169086,5.96896949132,0.337663588327,11.4009797736,67.20000000000046
882,0.597416303464,1.92900818245,3.52329237851,7.17330516677,67.20000000000046
883,0.545311236302,3.80831198469,3.54417720926,8.5890198779,67.20000000000046
884,0.203647446265,3.73958571462,11.3642938733,6.09992742473,67.20000000000046
885,0.319106381112,3.65205046263,5.06162794375,7.19617950269,67.20000000000046
886,0.384664043619,6.32351783326,4.88910661982,6.16109712731,67.20000000000046
887,0.35693951119,5.32077430328,2.4812343195,7.68716721858,67.20000000000046
888,0.201748462598,4.76226993329,5.62447788071,8.99548903439,67.20000000000046
889,1.73681694914,5.26941033612,5.25501671985,6.54770363125,67.20000000000046
890,0.105341273908,1.62066749624,7.72309985321,8.50046585286,67.20000000000046
891,0.230666715905,-7.69105597141,-16.5585217498,-19.6161364557,67.20000000000046
892,0.723654516635,5.77763923439,6.03428466726,10.3529696566,67.20000000000046
893,0.441585191438,6.11841732727,10.3150403965,3.90127443964,67.20000000000046
894,2.54473654704,4.65767050881,6.57047780852,7.06015134603,67.20000000000046
895,0.180264205458,54.8188258955,-4.94972515321,-52.9780105273,67.20000000000046
896,0.136423119268,8.71173535497,4.20240534743,3.88470386337,67.20000000000046
897,0.156572503455,12.0156295743,6.23896311094,-7.08503815163,67.20000000000046
898,0.157454728936,7.90274724917,7.05698996213,6.00559671093,67.20000000000046
899,0.105331797765,-2.61052980387,4.98908844634,7.55004567413,67.20000000000046
900,0.182334778879,6.60958831865,9.25638532193,-5.3986675919,67.20000000000046
901,0.113775929663,7.28948035142,1.89475041759,7.76359348454,67.20000000000046
902,0.153727960897,-4.19430625706,28.2939702837,41.019229554,67.20000000000046
903,0.26474187482,1.58321356126,3.86059113814,10.9888731141,67.20000000000046
904,0.217090829759,-9.13672585191,-43.753235568,15.3122556236,67.20000000000046
905,0.407259003108,4.34651521796,10.1961032934,7.38556154443,67.20000000000046
906,0.468292716766,6.40137002928,8.7471967581,1.68866357444,67.20000000000046
907,0.206336605593,5.17831302032,4.81082915948,8.97043714857,67.20000000000046
908,1.64741412722,4.97935087783,5.4180487987,7.89164400756,67.20000000000046
909,0.279218882117,-8.88601986026,-0.711620276218,21.2771789168,67.20000000000046
910,0.216151856024,5.62787700226,2.73925685037,14.4022086528,67.20000000000046
911,0.121728548653,0.108550469078,5.17066964522,7.32802588547,67.20000000000046
912,0.477319009057,9.46759645731,3.610514833,9.78386745652,67.20000000000046
913,0.249174739922,11.472752274,-32.8571805837,36.4878704082,67.20000000000046
914,0.139791879654,1.44680673503,1.5670000271,7.12828892007,67.20000000000046
915,1.03700009767,6.63932937093,4.03136649077,7.15541493906,67.20000000000046
916,0.180198279232,-0.670073782266,4.00998395592,11.6102774249,67.20000000000046
917,1.90456357924,0.218285097327,5.08053138287,4.94477578289,67.20000000000046
918,0.16919837622,3.28964396512,10.4162600269,9.39120114084,67.20000000000046
919,1.41856460442,9.89269684124,8.20302536675,-20.1401008832,67.20000000000046
920,0.103705431523,4.07638490769,3.31809282168,7.61218624577,67.20000000000046
921,0.649094874985,-33.4498785668,5.39717468677,-14.8894576098,67.20000000000046
922,0.50098709453,12.2397841707,-5.61519453355,-22.3186492835,67.20000000000046
923,0.218015947582,8.3890414986,5.12988542212,9.43710414006,67.20000000000046
924,0.195686624272,3.21931408135,-0.729803339325,12.142890476,67.20000000000046
925,0.144841850394,6.79921231428,2.13179568098,10.263009789,67.20000000000046
926,0.105318325396,8.96415014102,13.8272473672,6.65218154157,67.20000000000046
927,0.139419564436,4.86068689453,5.31984510406,7.96005803939,67.20000000000046
928,0.113140626158,3.77562665542,8.3147034491,9.0841270799,67.20000000000046
929,0.523384315381,7.41176733851,8.87440038695,7.43292720257,67.20000000000046
930,0.225804788221,4.55098964291,7.45111279368,10.5799260317,67.20000000000046
931,0.810513665736,2.21816867264,2.09636706401,8.30838202789,67.20000000000046
932,0.563239783292,5.12762702786,-31.2576616941,-2.11326944105,67.20000000000046
933,0.514987248749,5.01764463792,4.35326157298,7.51154580015,67.20000000000046
934,0.272658472185,7.70646040476,7.93899113077,8.0273648643,67.20000000000046
935,0.743481168751,-1.5554543417,-5.40458837638,3.47383224048,67.20000000000046
936,0.175138031932,5.85180232371,3.69958544592,8.29546010608,67.20000000000046
937,0.398770814898,10.8900218172,9.20121675204,3.88485330597,67.20000000000046
938,0.230361908403,2.6826145887,7.11505382894,6.46704045156,67.20000000000046
939,0.295720186989,2.64068846141,5.39425632231,6.58475854405,67.20000000000046
940,0.242481244836,3.94526640609,4.32009069421,8.25158041591,67.20000000000046
941,0.207281911504,2.04394863389,9.1922779069,7.89117657929,67.20000000000046
942,2.23055772074,7.08362412999,5.5198727513,7.34935177362,67.20000000000046
943,0.163782498825,4.43466256909,8.1942994348,7.97438905496,67.20000000000046
944,0.103421281619,5.45498837891,3.14500267605,10.2581415532,67.20000000000046
945,0.412202954115,2.89486415409,1.91722901896,16.6135304984,67.20000000000046
946,0.211650413029,-1.4558593278,-8.68285505784,-4.34557836935,67.20000000000046
947,0.373908859194,-3.05808217701,5.06079396898,8.74955876648,67.20000000000046
948,0.415839701427,-90.68248285,26.6684644852,15.2257341654,67.20000000000046
949,0.345696887375,5.18772364621,-0.747982495169,7.83550275921,67.20000000000046
950,0.403385108701,5.07820029241,4.86613995421,7.6998728887,67.20000000000046
951,0.208724772528,-0.0224156262251,7.66609714966,15.9022877127,67.20000000000046
952,0.422930506808,-4.15612144221,3.10324442522,0.872551833956,67.20000000000046
953,0.848664708502,5.62042977396,6.33939488219,8.05635714387,67.20000000000046
954,0.459948727791,4.32309231401,5.74131300071,16.9670541736,67.20000000000046
955,1.75280543843,6.48062307983,7.96165925522,9.33879008227,67.20000000000046
956,0.195452647486,37.0282836789,42.4454457801,15.5269458806,67.20000000000046
957,0.159978779303,-1.53790345588,8.50932570972,9.29553784752,67.20000000000046
958,0.757254743485,4.23806404069,5.46440407275,9.95545372955,67.20000000000046
959,0.223466536993,13.0059507928,-6.37398176249,9.46050433468,67.20000000000046
960,0.116124040241,6.23864956528,5.66011252225,6.73626104055,67.20000000000046
961,0.37371497721,-0.603931051333,5.31659000873,5.39812440467,67.20000000000046
962,0.110407204693,11.4169885727,1.29463483367,5.34212439209,67.20000000000046
963,0.436642931365,-0.224395683541,1.82392685474,6.16720873683,67.20000000000046
964,0.203666043768,-7.69974944785,32.4475228142,67.3226335593,67.20000000000046
965,0.117012683752,1.7432039249,10.2536455547,9.81925118876,67.20000000000046
966,0.185348813155,8.50670389372,6.0660562442,10.8293577591,67.20000000000046
967,1.89763462021,17.9032002275,-42.0322356241,37.0038855943,67.20000000000046
968,0.22991430282,4.79341474459,5.88432253365,11.1776897699,67.20000000000046
969,0.253487508397,3.69286803074,10.3179340289,7.1774300878,67.20000000000046
970,0.168506392557,0.0948946518154,6.26188678967,12.3568991358,67.20000000000046
971,0.10302569807,5.7140468874,5.8506112397,8.39291303801,67.20000000000046
972,0.679648833553,1.20531052757,3.53506103052,1.6352437673,67.20000000000046
973,0.512649243389,3.63182184896,11.2113803243,10.3995640415,67.20000000000046
974,0.228984512634,4.57638810261,5.4258798318,7.98852761367,67.20000000000046
975,0.302103849147,39.7285580853,-0.173947328054,0.923537545995,67.20000000000046
976,0.344486708177,-17.0495375152,6.37490513726,55.8170767175,67.20000000000046
977,0.214678543048,5.26557653338,5.01794790762,8.15291260769,67.20000000000046
978,3.52271582069,4.94406642585,6.93642905428,8.65973345049,67.20000000000046
979,0.204008691438,3.99944280747,6.2701827828,4.17412912792,67.20000000000046
980,0.204741030126,11.8527821181,2.69772692416,14.2551870854,67.20000000000046
981,0.267893505775,-0.413572039882,14.2261034252,1.88755441187,67.20000000000046
982,0.370828172861,-9.84084644196,-14.873540299,-29.6593221833,67.20000000000046
983,0.105215841308,43.9680847874,12.0395782582,-18.7704607128,67.20000000000046
984,0.198054769951,38.6082647908,-3.43848302312,14.1606347959,67.20000000000046
985,0.147837756949,21.0823911575,-15.002144443,-4.03989046975,67.20000000000046
986,0.266525655435,6.27623669759,6.21542708249,7.0056697163,67.20000000000046
987,2.04554416657,36.1425201563,-17.9716944526,10.3787824568,67.20000000000046
988,0.163938687733,2.58434879006,1.45382498032,7.62697423348,67.20000000000046
989,0.673843079228,-0.155629570973,11.7855552955,8.22416430042,67.20000000000046
990,0.142037252774,2.93790645119,5.00501373315,9.10831285743,67.20000000000046
991,0.143413238627,4.80383429061,7.38885393102,5.3475341433,67.20000000000046
992,0.106094529602,5.28299675293,6.71102262517,8.01532485466,67.20000000000046
993,0.108656222001,0.613910627171,3.65513805033,9.14795352313,67.20000000000046
994,0.216954951704,6.90500650569,6.68954875515,8.04290401735,67.20000000000046
995,0.349181540809,14.1551285603,-45.0482874665,15.8579198634,67.20000000000046
996,0.361046390241,3.78591345278,5.49740688365,10.4179325957,67.20000000000046
997,0.106438191857,-8.16912877295,-10.7554452211,5.98717339609,67.20000000000046
998,0.111639355443,5.64980508775,8.58323819682,6.29018535733,67.20000000000046
