Star_ID,Mass (MSun),X (pc),Y (pc),Z (pc),Simulation Time (Myr)
0,0.14818384069,-3.53840366125,8.41177239783,-0.554653818335,43.00000000000034
1,0.185802252367,1.84270677279,6.24684123463,-4.80307260999,43.00000000000034
2,0.139098736812,-9.4626637515,-32.1981835405,-33.2857540143,43.00000000000034
3,0.152757308167,-0.629909418953,5.35439107291,-5.30711064086,43.00000000000034
4,0.139349594597,1.93832173284,4.91190420511,6.23613987689,43.00000000000034
5,0.253766611516,-2.64988774858,4.48611172118,1.13171564169,43.00000000000034
6,0.41862968225,-1.49187336807,6.27987053635,-2.45788403524,43.00000000000034
7,0.100573785493,-10.0138882559,-8.50243561328,-20.8114937986,43.00000000000034
8,0.143894550817,-0.850391830251,3.85900001024,-7.08770832645,43.00000000000034
9,0.12550523057,2.41667058301,5.93310249984,0.334615837232,43.00000000000034
10,0.142919784566,22.2964393106,18.6199060933,22.7508347092,43.00000000000034
11,0.217290415839,0.184011928181,4.00298592555,-1.67625309906,43.00000000000034
12,1.40326807588,-1.81177321808,3.70578470212,-3.55524475094,43.00000000000034
13,0.152268476911,-5.86672098661,21.5289660924,34.5257289776,43.00000000000034
14,0.354738823984,-0.167533793505,6.93130274791,-3.73153204528,43.00000000000034
15,0.522957102813,0.0305797627449,4.82645875405,-2.21707415707,43.00000000000034
16,0.444455291476,10.7164808591,2.47541818832,1.43696600016,43.00000000000034
17,0.606128108509,1.05159445395,0.198621758281,-3.67954196063,43.00000000000034
18,0.179868322849,-4.58177357983,8.66663538264,0.677961875817,43.00000000000034
19,0.176017493759,-2.45440807263,4.60769953049,0.0868040331708,43.00000000000034
20,0.437965477201,1.4383138136,4.23982090653,-2.40104674324,43.00000000000034
21,1.31021213017,-3.68945715551,2.89274846097,-14.0149265717,43.00000000000034
22,0.114494823044,-14.6978816114,2.25018485106,-8.37285324682,43.00000000000034
23,0.120397035912,3.20422639978,2.02428525114,-14.8348712211,43.00000000000034
24,0.237668067705,-16.3780856956,7.55426862982,22.7368617831,43.00000000000034
25,1.00088033665,-0.85145113548,7.53666691909,-3.86567268219,43.00000000000034
26,0.156950268899,-2.72662310946,7.59541990152,-7.77672524975,43.00000000000034
27,0.343003356679,-2.83657850238,8.16574119819,-3.15371772163,43.00000000000034
28,0.319512799348,4.35094418905,5.64796511168,-2.11053693136,43.00000000000034
29,0.321668249377,14.9873553858,14.2498081075,4.51902349892,43.00000000000034
30,0.334250390653,-2.75743915468,1.74811562522,-3.64554744311,43.00000000000034
31,1.203751144,-2.55933863847,4.43472015044,-2.37648041052,43.00000000000034
32,0.674245990548,-1.32913288837,4.26252303853,-4.32814292742,43.00000000000034
33,0.23983255707,-1.70442868083,6.15674839688,-0.661828544395,43.00000000000034
34,0.117012151248,-0.919143551189,6.75414635603,-3.06980735977,43.00000000000034
35,0.667724542258,-0.762041602122,3.34400226429,-3.75245313147,43.00000000000034
36,0.357503063317,26.7405677007,26.0526448187,-24.0057223471,43.00000000000034
37,0.229616692022,-4.12210718649,6.40850028156,-2.0680552888,43.00000000000034
38,0.551812973761,-13.4101486429,13.3031435875,13.3581282724,43.00000000000034
39,0.519614547946,2.10361361441,4.0107079809,-2.31053891486,43.00000000000034
40,0.673965641381,-2.32171200872,3.05944556824,-2.18862243788,43.00000000000034
41,0.10966449279,-1.753697486,10.2033831112,-2.21271314551,43.00000000000034
42,0.279114001964,-0.0883925121724,0.575108669181,-1.61882269669,43.00000000000034
43,1.26219851187,-0.752957650955,5.5056953673,1.38571077588,43.00000000000034
44,0.125279741471,-4.03223268544,-30.3721325505,8.16220275844,43.00000000000034
45,0.542547889596,32.326769229,-1.09583506888,3.88891080045,43.00000000000034
46,0.201328905098,1.08098730465,5.70252964793,-4.05878795149,43.00000000000034
47,0.306268719774,-0.637168653116,5.0056226988,-1.35139693939,43.00000000000034
48,0.550336637481,-2.52860591125,4.57808229759,-1.80348970119,43.00000000000034
49,0.155147149236,-2.43489401534,6.27831290153,-0.0988571865253,43.00000000000034
50,0.969540078133,0.335628356195,5.37336685454,-3.3170243885,43.00000000000034
51,0.125970354769,-1.58176913455,6.34503698016,-6.80461370112,43.00000000000034
52,0.129426541285,-4.8412075129,-3.29752086499,-13.9792447579,43.00000000000034
53,0.118761986599,-17.7022063626,10.2661129368,2.32160997517,43.00000000000034
54,1.13495074521,-3.0457806069,5.60856008243,-2.19236583738,43.00000000000034
55,0.153077937791,9.25593207719,-4.63180105932,1.83633649867,43.00000000000034
56,0.120976163419,-3.04443174684,5.1640300335,-1.94668951824,43.00000000000034
57,0.328345510204,-1.83543726057,4.7051037204,-1.98157774967,43.00000000000034
58,0.275824744645,-3.30860118354,2.60586597064,16.1934053039,43.00000000000034
59,0.490096833679,-3.40737231847,5.57302450595,-2.94184374181,43.00000000000034
60,0.201648155168,-2.02231155754,2.66575171565,-2.53662876031,43.00000000000034
61,0.391960600413,-0.206431727954,4.32160066629,-0.517238280632,43.00000000000034
62,0.406198584845,-1.23053209434,5.21266594346,-2.68441771336,43.00000000000034
63,1.76997523031,-1.81196349438,1.79819310105,-4.46037714657,43.00000000000034
64,1.10911724049,-3.46724367866,-42.657474034,-6.2303122372,43.00000000000034
65,0.183764635375,-3.27788105898,6.7811275745,-3.88700237196,43.00000000000034
66,0.16512340483,4.03837601837,7.17765537237,4.43614927633,43.00000000000034
67,0.270639404563,28.7276934034,-15.0737207872,-10.2795930298,43.00000000000034
68,0.768516824019,-2.11712455918,5.28265056806,-5.86659647007,43.00000000000034
69,0.300812795539,17.5098000781,-28.431074401,3.14401169732,43.00000000000034
70,0.388782637789,-7.4638145191,5.79897269482,1.88432596221,43.00000000000034
71,0.332009755213,0.982330461097,2.81587530753,-5.95629094203,43.00000000000034
72,0.450542141605,0.174094283196,6.45552641097,0.0769333693735,43.00000000000034
73,0.254879399934,-1.75065769998,6.5236013683,-2.50770620422,43.00000000000034
74,0.103656767943,0.0778211105879,7.84529751858,-1.31262585805,43.00000000000034
75,0.81260083684,-3.95583930398,7.66194962227,0.334881840847,43.00000000000034
76,0.103723107239,-4.45042345278,6.26794659118,0.137355797715,43.00000000000034
77,3.03250898246,-1.24407653889,5.38298006946,-2.57932702976,43.00000000000034
78,0.266350703009,-2.83190597297,4.48969629839,-1.94973902267,43.00000000000034
79,0.875624886976,1.77550271331,-3.64966496572,-7.41224930995,43.00000000000034
80,3.15757800312,1.13320337458,0.0889391894977,0.113714167051,43.00000000000034
81,0.177802351276,-0.429338747203,4.65111449739,-1.96868986869,43.00000000000034
82,0.117142852816,-9.98487085878,10.0882465554,4.30650387261,43.00000000000034
83,1.22259069919,-1.01236717659,5.31138417844,-1.5236161945,43.00000000000034
84,0.145634991139,15.7647558117,7.00339670456,12.8376900574,43.00000000000034
85,0.302344178206,-2.32796476443,3.43475631535,-1.28934926421,43.00000000000034
86,0.132946828249,-3.13222926051,7.48440744592,-1.10238511042,43.00000000000034
87,1.8066148153,0.0765677407854,4.59969300329,1.26884322994,43.00000000000034
88,0.102649301818,-2.8519151147,3.46215983475,-4.2871375207,43.00000000000034
89,0.102493785437,-2.90259827214,4.1047286502,-1.41013717138,43.00000000000034
90,0.889062390745,-2.78867905719,6.05220355063,-2.59990062623,43.00000000000034
91,0.354386631557,7.11810093313,1.66489882654,-0.323028967049,43.00000000000034
92,0.171921763778,-5.74442535036,-0.107960572844,-0.502351637806,43.00000000000034
93,0.259546267201,5.40180134764,3.03802412832,2.45165142898,43.00000000000034
94,0.139372540578,-1.15286497242,2.83313165137,-1.40208172956,43.00000000000034
95,0.100417588179,-3.70985942245,5.23667051528,3.24808983765,43.00000000000034
96,0.27003731848,-0.0224849608543,3.0154182069,-1.57598973531,43.00000000000034
97,0.2496653494,23.2122365013,-4.20030762946,-21.8757079151,43.00000000000034
98,0.158498199323,-0.641310903218,4.11417325886,-1.50725281352,43.00000000000034
99,0.101586615414,-1.83032236595,5.65650367913,-1.23801147736,43.00000000000034
100,0.169820020145,-4.31882463469,9.32681009069,-5.53110306543,43.00000000000034
101,0.4512833945,-1.7552902125,5.48291287704,-1.0888048819,43.00000000000034
102,0.205088214693,-0.1013187468,3.66372779738,-1.17249364732,43.00000000000034
103,0.753057390892,-1.74560750193,6.99627677077,0.158790392686,43.00000000000034
104,0.161732201911,-2.31137474774,2.37117636197,-5.330637257,43.00000000000034
105,0.767941320203,2.81747797439,1.73712866144,-1.61008691935,43.00000000000034
106,0.140359122398,-0.461266192758,1.79842600587,0.301688541968,43.00000000000034
107,0.255446340967,5.04314720792,6.61498037349,-7.33676062361,43.00000000000034
108,1.12176912225,0.381454626004,5.57159575166,-5.03045202066,43.00000000000034
109,2.63124260243,-0.00315795746795,8.18062809433,-3.12236433044,43.00000000000034
110,0.39706782178,2.70983077154,4.76511341721,-4.21237971131,43.00000000000034
111,1.54835837383,-2.68034354421,7.45499527218,-1.89360954075,43.00000000000034
112,0.464883850078,0.598048228365,6.27127561583,-1.7436046974,43.00000000000034
113,0.230325698603,-3.17198122553,5.62810459848,1.2702409088,43.00000000000034
114,0.428594495919,30.7874287781,19.5016392425,1.95165544694,43.00000000000034
115,0.184109099922,1.53179254683,4.17041273219,-2.71184404436,43.00000000000034
116,0.192238091278,-5.02128127024,4.19523099975,-5.27960956787,43.00000000000034
117,0.246522395937,-7.18329447736,5.80440210229,-1.55259427403,43.00000000000034
118,0.170574702584,-0.0622463819552,7.65448776153,-1.27588503548,43.00000000000034
119,0.297830692206,-1.91378966988,4.76119652197,-2.92274546712,43.00000000000034
120,0.173246528957,1.32106529164,-1.78614132171,-11.6028880177,43.00000000000034
121,1.02544115001,-2.05216520531,4.42439017333,-3.62033065444,43.00000000000034
122,0.121874263511,-2.29518842989,5.88036974671,-2.33020295944,43.00000000000034
123,0.130513645432,-4.83730516096,5.49275804826,1.00883757844,43.00000000000034
124,0.542418198249,-1.01758960826,4.37706831316,0.817254314667,43.00000000000034
125,0.471276168603,-1.91208856851,9.64348498197,-3.63757746636,43.00000000000034
126,0.118564807398,2.57396986179,8.67189600246,2.3953008027,43.00000000000034
127,0.399147910332,-2.68355768282,5.65501414918,-1.51838084739,43.00000000000034
128,0.164089716323,-6.6871598564,5.4493493089,9.30499951179,43.00000000000034
129,0.131894634272,-0.960057721707,-1.35256422999,-5.35731878454,43.00000000000034
130,0.323914129695,-0.779583034971,6.46461105007,-2.66137962646,43.00000000000034
131,0.657091826457,-2.79015091557,3.95130243788,-2.17110358699,43.00000000000034
132,0.212378173389,-3.22296084176,1.88639968211,-2.27610849798,43.00000000000034
133,2.11505673694,22.9809049076,-6.94966207937,-25.1535791531,43.00000000000034
134,0.118610752337,-5.53139628434,5.86220068559,-2.96703784484,43.00000000000034
135,0.15546937459,3.3523342897,4.83324736136,0.851040878279,43.00000000000034
136,1.95529719772,-1.79834432005,5.16649674801,-2.23687798758,43.00000000000034
137,0.66366294793,-8.59266407435,12.9037471024,3.07989082676,43.00000000000034
138,0.204534170456,-0.209357827816,5.97016998463,-3.02164334915,43.00000000000034
139,0.110962206395,-3.31329022091,4.48174644075,-4.23578054164,43.00000000000034
140,0.319708441556,1.49302383328,9.55420029576,-2.00756623321,43.00000000000034
141,0.29062119689,-2.29320688698,3.66893673254,-2.4105009113,43.00000000000034
142,0.252872535129,-2.36255447672,4.35743501783,-2.34379288511,43.00000000000034
143,3.67058316332,4.42412271044,-27.3588019277,24.7224923296,43.00000000000034
144,0.386520174076,11.3231499743,29.0092247788,-5.90717126442,43.00000000000034
145,0.158489006119,-0.166581179248,11.5591337611,-5.02513450549,43.00000000000034
146,1.61046352154,-1.47357129694,5.72834087666,-2.43469889128,43.00000000000034
147,0.211323825678,-2.36146702536,2.99276687038,-2.44315664197,43.00000000000034
148,0.111854112765,1.06777927484,7.9442515528,-4.14838351159,43.00000000000034
149,0.751942259841,-2.82536856325,5.60366237136,-3.54046997206,43.00000000000034
150,0.596639691044,-1.90329367045,4.14682540765,-2.52435591181,43.00000000000034
151,0.27213140196,-0.924235947034,5.9664011171,-2.55830525808,43.00000000000034
152,0.279587822454,-2.40896416473,2.83154777228,-4.06595560395,43.00000000000034
153,0.401430650784,-6.50118267724,2.53604201628,-4.18973669859,43.00000000000034
154,0.513861314029,-4.98685561941,10.6602688895,-1.45969056667,43.00000000000034
155,0.626601398403,-7.77347512581,5.9858581745,32.5264549617,43.00000000000034
156,2.12805038454,-1.15550527674,5.27810222465,-2.43510241626,43.00000000000034
157,0.132139699693,-2.77479311301,4.70406621662,-0.141365448165,43.00000000000034
158,0.503881515166,-1.39053178258,6.68545251646,-3.74702478772,43.00000000000034
159,0.599181566079,-2.22974440101,4.22725185338,-1.61787334431,43.00000000000034
160,0.108569972345,0.570343464725,-0.48906665526,-3.39782519408,43.00000000000034
161,0.411026936054,-4.59810185597,5.51185600609,0.729465950147,43.00000000000034
162,0.472033280947,-0.182261000803,4.06807090412,-0.00130992065692,43.00000000000034
163,0.249797659955,-0.0253050014073,6.20482239529,-3.10924157803,43.00000000000034
164,1.15390423721,5.95200431522,-28.642177368,9.78136230785,43.00000000000034
165,0.309994009349,-2.10165737652,4.32833936556,-3.96517616996,43.00000000000034
166,0.354596855969,-1.54050245896,3.79038890412,-3.3034129617,43.00000000000034
167,0.470144413289,-13.3681750651,-17.0939698117,20.0530851955,43.00000000000034
168,0.204317134873,-2.32158829965,4.90371183282,-2.12750139014,43.00000000000034
169,0.205221146949,-29.7227043444,-56.360272347,-47.5515957506,43.00000000000034
170,0.400389722972,-2.66584977954,2.4732382651,-3.2190902701,43.00000000000034
171,0.359561742039,-3.03715427588,2.88575135991,-3.61551679306,43.00000000000034
172,0.604456339792,38.2707679356,-13.2622149035,-17.3539622379,43.00000000000034
173,0.248649189233,0.749830524828,1.55484118921,-1.38666287051,43.00000000000034
174,0.27664049503,-2.2254675231,5.70770543157,-1.66954840943,43.00000000000034
175,0.57849265044,-5.69821961959,6.23168924181,-0.543046096275,43.00000000000034
176,0.905303991561,37.118523288,-16.5217749286,6.75228753268,43.00000000000034
177,0.112550361639,-3.67353753012,6.48398208418,-5.45802178192,43.00000000000034
178,0.458953406247,-1.6029503288,3.49350737827,-5.22246414812,43.00000000000034
179,0.150902789115,1.42818387736,-0.693622404845,-3.38554787918,43.00000000000034
180,0.495522905345,-5.02396311872,5.42316026085,-2.62645740995,43.00000000000034
181,0.381551223083,-1.53803508486,4.70477223523,-2.38388235727,43.00000000000034
182,0.428122305604,-0.801894969885,3.3646386102,-2.12091229757,43.00000000000034
183,0.169264969123,-2.30449380566,6.39564117414,-2.7832516652,43.00000000000034
184,0.729950310134,1.36019113191,3.89708496688,-2.2378797947,43.00000000000034
185,0.367207183335,0.0723916279776,4.3677714957,-1.14369172458,43.00000000000034
186,0.125035140541,21.4773924311,-15.6986825257,15.3128285694,43.00000000000034
187,0.13827462365,-0.37238397808,6.02611431216,-2.21038257688,43.00000000000034
188,0.127374711422,-1.50947053776,5.91040774126,-2.03799074985,43.00000000000034
189,0.627733128182,14.3790874616,2.42462166047,13.9461868684,43.00000000000034
190,0.120007122336,-8.6850041201,7.91691678835,0.602558801508,43.00000000000034
191,0.249196283956,-2.27821148471,3.46693253332,-3.46001770526,43.00000000000034
192,0.348029189952,-18.9280205853,17.378475448,35.8462645391,43.00000000000034
193,0.941164264272,-4.88787234551,2.85547881651,-5.09331477318,43.00000000000034
194,0.274353993091,-2.88867248411,8.8189798172,-2.67008842419,43.00000000000034
195,0.149954465575,-11.8226020839,0.817900209865,-13.7936573449,43.00000000000034
196,0.118752593481,-2.80715183984,5.46006016996,-6.3382676183,43.00000000000034
197,0.165001071337,-0.393042772887,-1.10711701844,-4.25010725913,43.00000000000034
198,0.169892981366,-2.02297378721,16.404714716,13.6169807025,43.00000000000034
199,0.334059348942,-1.33525779973,4.64415974916,-3.0212064568,43.00000000000034
200,0.400419622298,-0.636437502084,3.57028584647,-3.14154887515,43.00000000000034
201,0.256252210922,-4.68208071773,3.45336322656,-0.926600970907,43.00000000000034
202,0.122091721594,2.80464364295,-19.414432004,-22.8394409037,43.00000000000034
203,0.121686932652,-4.28122934838,10.9145234889,-2.04700054943,43.00000000000034
204,0.217282074861,1.24837189755,5.30315168291,-2.97578897425,43.00000000000034
205,0.116601801627,-8.7233534577,6.23304489812,-7.58089321294,43.00000000000034
206,0.192652388945,-1.87521047661,6.06428480656,-2.67474195866,43.00000000000034
207,0.18769208018,-3.3802066618,2.72446792787,-2.44947332378,43.00000000000034
208,0.407397825642,0.0737500888456,5.060776433,0.269275142367,43.00000000000034
209,0.105438180942,-6.73882017579,31.6364198534,-32.9123136602,43.00000000000034
210,0.970182173447,-0.17047595457,7.66773414665,-5.48056792513,43.00000000000034
211,0.179086372996,34.3064471286,11.6667145793,-8.01892833069,43.00000000000034
212,0.105927094388,-1.14342828826,5.93932497159,-3.37196065539,43.00000000000034
213,0.281258758724,-15.8570066733,2.38115629637,2.08708064115,43.00000000000034
214,0.10838545582,-4.55095657331,6.23020545997,-2.69253408425,43.00000000000034
215,0.379431680028,5.90515890941,5.1896605826,-4.309938567,43.00000000000034
216,3.08968241791,-1.60016557724,5.11681678612,-2.13388162281,43.00000000000034
217,0.489787907741,-13.9830409474,0.998525018391,-4.15812203078,43.00000000000034
218,0.114331547956,49.2004821375,-1.5549905289,28.1234631064,43.00000000000034
219,0.11272187819,-1.23213955874,7.0150188483,-4.9518084654,43.00000000000034
220,0.285710486112,-6.23927877392,3.4635789155,-5.14889769429,43.00000000000034
221,0.236583349437,-1.00786159144,6.87892774238,-2.75128817748,43.00000000000034
222,1.79489409162,-2.19935838951,5.01942255148,-2.71992815325,43.00000000000034
223,0.123060431091,-4.90710809957,-2.23312540388,-6.85961183308,43.00000000000034
224,0.258454920787,-2.49434955232,4.5401048945,-2.70828444724,43.00000000000034
225,0.241138258594,-6.59772318662,7.05235602566,-0.541067778819,43.00000000000034
226,0.25872132425,-3.59525358507,4.74110443685,2.78893027181,43.00000000000034
227,1.04954403483,8.87707995776,3.6775807353,-1.80872376653,43.00000000000034
228,0.127202464902,11.2315579845,-2.96928854559,18.5384083246,43.00000000000034
229,0.234724666619,-1.7336490739,3.94411537811,1.54513670732,43.00000000000034
230,0.364800840277,-0.139229161263,4.5743803023,-3.36751796125,43.00000000000034
231,0.757420069022,-7.75354816218,2.19200212617,-19.5584572485,43.00000000000034
232,1.52002399399,9.90435195805,2.33480469187,7.98130667688,43.00000000000034
233,0.911370409571,1.60041819532,3.90567173451,-1.84718965869,43.00000000000034
234,0.176987435082,10.5803692865,9.94555789936,11.5103093837,43.00000000000034
235,0.163700732802,-2.17379367249,3.8093698096,-2.41726897512,43.00000000000034
236,0.167018148361,-2.87924613132,5.06292431763,-3.24787661437,43.00000000000034
237,0.129277164676,-5.39285154167,3.68524452275,-4.03996585874,43.00000000000034
238,0.162311768973,-0.407646512551,7.99004220991,-3.52415268552,43.00000000000034
239,0.985862241344,-13.0252825324,15.2815057045,25.8678105947,43.00000000000034
240,0.492963905953,-3.25181852773,5.44828132316,2.98132974972,43.00000000000034
241,0.511296527007,0.951313403904,5.51066087758,-2.65359561781,43.00000000000034
242,5.36259632277,-2.09871200874,5.78331819978,-2.41505513454,43.00000000000034
243,0.298163104134,-2.69967213468,2.47570118106,-1.89687483863,43.00000000000034
244,0.261569295729,-8.17610775751,12.0038961382,-4.43729236606,43.00000000000034
245,0.232896681324,-0.853865405554,4.44228609466,-1.66581829389,43.00000000000034
246,0.114381522811,-20.0501128975,15.5196507308,-33.5572957981,43.00000000000034
247,0.162346188112,-1.95717911682,5.36433316477,-1.02432219195,43.00000000000034
248,0.147752392137,-6.60177306285,-4.41251906224,-17.2249316165,43.00000000000034
249,0.171583690514,6.92876027781,-9.00358871248,-21.0973534302,43.00000000000034
250,0.495978490085,2.92535742175,3.79472803338,-6.35552671273,43.00000000000034
251,0.245847410778,-2.43804249155,5.38216402543,-5.58403906662,43.00000000000034
252,3.73500616673,-1.20320592727,4.44363685101,-0.390960734934,43.00000000000034
253,0.950129025067,0.337555014873,-6.73511810592,-25.6317667269,43.00000000000034
254,0.906983612922,-2.46931073844,1.54484452368,-5.70088456059,43.00000000000034
255,0.101711704764,-1.80170946923,0.442082409266,-4.30559991053,43.00000000000034
256,0.749432162327,-1.98263446629,5.72047330235,-2.18717131244,43.00000000000034
257,0.17712420683,26.3353666791,19.6535091817,-19.9105223944,43.00000000000034
258,0.194748643744,-0.526683574357,5.80921825958,2.49479791237,43.00000000000034
259,0.68016867884,-1.28539810603,4.75095881788,-1.76281914497,43.00000000000034
260,1.27683771786,0.580173431409,4.99752486453,-2.06203198412,43.00000000000034
261,0.419085751876,-4.017094483,5.91550770572,-7.71074964489,43.00000000000034
262,0.172070235474,4.36138116767,-5.4681118105,-5.99161087195,43.00000000000034
263,0.155231930629,-6.70053232956,8.12936917663,-4.90319008003,43.00000000000034
264,0.696003898893,-0.796589584745,6.66050841294,-4.18410051604,43.00000000000034
265,0.627566496665,-0.8207265265,7.0807727806,-4.66096512738,43.00000000000034
266,2.62663724961,-4.22769546712,5.20233586272,-2.70204843836,43.00000000000034
267,0.928376375326,-3.22984023879,5.17989177197,-0.375965432279,43.00000000000034
268,0.227469288792,-6.67417961916,-8.4492329123,-15.1439792863,43.00000000000034
269,0.167657305585,1.86856990945,8.84639286066,-0.928409449844,43.00000000000034
270,0.212664906034,-1.83137696503,6.04276135186,-3.7684186372,43.00000000000034
271,0.71665797411,0.0189694487778,5.34046633247,-8.7497188853,43.00000000000034
272,2.89066811979,-1.39938099089,6.76017411161,-1.69145958607,43.00000000000034
273,1.3388507638,-3.65268958024,4.77389019536,-2.05627089389,43.00000000000034
274,0.358187942886,-4.42529789991,5.94843935364,-4.34385812871,43.00000000000034
275,0.31343324591,-3.65222657191,14.1666013302,14.5091360717,43.00000000000034
276,0.150122456749,-3.49123078394,6.16243548527,0.219552725467,43.00000000000034
277,0.375430517864,-2.48437983577,7.94085716068,-6.36903045107,43.00000000000034
278,0.171234584432,-6.45192508471,12.0218776792,-14.8627043899,43.00000000000034
279,0.209482344484,-4.33340173541,5.60459300131,-2.87807373693,43.00000000000034
280,0.153344753948,-3.52364518996,5.44341538688,-1.38901978284,43.00000000000034
281,0.102282204561,2.29983290543,2.72649426493,2.53655899656,43.00000000000034
282,0.249424425495,0.522790143767,3.96020830553,-0.0297368777159,43.00000000000034
283,0.797425302656,-10.5600067648,-9.90213982593,-28.0664405989,43.00000000000034
284,0.495238264549,-2.67533034771,5.39887167911,-0.694924338008,43.00000000000034
285,0.716922981743,4.37175362515,6.38550653425,7.12196917737,43.00000000000034
286,0.120259946206,-1.77827055618,4.33191637644,0.0992527698205,43.00000000000034
287,0.149629673302,1.58900960562,10.1056576891,-5.29164338796,43.00000000000034
288,2.46366232392,-4.84071199498,1.42225738424,17.8961497009,43.00000000000034
289,0.265175475926,0.23865293485,4.18845250868,-2.9986625199,43.00000000000034
290,0.150648230017,1.04467180856,4.46587631722,-3.51440953592,43.00000000000034
291,0.100686631031,2.97515356659,5.21199950927,1.59632933409,43.00000000000034
292,0.240269775479,-1.19339810844,4.17318447455,-2.7603348344,43.00000000000034
293,0.454247933327,-4.73381097856,6.25489841414,-3.15474954721,43.00000000000034
294,0.179864484821,0.0746393593088,4.89861696707,-2.7356325351,43.00000000000034
295,0.406918795462,-1.29915650295,5.84878954979,-2.52036578236,43.00000000000034
296,1.02121834323,0.108253047128,4.91154361035,-2.78670687323,43.00000000000034
297,0.124718066332,-1.66167787268,-8.86266775975,6.15570762334,43.00000000000034
298,0.346119267927,18.3679445253,-19.6280350366,5.61838740564,43.00000000000034
299,0.208819285372,1.26737060202,8.75495796254,0.419418665125,43.00000000000034
300,0.519098449095,0.519985041581,0.793101647634,-4.4697060153,43.00000000000034
301,0.132566702975,-1.25723132401,4.65559937326,-1.40963880793,43.00000000000034
302,0.309399838338,-3.45970554444,7.97187135134,1.94089215189,43.00000000000034
303,0.299456827491,-1.5918735422,4.13628067063,-2.64801748854,43.00000000000034
304,1.03276637952,28.105088317,25.2662972107,16.3104710927,43.00000000000034
305,0.163430298551,0.0486178509489,4.38146370518,1.2183786589,43.00000000000034
306,0.129591771829,0.347295588638,0.968354192519,-1.26931189057,43.00000000000034
307,0.133983653324,-1.44678401218,3.19268512002,-4.94505747238,43.00000000000034
308,0.150095421481,-2.39356797858,8.69610359231,-1.69060275039,43.00000000000034
309,0.317542511135,-2.6193671374,6.67121144115,-4.86502114839,43.00000000000034
310,0.120938052622,-3.62311227983,4.68080947343,-2.37939321609,43.00000000000034
311,0.138033529203,-1.64336957062,4.20355176236,-4.27098448819,43.00000000000034
312,0.198149545628,19.4195232035,7.24159924872,20.4204851394,43.00000000000034
313,0.373232154902,-5.69309552682,6.05121746229,3.05671469848,43.00000000000034
314,0.152975000985,-3.16177435091,5.64217315705,-0.383989442312,43.00000000000034
315,0.289359068028,-8.78286855108,5.37709895635,1.10481975752,43.00000000000034
316,2.0738996661,-1.94040154451,6.63764116134,-3.21393796573,43.00000000000034
317,0.295355709081,-40.3667610446,-34.6466593416,-19.7507269605,43.00000000000034
318,1.54995541705,-1.36163956414,6.64270407853,-2.50275923768,43.00000000000034
319,0.563716807342,-3.37265341382,3.43374060393,-12.8106075519,43.00000000000034
320,0.599941813243,-0.758513732455,-0.557231324419,-18.7783764236,43.00000000000034
321,0.237460276127,-3.2521089421,2.36116873523,-0.575953220074,43.00000000000034
322,7.90217715516,-0.543109384223,4.2553773946,-2.7285979983,43.00000000000034
323,2.34026979535,-2.70493534598,5.37540881285,-2.26227882898,43.00000000000034
324,0.14494998217,-1.92313925539,5.59503398954,-4.40145999654,43.00000000000034
325,1.82342191622,-2.49041470822,4.8563011907,0.538981781323,43.00000000000034
326,0.279685813006,-1.4093012335,5.01635112575,-3.59263107501,43.00000000000034
327,0.598699544344,2.76690726554,7.19706369154,0.505809036798,43.00000000000034
328,0.593318002351,-1.78402274054,4.80528146936,-2.02017932767,43.00000000000034
329,0.33682328767,-12.6503733147,10.7551054283,8.52813729453,43.00000000000034
330,0.121572655246,-0.854845329294,4.7620308328,-5.78243433877,43.00000000000034
331,0.195856025699,2.38129408638,6.24436030267,-0.723328625561,43.00000000000034
332,0.100638425442,-0.279018772465,5.56763391795,-2.64906070444,43.00000000000034
333,0.44498307639,4.14460057525,18.7317658473,-12.6059787063,43.00000000000034
334,0.328336526619,-3.27339127595,6.92814052765,-1.34449899693,43.00000000000034
335,0.139106721101,-1.92528430415,4.11419568686,-2.17244398412,43.00000000000034
336,0.24568243947,-4.36628139299,13.021076949,14.4075327827,43.00000000000034
337,1.68062149956,16.9282626507,-35.5076667699,8.94031135786,43.00000000000034
338,0.289032115437,17.4513515181,-18.0606955672,1.59465731536,43.00000000000034
339,0.181618039444,0.00239083925531,6.33775153296,-2.98347019678,43.00000000000034
340,1.01619675907,-1.07685179125,5.83252018181,-2.14064031529,43.00000000000034
341,0.621857803187,0.764929536002,5.81345599757,-1.84162940878,43.00000000000034
342,0.406371632796,-1.72594909335,8.44011081449,-0.0639957905596,43.00000000000034
343,0.203956013878,-2.01975412103,4.40708015248,-2.79540408763,43.00000000000034
344,0.646380914639,-2.71466270704,3.32321398754,-0.128830802972,43.00000000000034
345,0.282560551057,-1.95706237029,4.83408195984,-3.29187067691,43.00000000000034
346,1.89604387134,3.76934072389,6.71726058096,2.35226508365,43.00000000000034
347,1.46113477903,-0.735715765135,4.34778224738,-1.42256591057,43.00000000000034
348,0.167725172296,-8.20989281136,5.90392021772,-1.16069323574,43.00000000000034
349,0.399348879853,-1.42312108022,4.6227558663,-1.67033757781,43.00000000000034
350,0.12991569889,-8.35889155994,0.504748953466,4.80375830174,43.00000000000034
351,0.111422194928,-1.27127503173,4.26444186568,-1.03353015206,43.00000000000034
352,0.303161662148,-2.57445858182,5.50237603583,0.916436444045,43.00000000000034
353,0.200038006799,-4.13433710417,4.36735107059,-9.03866776817,43.00000000000034
354,0.224557808611,-6.67584112422,5.64442824567,-8.42039119902,43.00000000000034
355,0.110255565862,1.3623666175,6.00101449154,-2.63557809295,43.00000000000034
356,0.377772107575,7.3899952599,-0.507494659843,-7.99680534491,43.00000000000034
357,0.100284303992,-2.68264997208,6.47604859517,-4.83149384592,43.00000000000034
358,0.248415503103,-8.05952980629,4.38409237671,0.476084937428,43.00000000000034
359,0.184265467848,-2.39997150308,4.65561489009,-2.84983425263,43.00000000000034
360,0.351826422472,-0.918869348503,4.43589997513,-3.47818971188,43.00000000000034
361,0.301873344707,0.164066065558,5.4758717156,-3.44431803082,43.00000000000034
362,0.331284620681,-2.34563595943,4.9487452668,-4.71112372163,43.00000000000034
363,0.125402873581,-6.17257468449,8.37682952525,-3.91769714336,43.00000000000034
364,1.26509988873,14.5334207032,15.3037913909,-0.674492110804,43.00000000000034
365,0.649285977281,-7.20015946826,8.12231042422,0.319752608777,43.00000000000034
366,0.131652570407,6.13958538622,-2.86935499981,-8.5963787458,43.00000000000034
367,0.108855968616,-3.06581914884,11.1223291503,2.16497527886,43.00000000000034
368,0.118747936941,-0.340944211593,-37.0728123469,13.4001781159,43.00000000000034
369,0.115224093091,-2.39417525921,3.6713497915,-2.74474241047,43.00000000000034
370,0.196584728723,2.89958689307,2.6372609446,-2.30534437236,43.00000000000034
371,0.225081956801,0.631946528869,5.14353402241,-1.78340784393,43.00000000000034
372,0.304857788932,-3.99408100987,1.56864041825,-1.67303286813,43.00000000000034
373,0.854653229152,-9.38994113238,-7.63527553168,22.2585758456,43.00000000000034
374,1.12161732385,32.2585534998,13.9196222021,-2.60895126577,43.00000000000034
375,0.24488661926,0.390255167776,3.70397183285,-7.26196071015,43.00000000000034
376,0.426436366703,1.32708790202,4.07763702017,-5.26249146896,43.00000000000034
377,0.573940022246,-0.839007928579,4.58293870068,-1.68645277313,43.00000000000034
378,0.563330900826,-0.723257438603,8.03812887438,-2.94859758772,43.00000000000034
379,0.404897974994,-1.74618681934,4.0071700592,-2.62319671009,43.00000000000034
380,0.165666490749,-6.97860331482,3.83828463256,14.1811121404,43.00000000000034
381,0.144492295278,-3.7424829918,3.91852641046,-2.55338756193,43.00000000000034
382,0.284222217458,-1.84718660019,4.78756044032,-3.67376486969,43.00000000000034
383,0.228096394704,-1.52917907852,5.11754598145,-2.1139071991,43.00000000000034
384,0.409545706709,-2.37183840398,3.89314823203,-4.52985281222,43.00000000000034
385,0.111645401589,-1.39782662005,6.21799486563,-0.894269932072,43.00000000000034
386,0.499074660559,-3.05651632735,5.16664478631,-1.57561881126,43.00000000000034
387,0.503038780985,-24.5988509256,10.6053865175,-10.5690794041,43.00000000000034
388,0.351555261642,-5.8295989222,5.0173949833,-2.82686460769,43.00000000000034
389,0.25404733826,-1.75585365278,4.97130756099,-2.34870595796,43.00000000000034
390,0.124221776522,-2.1055152125,4.56559408979,-4.04935325524,43.00000000000034
391,0.141009974082,-1.05803316909,5.60757283953,-4.73660383578,43.00000000000034
392,2.07773228875,-2.30674160534,3.76452357026,-3.86529705529,43.00000000000034
393,0.461620638796,-2.68881032228,5.21105128195,-7.05378237583,43.00000000000034
394,0.163350406328,1.85366350261,6.32067334554,3.97259495569,43.00000000000034
395,0.626820360766,0.956432792947,5.11457454045,-2.18841491708,43.00000000000034
396,0.238395787261,0.0256115110109,-40.2656960009,-43.2922668008,43.00000000000034
397,0.170743508815,-5.38887773742,0.116134564714,-17.196315303,43.00000000000034
398,0.158085356437,4.8490557416,8.37451613214,-0.48004391386,43.00000000000034
399,0.27170917462,-29.4527872037,-5.5147935224,-48.2133597148,43.00000000000034
400,0.282920867485,0.452776404811,5.88965428136,-3.82112518117,43.00000000000034
401,0.708883056331,-2.33078118402,6.37313358166,-1.99271248451,43.00000000000034
402,0.154898560882,-1.52106750324,5.56480345227,-1.19191414583,43.00000000000034
403,0.100833134445,1.05422389782,5.25774931984,-2.1065540057,43.00000000000034
404,0.206468885666,-0.568386960758,5.18610106637,-3.11794268206,43.00000000000034
405,0.353162576376,-0.791087593166,6.67274917605,-3.99492291944,43.00000000000034
406,0.366956364748,-8.4082917861,7.9591711564,-4.08940534292,43.00000000000034
407,0.335873043321,-1.9368315996,5.92293953475,-2.40235661148,43.00000000000034
408,0.198131723241,7.37543946671,-0.864138329818,-13.7106161479,43.00000000000034
409,0.149419285803,-2.36329581261,4.94853711252,-2.12725605413,43.00000000000034
410,0.106654929826,-4.99229143879,4.92468390573,-1.10700481789,43.00000000000034
411,1.45279148068,-1.62580266891,4.95972148558,-2.55897057837,43.00000000000034
412,0.275604876334,-1.85298773249,4.53531370179,-4.3546781336,43.00000000000034
413,1.29843834746,-1.65775494735,4.71112226851,-2.02408305326,43.00000000000034
414,0.16121578768,-7.5368948172,3.64403041659,-6.35030252508,43.00000000000034
415,0.34320010395,-2.16533863252,5.11118369282,1.6827907567,43.00000000000034
416,0.556446388742,-1.7522910833,5.03308717306,-2.41853427522,43.00000000000034
417,0.13449175294,0.278073839125,5.1609410686,-2.97331431991,43.00000000000034
418,0.214882941028,-1.42954551425,5.58457388726,-2.55900172849,43.00000000000034
419,0.13350303998,-18.878899705,-26.9663953188,18.6129234335,43.00000000000034
420,0.143559927894,-8.62421984562,1.75712253562,-0.302339397304,43.00000000000034
421,0.153790156984,9.97063906238,-19.7442842286,33.8162311425,43.00000000000034
422,0.241719005946,-1.53387153979,5.08541106258,-2.27742474914,43.00000000000034
423,0.156244377962,-11.8651932254,54.4813823067,18.7584880635,43.00000000000034
424,0.193713346052,-1.16189358239,6.17921734248,-3.37333439856,43.00000000000034
425,0.337243699505,6.05535352131,2.72172285057,4.15193133799,43.00000000000034
426,1.16330414112,-2.98587872522,1.88771645969,-0.726418155219,43.00000000000034
427,1.19712917807,-1.57515613091,4.72287121554,-1.23139790764,43.00000000000034
428,0.275735721568,-2.88118031582,5.955282098,-2.33402530683,43.00000000000034
429,0.213219083185,-2.24794489995,4.43461049835,-2.82695126448,43.00000000000034
430,0.108791068763,-0.552449286092,4.7198648369,-4.23869409957,43.00000000000034
431,0.673598001052,-0.762499370687,3.74714313702,-7.53098041365,43.00000000000034
432,0.133649326027,-2.23683863124,1.7248841578,-4.79021993312,43.00000000000034
433,0.138355437443,-11.9537774678,-0.901541943372,2.93404238889,43.00000000000034
434,0.687320974404,1.03905630509,1.50737567366,-0.923810642726,43.00000000000034
435,0.247444962023,-6.53467594998,1.25076735848,1.54286968693,43.00000000000034
436,0.508695712333,-1.52125280598,5.49364915666,-4.63062195111,43.00000000000034
437,0.240428879387,-6.99698174638,2.57991897365,-3.34560599207,43.00000000000034
438,0.135440964092,-1.15335028435,6.08065021968,-2.68686248577,43.00000000000034
439,1.54935668743,-5.08468810749,2.13511191335,0.657292604646,43.00000000000034
440,1.56085030029,3.48109649461,7.18366702226,2.3480037282,43.00000000000034
441,0.15948879878,-0.717903213029,5.74694233091,-0.0816235901941,43.00000000000034
442,0.316292100269,-1.64687442615,5.61695862843,-3.15481355166,43.00000000000034
443,0.114377776434,-2.14593052466,5.91737857228,-1.77494740883,43.00000000000034
444,0.195304985321,-6.675798767,10.2605987562,-5.02335053178,43.00000000000034
445,0.128922485264,5.85350476195,0.785279338432,3.27539981099,43.00000000000034
446,0.624514045353,4.05993941588,6.93512543856,-2.32379786047,43.00000000000034
447,1.75031141932,0.160491227168,5.54366685438,-0.408273709259,43.00000000000034
448,0.463368177726,-15.4745019749,10.5674893835,36.9990878696,43.00000000000034
449,0.245637799319,-0.265374832544,6.62697618421,-1.63024439739,43.00000000000034
450,0.23190245705,-1.35946995192,5.26687599275,-1.9052490161,43.00000000000034
451,1.41495937683,-0.0432629984131,11.2931277762,2.48701908389,43.00000000000034
452,0.20930015171,-5.33765239398,5.33796151007,1.66946955218,43.00000000000034
453,0.153491600972,-1.58510545396,5.4745207374,0.0579000178783,43.00000000000034
454,0.108349988578,-1.3214554665,10.7072384567,2.88743166563,43.00000000000034
455,0.258983587405,8.45769997809,10.6662487236,5.77554816777,43.00000000000034
456,0.202734565518,-2.12965704331,4.79453861364,0.150836495431,43.00000000000034
457,0.477240848665,-1.21655115065,4.39039354882,-2.33903349825,43.00000000000034
458,0.158056506365,-0.869782578612,6.2877918647,-0.812187863515,43.00000000000034
459,0.583896851532,-1.42753871366,4.60159942477,-1.82569248023,43.00000000000034
460,0.532958889647,-1.57289250687,4.2798592859,-1.05400555898,43.00000000000034
461,1.34914992721,0.665954944254,6.55054612217,-3.03848788296,43.00000000000034
462,0.774431394927,-1.71544040109,5.30309859738,-2.35580504917,43.00000000000034
463,0.187101484444,-0.452603007388,6.51278755163,-0.833541615527,43.00000000000034
464,0.315305787936,12.6761012336,1.53557541268,-17.1891764908,43.00000000000034
465,0.286869599556,-2.4289504986,4.5568785144,-1.2412456421,43.00000000000034
466,0.30306361003,-4.81407394859,4.41874298281,2.92649231971,43.00000000000034
467,0.503097721576,0.35449620243,6.34818103417,-1.77654156911,43.00000000000034
468,0.203464978733,-2.89458390768,5.99267594627,-1.41576151519,43.00000000000034
469,0.103851357967,25.7550056352,13.3636979977,-15.9230128643,43.00000000000034
470,0.100233339637,-3.16108357232,4.75564440182,-3.64213520876,43.00000000000034
471,0.212083452077,-3.50261454601,6.82493262404,-2.79752391001,43.00000000000034
472,0.422763429274,-5.44858430417,2.5670479111,-4.39114963108,43.00000000000034
473,0.193503460867,-1.77982800025,5.67226045915,-1.94859606587,43.00000000000034
474,0.119125776811,-4.94686790406,5.94134578609,-4.45917839824,43.00000000000034
475,0.588587941768,-7.42056324024,2.78010010269,2.45601796768,43.00000000000034
476,1.0070079699,-1.45460734066,5.5425038285,-1.43878641248,43.00000000000034
477,0.130811293145,-6.85868749326,-15.7366930617,-15.0370813786,43.00000000000034
478,0.644662122348,-2.59550884709,4.67189010757,-1.27719340635,43.00000000000034
479,0.324678643289,16.1841425502,12.4967267544,-1.61088330598,43.00000000000034
480,0.107545423984,-0.750138111184,5.91038541334,-3.04621439817,43.00000000000034
481,0.172400288042,13.3942729296,-19.2933871385,6.55131583256,43.00000000000034
482,0.2745419118,-0.53396461259,5.15152510703,-2.41069598596,43.00000000000034
483,0.601433388013,-6.98422001049,3.14288073689,0.433734094455,43.00000000000034
484,0.154737970158,-0.707691677585,5.33602062564,-1.59928220784,43.00000000000034
485,0.267665570495,-5.39835970555,-9.07394968244,1.04639202946,43.00000000000034
486,0.105404088076,-17.8128731834,16.2130979801,-0.70103762467,43.00000000000034
487,0.221753371291,3.18754580089,2.55063646191,-3.66026142611,43.00000000000034
488,0.561034873182,-1.89765939149,6.752341146,-0.685368146506,43.00000000000034
489,1.12191875972,1.0551907453,3.67950302898,-5.07145966539,43.00000000000034
490,1.66217199363,-0.0821367511528,2.91988611323,-3.3154913471,43.00000000000034
491,0.371380995209,-2.77574411616,4.31676473268,-2.66589462118,43.00000000000034
492,0.345744836899,-4.45381378648,5.18751683634,-2.88507581739,43.00000000000034
493,0.132877670115,-1.90757432356,9.46700433333,-1.82933659389,43.00000000000034
494,1.1539189946,-4.39075446115,9.8077242052,-3.89658453216,43.00000000000034
495,0.123137036446,-2.05326804252,7.02058127298,-0.971684180875,43.00000000000034
496,0.214466836176,-0.374843193931,5.62323167613,-1.30672795347,43.00000000000034
497,0.100038951079,1.4899655141,1.5412913327,-17.2036272366,43.00000000000034
498,1.4360118051,14.3088818987,2.35511877782,15.1486223709,43.00000000000034
499,0.29645825705,-7.21318155226,-4.14427239765,-1.55267262741,43.00000000000034
500,0.122153833479,20.1434662053,-40.0528481826,4.55640735201,43.00000000000034
501,0.201932930022,-2.70231336261,7.37073972617,-2.3793284326,43.00000000000034
502,0.856952967039,-3.06558819446,1.73770282378,-6.25248517748,43.00000000000034
503,0.776235316147,-4.85192382589,4.70712480077,5.70172912415,43.00000000000034
504,0.228824791686,-2.68553646978,6.83082768002,-1.07186492355,43.00000000000034
505,0.492402522501,-2.09951333526,4.41207180625,-3.22310155563,43.00000000000034
506,1.0448977106,-6.21150688326,3.50441481378,13.8800396802,43.00000000000034
507,0.228514584299,-2.72909578362,5.7445661439,-2.36315612997,43.00000000000034
508,0.484350152772,37.7460990777,-29.9042223069,46.2771716919,43.00000000000034
509,0.276648061384,2.06509779414,1.45518738031,3.08848949681,43.00000000000034
510,0.986455912327,-1.90235713718,4.82977606499,-2.68621666881,43.00000000000034
511,0.31592557482,-2.43710714952,7.23353583215,-1.43926656737,43.00000000000034
512,1.45492824184,-3.95217479654,5.43482868473,-3.03825547724,43.00000000000034
513,0.230643826371,-2.43036835942,2.28211081291,-4.50193664818,43.00000000000034
514,0.451521986035,-1.66402315226,4.87860992594,-3.50616035959,43.00000000000034
515,0.760548363906,-3.92454635474,2.12450426386,-7.44362720498,43.00000000000034
516,0.140332977808,-2.08913769057,3.229526718,-2.42039519285,43.00000000000034
517,0.571093729124,-1.78027090544,4.89399013418,-1.54826530388,43.00000000000034
518,0.118409961005,-2.0899431051,6.66110752364,-2.74190857669,43.00000000000034
519,1.91852186301,-7.00840345867,3.23140686065,0.509334382004,43.00000000000034
520,0.421536817508,1.92431897298,6.39564791148,-3.24495626118,43.00000000000034
521,0.143457187096,-2.01962682903,6.05589637042,-4.95671896247,43.00000000000034
522,0.296892944525,-4.53218173792,4.97176539182,1.97286777658,43.00000000000034
523,0.112205134171,0.0261987199385,4.91010385085,-3.38428718658,43.00000000000034
524,0.207087922499,-7.46260380588,3.96228854861,-8.90868525996,43.00000000000034
525,0.316808567471,3.94933780183,5.24384820616,-4.22924672702,43.00000000000034
526,0.167065368829,-2.95045014273,4.95658781248,-2.05172125038,43.00000000000034
527,0.107922765789,-4.71579991095,24.1639710729,-7.86220946029,43.00000000000034
528,1.18442284846,-0.917102765686,5.34360736844,0.244894217844,43.00000000000034
529,0.327616350861,0.345066234473,4.62908661076,-6.16272260754,43.00000000000034
530,0.101197058339,-8.16788129675,-0.405582222712,-25.1750410943,43.00000000000034
531,0.130679375442,-3.06428878302,2.31191875978,-3.8379057658,43.00000000000034
532,0.114970992666,1.69658258338,2.32524196436,-3.36989920193,43.00000000000034
533,1.08432345978,5.79281593837,4.28871642403,11.2304738273,43.00000000000034
534,0.62436414395,2.20448118087,2.70575777204,-3.11716303614,43.00000000000034
535,0.765936118231,0.609599668299,4.91675527972,0.316199230593,43.00000000000034
536,0.218137830245,-1.94156508305,4.8071950976,-1.5339955912,43.00000000000034
537,0.114492948894,15.6523210273,11.8350293966,-2.4458389423,43.00000000000034
538,0.112702125316,0.0440621111367,4.71344898021,-2.53623800114,43.00000000000034
539,0.144794899411,1.2542257641,3.48304534267,-4.27594407567,43.00000000000034
540,0.321293502578,13.8713250581,17.7832266164,13.795385079,43.00000000000034
541,0.1676507458,2.5971938519,5.5833724393,2.68829122686,43.00000000000034
542,0.200705121267,-0.31972594649,-1.7142506748,0.573148978803,43.00000000000034
543,1.36367494335,0.809334099545,5.13707182956,-0.995846451024,43.00000000000034
544,0.312914952704,-1.58428400113,4.94025395366,-1.89611687638,43.00000000000034
545,1.07150707823,-2.05999543282,1.89676260027,2.91101385646,43.00000000000034
546,6.8323742003,-54.0064861343,10.687130905,24.4720135681,43.00000000000034
547,0.143041043782,-2.84859841981,13.8998575715,-1.17430408844,43.00000000000034
548,0.157138887384,-1.85408574457,2.71315601781,-4.88641265756,43.00000000000034
549,0.101072097593,3.55200670255,7.32893281603,3.44749911697,43.00000000000034
550,0.213598257207,0.0490909792652,4.23154811314,-1.68486725756,43.00000000000034
551,0.124410900377,-0.67150192535,5.92867185693,-0.589462530383,43.00000000000034
552,0.536412091331,-5.62882009988,2.32648873442,-2.61424284254,43.00000000000034
553,0.363315942283,-3.40058131743,5.33514847084,-2.49043697743,43.00000000000034
554,0.134091103124,-1.29681696183,4.37560303843,-3.25280151921,43.00000000000034
555,0.30655020303,-2.24913787339,5.63613275715,-2.44888988543,43.00000000000034
556,0.223709585334,-0.504851828288,3.36346957487,-0.084109648941,43.00000000000034
557,0.257989787999,-2.57665562999,5.13012970934,-0.854149197422,43.00000000000034
558,0.137601331326,-2.33290281291,5.54293339198,-27.5373272781,43.00000000000034
559,0.384522476529,-1.64415625818,4.54134776714,-1.22174315644,43.00000000000034
560,0.788679272231,0.425851149234,8.5935126164,-5.93478091709,43.00000000000034
561,0.96429855313,-2.31525731191,5.7268501137,-1.37687399889,43.00000000000034
562,0.214503247262,-0.375482791024,7.5412590441,-6.64088166941,43.00000000000034
563,0.102396660883,3.62128897297,10.9492611563,2.53646464991,43.00000000000034
564,1.67360190938,1.90825889205,6.46928030508,-2.82445417026,43.00000000000034
565,0.160781658852,-1.69326583258,5.60923470912,-2.26814114976,43.00000000000034
566,0.176472799746,-2.00368683622,3.40833495941,-0.990272881947,43.00000000000034
567,1.19690533048,-21.9729053067,-2.29639257104,9.77097236224,43.00000000000034
568,0.219753424787,26.0693057917,40.7426882814,-8.16635649796,43.00000000000034
569,0.335872548071,1.84188956376,5.30046669747,1.69846238591,43.00000000000034
570,0.295823748465,-2.02043308975,1.91118107742,-2.41794444797,43.00000000000034
571,0.472883149054,-3.2586089609,5.80996661983,0.653507095893,43.00000000000034
572,0.244217670965,-2.19135820739,4.82140217369,-2.20424708097,43.00000000000034
573,0.651020596696,-3.38168707757,3.20070203441,-2.86318592822,43.00000000000034
574,0.150791875887,-2.1509033095,5.07844247046,-1.24123927201,43.00000000000034
575,0.408521472916,-3.28244681404,1.0499126887,-2.13155601511,43.00000000000034
576,0.221613404185,-1.23597296287,3.2093186968,-4.69054434666,43.00000000000034
577,0.553716850271,-1.95241516986,3.72382418928,-3.46592479682,43.00000000000034
578,0.676256719715,-0.0881696332903,4.08329809216,-1.2589599414,43.00000000000034
579,0.161273525563,-2.84597641686,4.27156884843,-1.29248341117,43.00000000000034
580,0.107035163352,-10.6724955206,-32.0601789327,17.6623833528,43.00000000000034
581,0.157461639168,-5.86871436655,5.21699534495,-1.5403004169,43.00000000000034
582,3.43481803481,0.0662306864078,5.23290498564,-0.129278466587,43.00000000000034
583,0.167661917209,-2.37108503796,2.24846479116,-4.21608685214,43.00000000000034
584,0.341804998436,1.20653863105,6.03638724887,-0.442882697798,43.00000000000034
585,1.68739063148,-1.37789302668,4.30941681733,-1.48027417667,43.00000000000034
586,0.262854397648,-3.24299616549,6.35770519458,-11.9935138294,43.00000000000034
587,0.220559569252,0.118116274938,2.21732023229,-7.84855441378,43.00000000000034
588,0.152025567382,-0.569508890703,7.39566102164,-1.7529298633,43.00000000000034
589,4.16009638496,-1.80017199852,5.53555980092,-0.785547546645,43.00000000000034
590,0.494811242223,-1.16458604725,4.68670720308,-1.94365160852,43.00000000000034
591,1.05839190212,-1.74332171342,1.40742967339,-4.44214413016,43.00000000000034
592,0.112510198576,1.47007823214,8.27037552149,-2.98450678915,43.00000000000034
593,0.101066624733,6.70839916268,6.97746324942,5.11451064042,43.00000000000034
594,0.153123162562,7.72814603429,-5.49829410459,15.3217791012,43.00000000000034
595,0.146703004493,0.16489763905,3.07617091519,-2.73412302433,43.00000000000034
596,2.19875362424,-1.56859965418,-3.99975725066,3.27083550989,43.00000000000034
597,0.924265178713,8.09600377105,11.6244598837,16.397311131,43.00000000000034
598,1.34522945471,-4.62173519123,10.236057812,-3.88247047453,43.00000000000034
599,0.173174816148,-9.50911095838,-5.14950220218,11.1437045116,43.00000000000034
600,0.103826753158,17.2323756679,10.043534104,5.78727574473,43.00000000000034
601,0.265894437512,-4.55865512391,6.22746710265,-3.37438184574,43.00000000000034
602,0.32560620324,-1.46083314885,6.09116840686,-0.41305170896,43.00000000000034
603,0.416666619369,4.89046613087,23.50995166,6.9692604477,43.00000000000034
604,0.336356955635,2.29684053875,1.42206024848,-3.12734214922,43.00000000000034
605,0.810061831404,-2.22760138393,5.80308922545,0.60807236117,43.00000000000034
606,0.956950382287,6.42808656104,-4.67233816269,-1.88142179094,43.00000000000034
607,0.135899994435,-4.47675671996,3.05717483724,1.64876428102,43.00000000000034
608,1.12103294276,-1.39445265616,5.6886332963,-2.38837194483,43.00000000000034
609,0.15736945681,-12.9153247451,-0.14550210178,2.81350497615,43.00000000000034
610,0.130056106555,0.829068480553,6.22367533566,-1.42058811584,43.00000000000034
611,0.33029786,-2.92441583592,5.13032702909,-2.91227824049,43.00000000000034
612,0.363105267406,-2.31231849149,4.42041652354,-1.0398213795,43.00000000000034
613,0.171842101923,3.68115704896,3.44246477157,-3.0853718163,43.00000000000034
614,0.867650302812,-0.488749820898,3.37050609461,-1.81273775601,43.00000000000034
615,5.69708146654,-0.20891585376,5.37147775316,-2.51663739873,43.00000000000034
616,0.199248441574,0.291611739256,2.40974003145,-0.45768346418,43.00000000000034
617,0.235335866746,28.2329200108,6.26943546491,-30.5786840533,43.00000000000034
618,0.890873189294,-2.69100999963,6.3032949695,4.30881303339,43.00000000000034
619,1.15959931463,-0.690215646597,4.78164900355,-1.18537076035,43.00000000000034
620,0.736542518103,0.33789944123,0.741960879782,-1.45277288214,43.00000000000034
621,0.218472322311,0.566851542881,8.53783468393,1.14392825739,43.00000000000034
622,0.385728711306,-3.55312811369,4.24409321029,-1.50094683185,43.00000000000034
623,0.15257905282,-6.90733418459,5.83448565505,-1.18463882403,43.00000000000034
624,0.235373329249,-1.03319480689,6.76330690898,-3.23282310307,43.00000000000034
625,0.161132231385,-7.3345449749,2.59685152106,0.797722079606,43.00000000000034
626,1.58235016664,-7.33173731601,3.65000018831,-6.27728865881,43.00000000000034
627,0.64078889532,-1.06873652004,5.43388367883,-1.19880184466,43.00000000000034
628,0.856836900281,0.22547289856,6.84945803401,-5.04191858481,43.00000000000034
629,0.399070473285,-1.18059992789,3.52614706544,-2.48348075274,43.00000000000034
630,1.53205222932,-7.81315535603,10.4572781147,-0.011209994328,43.00000000000034
631,1.03618538223,-0.883736612962,5.42486679588,-2.30305668692,43.00000000000034
632,0.370155788939,-2.04435208963,6.20458634706,-3.91727939305,43.00000000000034
633,0.254795111586,-13.2585157621,6.80885796759,-9.28223023095,43.00000000000034
634,0.145727953165,7.31086036795,-7.49199408172,-31.7184084002,43.00000000000034
635,0.101042109154,-1.07088355312,4.63370402544,-1.6493933524,43.00000000000034
636,1.51812391442,10.2616123201,3.30847862292,3.88597843897,43.00000000000034
637,3.52293841029,-1.62093090466,2.66240047644,-6.77811788077,43.00000000000034
638,1.49663758693,1.43508663345,1.12161834222,-7.26383589351,43.00000000000034
639,0.429573550779,-0.798592679387,6.48831266311,-1.49702328076,43.00000000000034
640,0.327811038089,21.1023227385,25.7945263015,3.4427090805,43.00000000000034
641,1.24062167821,-2.35250558786,5.14101665091,-2.32183678518,43.00000000000034
642,0.120071664382,3.12747710178,1.32068341912,-27.2757973477,43.00000000000034
643,0.287540438376,-1.04508835837,5.38902600386,0.0588127133349,43.00000000000034
644,1.14891089229,-0.213273860426,4.95638536634,-1.64663293712,43.00000000000034
645,0.885179230797,-3.21559159519,11.5987095332,-2.11220408404,43.00000000000034
646,0.252605634906,-6.16278958285,9.07440186625,2.74367704726,43.00000000000034
647,0.980576238531,-2.00978077567,6.85038597984,-2.72282493454,43.00000000000034
648,0.286965011657,-4.65042506543,6.74313500737,-6.55512506731,43.00000000000034
649,0.108291311741,-1.62740896806,6.44546638483,-1.31298804963,43.00000000000034
650,0.548487664206,5.54272204079,5.73538028682,-3.8400193502,43.00000000000034
651,0.327519102648,0.241137418314,-14.6022250967,-26.036473627,43.00000000000034
652,0.825781375174,10.3155127403,0.612416132308,-7.34647340618,43.00000000000034
653,0.190783600167,5.41414612847,1.68047117163,1.83363412944,43.00000000000034
654,0.206582610827,3.67086305452,3.4901199531,-3.09151860853,43.00000000000034
655,0.275359763562,-1.91907533728,5.20570888764,-3.68285968974,43.00000000000034
656,0.319529974439,-4.64596375443,5.90763146273,-4.44791474403,43.00000000000034
657,0.423488543439,-0.591186721348,7.56593098609,-1.26464305117,43.00000000000034
658,1.80053408218,-1.07497739895,5.7374262178,-1.81071628964,43.00000000000034
659,0.218036518229,-0.283994555599,4.87171270918,-2.2194790793,43.00000000000034
660,0.354259582127,-0.814634419165,5.18185594975,-9.35961955943,43.00000000000034
661,0.207001923397,-0.222652498837,6.3367786665,-4.30405116353,43.00000000000034
662,5.41287975852,-3.28834007059,8.70402301672,-1.89789405815,43.00000000000034
663,0.137788944042,-0.977152297487,7.2982829203,-7.04838628089,43.00000000000034
664,0.149406696026,-0.861612130034,6.23193995763,-1.2772724147,43.00000000000034
665,0.443059500075,7.67389048137,-4.31735206859,4.59948186157,43.00000000000034
666,0.12551946736,-0.623886108678,0.381239831154,-6.46999033794,43.00000000000034
667,0.492631694756,-2.63897007085,4.99676865675,-0.49918784508,43.00000000000034
668,0.525847123862,-1.91828750377,6.50842282587,-1.5535141449,43.00000000000034
669,0.170679920901,1.07692519211,10.2805592339,9.71573455298,43.00000000000034
670,0.126585193772,-4.66762172233,6.18745006358,1.02798171991,43.00000000000034
671,0.425575733423,-2.14530712285,2.43831537538,-0.719747039469,43.00000000000034
672,0.166628255773,-3.95819060454,5.24072168343,-2.63731163029,43.00000000000034
673,0.117646240715,4.77867003984,14.1771928701,-1.9873370909,43.00000000000034
674,0.169185420754,-2.1396822498,6.98853397846,-4.5879685003,43.00000000000034
675,1.97129427986,1.13297783539,3.72909386252,-7.56712913507,43.00000000000034
676,0.168338331129,-2.26288835673,2.82476376827,-0.664239260722,43.00000000000034
677,1.47354286194,19.4242820274,-13.7384918431,-25.404104837,43.00000000000034
678,0.626094432507,-2.53321807292,6.53199161697,-3.93638025419,43.00000000000034
679,0.55771392851,-2.90572531798,4.92585443345,-2.05731353765,43.00000000000034
680,0.167111551457,-1.76051048778,4.8016537914,0.794599316449,43.00000000000034
681,0.223285537202,-2.67660154276,6.18677164574,-4.4034803766,43.00000000000034
682,0.553706147557,-2.72014778688,5.18503835719,-0.700530206371,43.00000000000034
683,0.487273992226,3.87503691815,-25.9397795103,-13.3731862208,43.00000000000034
684,1.69444824064,-1.27496630619,3.71035239662,-1.22607744002,43.00000000000034
685,0.711086083533,-1.59898550322,0.0247507007397,-2.58808616922,43.00000000000034
686,0.371396921932,-2.66547989462,6.87517451795,-4.13648821218,43.00000000000034
687,0.267491353694,-2.20902406358,5.72230582475,-1.76672154674,43.00000000000034
688,1.22641832353,-1.43251796448,11.0050533158,-1.35175451444,43.00000000000034
689,1.4642624477,-1.04002600307,1.39373433937,-1.1507735158,43.00000000000034
690,0.185881108094,-0.786488859771,2.8344026918,-7.4623715312,43.00000000000034
691,0.139089218224,-0.310608753941,1.80068072846,2.73475239055,43.00000000000034
692,1.54947712282,-2.37698071282,7.44276457268,-4.32193171999,43.00000000000034
693,0.257983174666,-2.64491195603,4.88803712559,-8.27734582463,43.00000000000034
694,0.209979169016,5.31504616762,-4.36993202904,-8.69632929751,43.00000000000034
695,0.131341662681,-2.1702923016,6.26533201117,-8.51917432077,43.00000000000034
696,0.833404167905,-0.788987018212,6.51633373283,-2.55860480692,43.00000000000034
697,3.44356348898,-0.775855233071,4.44343553959,-8.95386709074,43.00000000000034
698,0.659078254705,-2.77836339458,3.62873784657,-5.07431395593,43.00000000000034
699,2.13968995475,0.941561536373,8.53525531583,-1.05082155483,43.00000000000034
700,5.79851974749,-1.46650852275,5.95038452032,-2.23475823035,43.00000000000034
701,0.25824962001,-1.34781618951,8.07274760244,-0.262187812697,43.00000000000034
702,0.139635277922,-1.69757154788,5.08526718558,-2.0677197708,43.00000000000034
703,0.130330904047,1.72722943551,1.0643321067,-3.93282184339,43.00000000000034
704,0.153482641931,-0.734709927624,5.61272811384,-3.49682054366,43.00000000000034
705,0.468199117314,16.0671944877,14.451044393,-4.03696184038,43.00000000000034
706,0.164547114955,-0.896275829195,7.41064954707,-0.771271236048,43.00000000000034
707,0.221598640055,-0.467110558655,4.14443879174,-2.77557056135,43.00000000000034
708,0.444390707599,-1.74806680357,3.41641605836,-2.63645994917,43.00000000000034
709,0.159336582697,1.84686664347,-2.60085390749,-11.1102318018,43.00000000000034
710,0.152852943762,-1.0608974263,3.73155434021,-3.2913451112,43.00000000000034
711,1.09075606708,-2.37850848938,4.92800171019,-3.40538465914,43.00000000000034
712,0.245144895956,-2.01227972633,5.16149510296,-2.04992671148,43.00000000000034
713,0.142398342901,-2.80598733344,11.3143672687,-1.50478067665,43.00000000000034
714,0.228712244232,3.885588543,5.49548399622,8.91882741823,43.00000000000034
715,0.602782450033,0.987873669323,1.80448168214,-2.76458033465,43.00000000000034
716,0.182139987641,-2.50623845566,5.56244345886,-2.61973503267,43.00000000000034
717,0.101275256521,0.375104876541,6.15052492982,-1.01365416381,43.00000000000034
718,0.396094288411,-3.35253488901,9.77425764552,-2.25143702294,43.00000000000034
719,1.37498576016,24.4179195932,6.56248470778,1.06911007941,43.00000000000034
720,0.118924365711,-1.39206312123,10.1502928554,-0.22588356583,43.00000000000034
721,0.118047437483,16.2571803953,-6.50151232845,6.5949134025,43.00000000000034
722,1.64702553641,-0.522220514531,5.6597980664,-2.94757703896,43.00000000000034
723,0.10644613013,-1.63542815735,5.61237631367,-1.63432149081,43.00000000000034
724,0.786503723901,-2.38476157893,4.93147585586,-1.27043607483,43.00000000000034
725,0.586246456757,-10.2553359352,5.74892460057,-2.02210389721,43.00000000000034
726,0.128159082426,-1.15895557559,4.40554767476,-1.7741944669,43.00000000000034
727,0.429565250333,0.665219087049,6.3956497116,-4.40034572182,43.00000000000034
728,0.531178788299,-3.88194905336,9.32380960714,-7.8265804189,43.00000000000034
729,0.109844622178,6.63404091864,1.33452100076,6.34917781138,43.00000000000034
730,0.142782729526,-3.14390473228,6.00668635558,-5.5453408408,43.00000000000034
731,0.148761014721,-2.01650100466,4.84789459084,-2.10491193812,43.00000000000034
732,0.114798487456,-1.45493943682,5.64165020974,-2.43013303257,43.00000000000034
733,0.945517190046,-1.59301835021,5.13388389186,-1.40602119953,43.00000000000034
734,0.417497841015,5.58147405129,7.51248476565,-3.11695386464,43.00000000000034
735,0.379943879747,-2.0585273213,10.2732808112,32.7896371428,43.00000000000034
736,0.260296663206,-0.72773744862,6.33003692825,-1.96894052346,43.00000000000034
737,5.25336130011,-2.61405077323,6.56255132088,-4.78815794867,43.00000000000034
738,0.294389786716,-1.86245559953,6.26762885344,-2.8187793058,43.00000000000034
739,0.118083946665,-7.70462525245,-1.26528752575,-23.9890431784,43.00000000000034
740,1.4891304202,-1.55799852239,5.6884831223,-2.12258251936,43.00000000000034
741,0.106986839051,-0.9096116019,4.52378361605,-1.45960724445,43.00000000000034
742,2.60188995657,-0.464797047991,4.06633542486,-1.05968896122,43.00000000000034
743,0.170524727523,-2.72159132276,5.46165587454,-0.81068961046,43.00000000000034
744,0.419382707571,7.6773008301,-0.236938783093,2.46078403214,43.00000000000034
745,0.20287659717,18.3403379629,6.53079565587,7.67008958523,43.00000000000034
746,0.380248964841,16.7411931041,12.3842570116,2.38563074924,43.00000000000034
747,1.07940607875,-5.29879738888,7.17507780494,-4.11451913055,43.00000000000034
748,0.23974274496,-2.23248804144,5.55958266815,-1.61921873054,43.00000000000034
749,0.359888300787,5.96178577863,-16.4703131808,5.00621005914,43.00000000000034
750,0.387882904329,-4.08539645827,6.98482007408,-5.62033798351,43.00000000000034
751,0.112745315385,0.22536800168,4.09636847856,-2.26692983542,43.00000000000034
752,0.260496614464,-0.219881676888,3.25232080384,-6.52297398547,43.00000000000034
753,2.14802192197,-1.60444058629,4.03601221839,-0.577085340764,43.00000000000034
754,0.374933518077,-2.71661504346,4.91230084481,-2.23726109863,43.00000000000034
755,0.705848145046,1.64811606415,6.48072553697,2.4748481064,43.00000000000034
756,0.132424388975,1.64801398212,0.682419994852,-4.10172603584,43.00000000000034
757,0.651572150055,-1.95114028058,5.64427044955,-1.00305753227,43.00000000000034
758,0.34011034876,1.50642211518,5.12009425788,-3.42823454032,43.00000000000034
759,0.153962773169,-1.69017854339,7.57429610852,-2.1101183038,43.00000000000034
760,1.13074910746,-1.84759768808,-0.460186133226,-6.75176513836,43.00000000000034
761,3.39491761944,-1.23927707676,4.89848135768,-2.21102556011,43.00000000000034
762,0.543273479405,-0.432334017336,5.06903852901,-6.15348384412,43.00000000000034
763,0.109342008888,1.3119123705,8.01794029923,-3.04460875686,43.00000000000034
764,0.131698169514,-2.03936188363,6.81070685186,-1.73229263085,43.00000000000034
765,0.163058721278,-2.06262482044,4.56430662314,-1.48389165153,43.00000000000034
766,0.172203354958,-0.394421364218,6.69882668059,-1.34336767398,43.00000000000034
767,0.483992720637,-1.82981512489,-14.3247897198,20.7863213093,43.00000000000034
768,1.18563015479,-0.993120007893,7.28883198971,-0.840467882076,43.00000000000034
769,0.142548099714,-0.880493122295,5.58772451488,-2.06158682738,43.00000000000034
770,0.253568801733,14.4424067253,14.60152805,30.7563792048,43.00000000000034
771,0.641768084469,-1.33024029669,4.62282466585,-2.69443203448,43.00000000000034
772,0.132839128252,-2.20178779622,4.38459515379,-1.24001867553,43.00000000000034
773,0.159111783113,-4.4755745642,6.42155297671,0.477499134404,43.00000000000034
774,0.2719529978,-1.77024217487,3.94002458065,-1.16527454579,43.00000000000034
775,0.224858374299,-1.72560908834,5.62926624144,-0.380485191864,43.00000000000034
776,0.125940079311,-0.23038252764,4.071844463,-4.07387360366,43.00000000000034
777,0.275729644348,-1.6184182641,3.45211067638,-1.80932173183,43.00000000000034
778,0.104731516795,-1.33233188944,9.11766210548,-3.95611753515,43.00000000000034
779,0.167999364017,-0.348760129881,6.80506494305,-2.17178530866,43.00000000000034
780,0.214618248521,-2.72756297906,5.5075060148,-2.70618288693,43.00000000000034
781,0.730443039187,-2.17987225706,3.6889277584,-3.55044300355,43.00000000000034
782,0.146934286866,-1.75987791769,3.30327891672,-0.648479123948,43.00000000000034
783,0.666240654276,-3.08442050372,3.60368573279,-1.56140800701,43.00000000000034
784,0.198439309496,-4.99097104151,5.32663645774,-2.61673752781,43.00000000000034
785,0.144973649538,34.8615667961,-4.75099274723,29.3467191036,43.00000000000034
786,0.101553353061,-6.85798456048,-10.5387630806,15.3895771892,43.00000000000034
787,0.173696037911,-2.61172906344,5.18072273545,-2.47962972799,43.00000000000034
788,0.901595866256,14.8120356891,-17.5332062231,12.0879620482,43.00000000000034
789,0.49844746662,-0.619898971502,3.99762723346,-0.503067568734,43.00000000000034
790,1.33496840535,-30.9488023514,18.9752216038,-5.80591690616,43.00000000000034
791,0.394994572619,0.186803525429,4.33483431747,-1.36634701205,43.00000000000034
792,0.139183003334,-3.44207521271,4.68862205884,-1.97093083558,43.00000000000034
793,0.100562659031,13.8066795598,2.89562054307,6.63061597145,43.00000000000034
794,0.594411810748,-1.34347902328,4.87852609793,-2.25614627958,43.00000000000034
795,1.08230691009,-3.91242521727,6.95853261999,-3.22755078213,43.00000000000034
796,0.171953637791,-6.66262466969,6.27510692514,-2.47907250984,43.00000000000034
797,0.315499356723,-0.36456616527,4.46258331012,-0.859124956732,43.00000000000034
798,0.531140433845,-0.196005745535,1.84891938708,-0.765562939245,43.00000000000034
799,2.11357140649,25.1188624971,0.967120108052,15.6652327739,43.00000000000034
800,0.108341908811,2.44072776298,6.01493263203,-1.06596157464,43.00000000000034
801,0.292387035799,-3.34810062881,5.03251062054,-3.48916571915,43.00000000000034
802,0.419927611805,-1.09729795578,4.0881529555,-2.7383221533,43.00000000000034
803,0.916435126267,-1.90105595976,5.10843393606,-1.89581124583,43.00000000000034
804,1.48244101565,-1.47045719586,5.57797390126,2.01849050773,43.00000000000034
805,0.604780563123,-3.75830105564,4.83958217159,-5.62759368195,43.00000000000034
806,0.269545886858,-1.37387130577,4.51366159881,-0.297181850674,43.00000000000034
807,0.132474877918,0.424145492936,6.10604497703,0.227027403477,43.00000000000034
808,0.231189743027,-4.9270491555,4.52578121215,-2.90003255706,43.00000000000034
809,0.20369068674,-2.32604397157,5.14339432695,-1.14475373815,43.00000000000034
810,0.209288903589,-14.9665465209,10.5961528235,6.61954084903,43.00000000000034
811,0.190893017989,-1.42019882928,6.39297033328,-1.72394911801,43.00000000000034
812,0.642547377183,2.49997030821,2.92924144933,-3.51341714974,43.00000000000034
813,0.13492432335,-2.68019934078,3.03579141027,-0.149984389919,43.00000000000034
814,0.245591786812,-2.11095863518,5.41517311507,-0.583297402688,43.00000000000034
815,0.288202015524,-8.41712540064,6.48333184151,-5.19266748418,43.00000000000034
816,4.86096121532,-1.38812526366,5.21311587899,-0.591417873029,43.00000000000034
817,0.406781712019,-3.19226754969,6.5949771426,-1.12725543605,43.00000000000034
818,0.100318131353,-2.55906500029,3.27996470033,-3.77315467639,43.00000000000034
819,0.846948224768,-0.529483941239,8.01489423812,-0.385813122129,43.00000000000034
820,0.461117392339,12.1447135674,3.21892728335,8.43518129427,43.00000000000034
821,1.2905619022,1.10970869779,-1.41582434716,-8.83393925738,43.00000000000034
822,0.275578831414,-2.25006524857,3.79594917986,-2.34658741744,43.00000000000034
823,0.103419023479,-4.83884579347,0.703450580196,3.8061193419,43.00000000000034
824,0.333431381501,-0.261648686488,2.8215978798,-3.50047610976,43.00000000000034
825,0.229304507567,-3.86633899487,2.42791281959,-0.933623567768,43.00000000000034
826,0.148421749421,4.29061505314,7.00651457712,0.175939008007,43.00000000000034
827,0.144829315265,-1.66239082243,8.46170072889,-2.80501284869,43.00000000000034
828,0.100557735542,2.01857858819,4.11920214281,0.223088388305,43.00000000000034
829,0.804544754673,-0.168621405995,5.58002136512,-1.17848819117,43.00000000000034
830,0.170765502119,-0.136899545591,4.92075935891,0.905502611614,43.00000000000034
831,0.209480019409,-0.295121540288,6.64505126972,-6.18737708673,43.00000000000034
832,0.244291333207,1.97328943784,6.21939439134,-1.50982332859,43.00000000000034
833,0.151633028322,-2.5165256322,5.65372497735,-0.144513603287,43.00000000000034
834,0.167375010204,-0.667321669393,9.24794690419,1.18388512239,43.00000000000034
835,0.486698057,-0.85698031807,2.97968655638,0.391223752599,43.00000000000034
836,0.185566581111,-22.356245323,-25.7216345334,24.1680635911,43.00000000000034
837,0.214011556385,0.165626254287,6.29777891042,-6.49140724681,43.00000000000034
838,0.24205749133,-1.93304264219,7.36234199795,-2.98528657554,43.00000000000034
839,0.618230626107,-0.120538791626,-1.11307375638,-8.83942648445,43.00000000000034
840,0.107351327323,-2.77958188847,4.57779765252,-1.49097033729,43.00000000000034
841,0.315292798604,1.03761414199,-9.58792525192,7.91175051183,43.00000000000034
842,0.108986857635,-3.11627799213,9.53568106228,-0.676617370679,43.00000000000034
843,0.196567745469,-0.640029632133,5.03447228624,-0.881052170074,43.00000000000034
844,2.55148100573,-5.03974111239,6.42195820112,-2.03623879566,43.00000000000034
845,0.199008391742,-1.70368517596,5.1470954663,0.892722140852,43.00000000000034
846,0.124555829324,-0.39206273069,3.07721090852,-3.35164039716,43.00000000000034
847,0.21903274149,-9.56973799666,1.5784788532,-17.7260102816,43.00000000000034
848,0.744004570043,-2.64227814458,4.66542066691,-2.22019670203,43.00000000000034
849,0.188247634443,-2.73091600897,4.3102882788,2.9622897409,43.00000000000034
850,0.163581266832,-9.31380151048,1.51276326275,-3.73602973681,43.00000000000034
851,0.103788960691,1.94038020721,5.15124939966,-1.43303378908,43.00000000000034
852,0.245623132568,-1.63043972998,5.05449491153,-1.55118347036,43.00000000000034
853,0.100440033358,-0.880387145813,6.09858822361,-2.25993895484,43.00000000000034
854,3.37408163806,12.8501076497,-1.72553802664,4.49211223106,43.00000000000034
855,0.16645950947,0.827152970817,5.06492594968,-2.18950243736,43.00000000000034
856,0.256983599245,-1.70671101029,6.02070014245,-2.01423828456,43.00000000000034
857,0.267026509722,-0.256456261098,10.7762026642,-6.26963002728,43.00000000000034
858,0.859210268419,-0.247869789298,7.10952632797,0.0631970851813,43.00000000000034
859,0.128735402531,0.680159408561,2.16660769718,-4.16054220069,43.00000000000034
860,0.447959183093,-2.06593391182,8.77410222123,-1.41231527316,43.00000000000034
861,0.806577210717,-11.3753661469,7.56483284151,4.69252614923,43.00000000000034
862,0.475529198969,-3.05715942839,6.07771859588,6.99442509839,43.00000000000034
863,0.150028174844,-0.446623304831,4.09917322603,-2.61432609314,43.00000000000034
864,0.483382940983,-1.3655087533,4.93534932833,-0.734010355314,43.00000000000034
865,0.10990126413,0.700645479123,3.06558695927,-2.08341851774,43.00000000000034
866,0.591647435331,-0.736003792611,4.48106923918,-4.92825702525,43.00000000000034
867,3.81704903856,0.377032861095,3.28845448494,-1.82739413346,43.00000000000034
868,0.381861327303,-2.02961846845,7.6578462177,-1.63660152205,43.00000000000034
869,0.58398266714,-0.85965389256,5.80084114594,-0.65170585418,43.00000000000034
870,0.162988998413,-1.96820562106,4.71348336907,-2.89129783151,43.00000000000034
871,0.611963088622,-1.63364835121,2.76658707413,-5.16582713938,43.00000000000034
872,0.178126035784,-2.9696822339,2.9665999053,-4.27959763839,43.00000000000034
873,0.127582246777,-2.1904279836,4.45604581862,-2.37279506966,43.00000000000034
874,0.32234858697,-1.69129160359,2.74200264001,-1.84427619166,43.00000000000034
875,0.234415918017,-2.3280322917,4.86937508932,-2.0955045271,43.00000000000034
876,0.307546511527,4.15514570133,7.52243067534,-1.57620752677,43.00000000000034
877,0.472886024638,-3.27417045525,5.30346150063,-3.55405277559,43.00000000000034
878,0.173490655248,14.5892582569,-9.88795617357,-5.67146862769,43.00000000000034
879,3.83340050621,-2.0731076311,5.68379588839,-3.93768385495,43.00000000000034
880,0.164315615828,10.5923092886,7.33588044997,2.34303522381,43.00000000000034
881,0.547550591217,-13.3953239459,18.1489403834,10.7058881624,43.00000000000034
882,0.374666345218,42.7146428967,-30.7473278941,-20.4265321869,43.00000000000034
883,0.185812089622,-8.77517321612,10.2475966618,-6.16024097878,43.00000000000034
884,0.410670603762,-6.24673314931,7.62824267212,1.77435641952,43.00000000000034
885,0.209871114274,-3.09221962833,5.93881750894,-2.5272384957,43.00000000000034
886,0.463437844131,-0.9749423167,4.48541173223,-1.72566423234,43.00000000000034
887,0.267626958395,-1.58817840676,4.99225955003,-1.47826627654,43.00000000000034
888,0.122686185678,-0.843642842299,5.67774322366,-0.558363287467,43.00000000000034
889,0.220187632192,0.484162811983,6.16278727413,-4.36121048349,43.00000000000034
890,0.564890467127,-0.680142490628,2.3868560438,-1.01676706524,43.00000000000034
891,0.258109892081,-0.831885343157,4.65648050695,-0.723113470412,43.00000000000034
892,0.366022374969,-4.8168999136,1.23722853927,-1.27469901219,43.00000000000034
893,0.859500386626,-2.53956590875,4.90879045676,-2.79462333492,43.00000000000034
894,0.126792038808,-1.22440984323,9.1514909681,-8.01979150431,43.00000000000034
895,0.621954945264,2.46605165041,22.2962127322,20.0288750804,43.00000000000034
896,0.832360526394,-1.20525728815,6.61690030868,-2.93846822836,43.00000000000034
897,0.182048107454,-0.859597995693,4.45116333147,-3.23264169681,43.00000000000034
898,0.118910729113,-2.99538580723,6.12651270972,-1.52430068076,43.00000000000034
899,0.371906952477,17.9348322588,18.8314142439,11.7766618396,43.00000000000034
900,1.38098274793,-2.22800943851,8.49646632041,0.0610723759469,43.00000000000034
901,0.140474236281,-1.6186233121,4.34844339674,-6.07670969293,43.00000000000034
902,0.240334646775,-2.81186652369,5.91415711593,-1.94769163284,43.00000000000034
903,0.213783428476,-0.20121844664,4.86307952933,-2.31330798455,43.00000000000034
904,0.305852930861,-11.0488096747,6.52468812911,4.83791473898,43.00000000000034
905,0.428616094259,-2.16120711599,5.05041615496,-2.56348456362,43.00000000000034
906,0.296419876951,-2.54459224363,4.1927762363,-2.00360973619,43.00000000000034
907,2.02476229916,-0.674825380252,4.64919233168,-2.31779649634,43.00000000000034
908,0.702365408382,-12.6601205444,9.98670798796,-11.4949941301,43.00000000000034
909,0.453156366086,-5.90269976814,1.29058235658,16.2037001258,43.00000000000034
910,0.163675778885,1.58295674224,4.53661347232,-1.13143666382,43.00000000000034
911,0.359436164248,-2.40415899754,5.60244660293,-0.174036925611,43.00000000000034
912,0.277230951921,1.37426398627,-0.296175187403,-5.72440859915,43.00000000000034
913,0.231286890685,0.905734572785,8.09159654901,-3.01488785949,43.00000000000034
914,0.41267348482,-3.58269093705,3.25617337529,-0.710728526884,43.00000000000034
915,0.223397936833,-0.220997527989,7.99981056327,-2.73122489553,43.00000000000034
916,0.225475802382,-12.9240931234,36.1795135843,12.139938797,43.00000000000034
917,5.27903156718,-2.18594435488,4.9399120632,-2.36096043139,43.00000000000034
918,0.677411362197,-3.17082953925,-2.56656437552,-2.49281399557,43.00000000000034
919,0.279365206598,-1.65501404955,5.08144311339,-3.58723515564,43.00000000000034
920,0.328837220465,-0.635716907105,7.53456079846,-0.064159385964,43.00000000000034
921,0.39062223735,-1.29851002915,3.91473475623,-2.33610157451,43.00000000000034
922,0.238503244202,-3.25873728224,6.90589659179,-0.895795286324,43.00000000000034
923,0.372563795587,-1.88213567313,5.48433584233,-2.23153652874,43.00000000000034
924,0.280036858145,-1.02411608967,5.75733931138,-4.28396226942,43.00000000000034
925,0.283709253525,14.1868221417,45.9548592664,5.27132756119,43.00000000000034
926,0.566623903196,0.30658680862,4.8800860257,-0.153817874523,43.00000000000034
927,0.45478563503,0.608130434233,8.69259337623,-4.17916328447,43.00000000000034
928,1.14087493056,-1.11679349628,3.59787345212,-4.79342204072,43.00000000000034
929,0.119108785251,-0.949069401419,4.2637646929,-0.87959714991,43.00000000000034
930,0.203556752711,-3.20540223619,7.31120241439,0.681565922666,43.00000000000034
931,0.104877654638,-1.66291248244,5.83456144279,-1.89814053368,43.00000000000034
932,1.89636350585,-2.64500527272,4.60482206527,-1.51924580881,43.00000000000034
933,0.107050472113,-8.63923829664,4.83322154198,-15.1713505466,43.00000000000034
934,0.686311738125,-7.64755226094,10.5176575176,0.572857537751,43.00000000000034
935,0.19845586336,-1.68725736404,5.45580513304,-2.65927015911,43.00000000000034
936,0.578398517005,1.34165972354,53.9256752087,-76.7601310893,43.00000000000034
937,0.222769774441,3.14650395247,-1.38789743247,27.7477749424,43.00000000000034
938,0.281392453648,-1.962495474,4.99103864042,-2.83356616769,43.00000000000034
939,0.229699401677,-15.678350666,8.84194347623,4.80988296844,43.00000000000034
940,0.146384603893,-0.897419235844,6.90246077941,-4.91474503652,43.00000000000034
941,0.456926853244,16.7711142158,-2.57905377905,-29.661188437,43.00000000000034
942,0.306951000681,-15.2886114803,-8.30853791071,-11.7552184692,43.00000000000034
943,0.641580672486,-4.67509423221,9.56181123661,-5.113122691,43.00000000000034
944,0.145936166459,1.25194497506,3.49138941293,-6.3282015919,43.00000000000034
945,0.51511713119,-1.01001992258,3.85490894441,-1.45148897154,43.00000000000034
946,1.91920420306,8.455923396,6.9514102696,2.92812084609,43.00000000000034
947,0.236701480253,-1.8679168413,4.61951419255,-1.83056289912,43.00000000000034
948,1.03464354428,-2.54527739286,4.0194138421,-2.29175084007,43.00000000000034
949,0.185510194952,-3.18825205155,7.92304598656,-2.62700565426,43.00000000000034
950,0.226767193664,-1.28278584343,5.46112737026,-4.39674562159,43.00000000000034
951,0.762452022931,-3.63222370968,6.44914051086,-4.22931231863,43.00000000000034
952,0.294197791226,1.05089287902,4.41040135206,-1.36056787755,43.00000000000034
953,0.739710399118,7.05727425583,6.06718118945,14.781325213,43.00000000000034
954,0.288904315292,-2.94449187552,5.17156058581,-1.34379445379,43.00000000000034
955,0.58570787808,-4.96980788785,6.69922557912,-0.905643016676,43.00000000000034
956,0.219046827212,-1.56587966392,4.463427291,-1.79181589853,43.00000000000034
957,0.106573401886,-4.29047019397,1.35413613976,-1.26254764439,43.00000000000034
958,0.359529812745,3.37139251858,1.4506591179,-3.09740627228,43.00000000000034
959,0.364974732862,16.1954540178,-12.2473923477,-18.2837187019,43.00000000000034
960,0.13969726342,-5.27581910013,5.28055161155,-2.2051591203,43.00000000000034
961,0.193072911281,-0.515863126401,4.22794490926,-2.28785180497,43.00000000000034
962,0.500114173007,-0.251209246724,5.31359467696,-2.62235632025,43.00000000000034
963,0.595430275905,-2.38474784239,4.55666789515,0.900808309653,43.00000000000034
964,0.41412831373,10.9868023083,-40.0846414568,-3.60869928619,43.00000000000034
965,0.337948925118,-2.50530799667,5.6238124828,-3.22710576573,43.00000000000034
966,0.187853131283,-0.299184596087,8.65592577011,-1.40938170291,43.00000000000034
967,0.114452973871,2.0120490317,0.488271087679,3.41631560533,43.00000000000034
968,0.877933384096,-1.26483184867,5.00624992422,-2.10704782314,43.00000000000034
969,0.779668004099,-0.400744229142,5.29313317128,-0.871472538264,43.00000000000034
970,0.294255006331,18.1737268713,-14.5842944138,-3.28099764977,43.00000000000034
971,0.209431702764,-4.96213469913,2.23438312855,3.38871965761,43.00000000000034
972,0.300866384426,-2.12536201194,4.48918183592,-3.40732232677,43.00000000000034
973,0.116280006658,28.5260433783,-35.5457545218,-16.5286714875,43.00000000000034
974,0.109774166364,0.52226730292,-0.0918238035867,-6.5674776749,43.00000000000034
975,0.231832616947,-1.83418568529,2.46732393055,-1.0620543044,43.00000000000034
976,0.21201418671,-1.04402932156,3.89411591863,-1.83298406329,43.00000000000034
977,4.60770726407,-0.600930957729,4.43792097843,-2.54710171853,43.00000000000034
978,0.562162278735,-26.9907240346,-9.87385809153,-10.1421842721,43.00000000000034
979,0.679379459666,3.27564189336,7.54167241314,3.11933440797,43.00000000000034
980,0.174654525869,-1.55798382131,4.99775834729,0.0727810994568,43.00000000000034
981,0.177703791387,-1.33772022554,4.58025661562,-1.31535534805,43.00000000000034
982,0.401438438738,0.67985199396,8.44921152702,2.18580690539,43.00000000000034
983,0.510257900013,-1.72232640436,6.3328360588,-0.840693888878,43.00000000000034
984,0.284114037762,-3.41572173011,4.38702206821,-0.10184108338,43.00000000000034
985,0.488117673681,-1.13043485073,5.15826228011,-0.328071051695,43.00000000000034
986,0.518619867093,-13.5281060102,-19.9148269471,8.89579386863,43.00000000000034
987,0.725324228904,-7.0093471062,-6.62858615833,1.64077745782,43.00000000000034
988,0.416994728997,-0.633917654244,7.66362018366,-5.66896868116,43.00000000000034
989,6.36788210732,-1.5488144558,4.91915415481,-2.91389814448,43.00000000000034
990,0.470956826791,-2.31029202784,6.2231954535,-3.01675368975,43.00000000000034
991,0.309039890909,-1.66141221399,3.91809074445,0.666661250205,43.00000000000034
992,0.275897630981,1.28125498979,8.17365889862,-11.9181654712,43.00000000000034
993,0.499742047777,-2.74527223188,3.77892441817,-2.32843449412,43.00000000000034
994,0.416576387889,-2.23300715101,9.52992342019,-3.37208220239,43.00000000000034
995,1.38417401536,10.8023570098,-3.92924751474,-21.1961114219,43.00000000000034
996,0.11125679135,-2.27706975569,5.54784469014,-1.03461381869,43.00000000000034
997,0.234697804065,8.15441020213,-5.58708247755,-30.9009773405,43.00000000000034
998,0.445356422164,-3.87781009226,2.15560801822,-2.4272643872,43.00000000000034
999,0.386766508153,-1.62442532099,7.26483337538,-0.430861281963,43.00000000000034
