Star_ID,Mass (MSun),X (pc),Y (pc),Z (pc),Simulation Time (Myr)
0,0.220815110994,-1.01368554685,-1.01655834503,-1.1297331356,9.199999999999983
1,0.625111394365,0.91450398019,-1.67898061005,-1.39450490523,9.199999999999983
2,0.33844110053,-1.99542351694,-1.73242002617,-0.46133695007,9.199999999999983
3,0.215403004902,-3.77761389112,-2.3554193973,0.953734648234,9.199999999999983
4,0.128478963797,-2.04796309393,0.342546440163,-2.35823448924,9.199999999999983
5,0.521201811201,-0.454968030187,-0.251069179386,-1.17066807279,9.199999999999983
6,0.231543241697,1.46813939778,-1.78226460142,-1.56674410779,9.199999999999983
7,0.244577744347,-0.189392757293,-1.6544347991,-1.27798748399,9.199999999999983
8,0.427853467537,0.000504033786211,-0.330040853816,-3.28063337722,9.199999999999983
9,0.308223255626,6.29030010001,3.54708795226,0.379019248928,9.199999999999983
10,0.189824974246,4.33820885933,-1.0017423338,-0.957222667605,9.199999999999983
11,1.2670180564,-1.26369225439,-1.06983373222,1.09807969094,9.199999999999983
12,0.306066152742,-1.93154009071,-1.21349498754,-3.03240396007,9.199999999999983
13,0.116220055173,-2.07216214982,-2.27564960135,-2.56026177238,9.199999999999983
14,0.37792258117,-1.0911281137,0.761327346789,-0.742955393136,9.199999999999983
15,0.100929542686,-1.63281791811,0.379465705478,-2.35206307023,9.199999999999983
16,0.184853213336,-1.50914768302,-0.473329690545,-0.620735370566,9.199999999999983
17,0.469641202072,0.326876860432,0.946948328611,-0.492512610217,9.199999999999983
18,0.386955422019,2.5816754068,2.00321874158,3.60593653135,9.199999999999983
19,0.152582914045,-0.64841892593,1.69247121172,-0.383387154823,9.199999999999983
20,1.11618252864,0.573087755696,-2.7476964105,-1.41781039633,9.199999999999983
21,0.500968267026,-0.457487354977,-2.02742681204,1.82683929569,9.199999999999983
22,0.29355176015,-0.505104209564,-1.99739304009,-0.424733912403,9.199999999999983
23,0.419912748761,2.77161657074,2.88658812523,-1.54074949273,9.199999999999983
24,0.811377968274,-0.350598138896,-2.21693449024,-1.68983179428,9.199999999999983
25,0.108113761523,-1.38628592253,-1.4963172558,-1.78939131029,9.199999999999983
26,0.205869247594,-3.54806127069,-3.57206312063,-1.59853312726,9.199999999999983
27,0.299304781799,1.30120819028,1.07094821671,1.62411566422,9.199999999999983
28,0.105892912238,-1.75435975175,0.0567769839651,-0.750886798456,9.199999999999983
29,0.482425854874,-0.0815460624102,-0.0764907289608,0.842570587939,9.199999999999983
30,0.143688713162,-0.0665255571894,-4.72331353148,-2.67976135136,9.199999999999983
31,0.840695989859,-0.997357308012,0.082929451603,-1.07023549888,9.199999999999983
32,0.525861567743,0.618173510197,-1.96839181193,-0.551614170031,9.199999999999983
33,0.365976500685,-1.26096140784,-0.64199614548,0.236642046216,9.199999999999983
34,0.138642506012,-1.31576190523,-1.24290895667,-1.27551749215,9.199999999999983
35,0.378446028254,-0.20505453183,-0.846916074256,-2.8399699681,9.199999999999983
36,0.444993193671,-1.19412710542,-1.7682713729,0.201170118812,9.199999999999983
37,0.182501190332,0.0475161317008,1.26803366239,-2.30876851683,9.199999999999983
38,0.753623400815,-2.75157904175,1.32441974317,-3.28171332395,9.199999999999983
39,0.81648390716,0.395488596423,-1.34484874855,-2.93039895544,9.199999999999983
40,0.517149608621,-1.42174548067,-2.06285019773,-0.849138431564,9.199999999999983
41,0.147811856675,-0.825380262826,-0.578717351788,-1.34429633606,9.199999999999983
42,3.50070515685,0.257537000488,-1.44979462053,0.366872973078,9.199999999999983
43,0.114060503286,0.529994014988,-0.540902096076,-3.48632544152,9.199999999999983
44,2.89027588589,-1.73474954206,-0.77022735751,-0.00454001127985,9.199999999999983
45,0.295841273145,0.00322132466274,0.700916619882,-0.86252216152,9.199999999999983
46,0.144065210783,-6.65047391339,1.30538002274,-6.01812209407,9.199999999999983
47,0.587404816825,-0.262734746732,-1.3616389041,-1.15892843779,9.199999999999983
48,0.109335562483,-1.95695094536,0.311727255927,3.76274627733,9.199999999999983
49,1.0794477599,0.865826972831,-0.377625179614,0.147341970871,9.199999999999983
50,0.679936562417,-1.40172690458,0.71864653396,-2.0450419012,9.199999999999983
51,0.134073022294,1.15069974947,-0.52106783548,-2.02420086346,9.199999999999983
52,0.421221983962,-0.0593916538614,-1.89906752648,0.444932051848,9.199999999999983
53,0.208068388983,0.920194695083,-0.700865434572,-2.18205678057,9.199999999999983
54,0.141556137474,-1.25726184745,-3.28506510392,-2.64681983701,9.199999999999983
55,4.05580099204,0.304548258879,-0.104437678337,-0.517686676559,9.199999999999983
56,0.686821546022,0.0101479390618,2.24699498554,-1.40828844719,9.199999999999983
57,0.417761699787,-0.369049279397,-0.219067009908,-1.81426594014,9.199999999999983
58,0.573347612001,-0.453077024741,-0.38444265657,-2.49689904873,9.199999999999983
59,0.100320830186,0.43613027759,1.44707505287,-2.66216020678,9.199999999999983
60,0.493809271884,-0.124179123561,-1.10146321635,-0.655495937868,9.199999999999983
61,0.855286179547,-0.74405323933,-0.203800196373,0.973576547896,9.199999999999983
62,0.220493822718,-8.4630897951,-4.49822182571,-5.45551408023,9.199999999999983
63,0.52381937835,-5.2622463225,0.563686026548,-1.7234927989,9.199999999999983
64,0.510091995988,-0.881382143902,0.668801112245,-1.68184430109,9.199999999999983
65,0.181904791176,-1.02183529158,-1.51927566022,-0.194385036378,9.199999999999983
66,0.267359649991,1.44117501499,-3.81262634058,-1.77661943005,9.199999999999983
67,0.742042771045,0.497467971693,-2.67887860985,-3.29435957078,9.199999999999983
68,0.998239484745,-0.785759976693,1.31887941896,-1.98953021313,9.199999999999983
69,0.361117207683,0.268875304979,1.0365355144,-2.39718726766,9.199999999999983
70,0.530286828505,-0.0958468574758,-2.31123799045,-1.55747619575,9.199999999999983
71,1.76347651578,-0.377128921966,1.84422638228,0.112712635673,9.199999999999983
72,0.498290535749,-1.12876395537,-1.43765665946,-1.11113971623,9.199999999999983
73,2.68304086284,0.704932476275,-0.994655954075,-1.62105681047,9.199999999999983
74,0.157158917653,-1.33935343067,-3.33477402835,-4.82054882255,9.199999999999983
75,0.172601750805,2.88640152575,-0.930231618551,-1.20915165133,9.199999999999983
76,0.204322018579,2.31742813281,0.125053029716,-0.525516510172,9.199999999999983
77,0.534570091759,1.28183523007,2.96825480545,-4.64688580461,9.199999999999983
78,0.436388006068,1.41050211307,-0.42710981682,-0.824303594615,9.199999999999983
79,1.26224095823,0.414222862054,-1.16633535531,-1.04524233346,9.199999999999983
80,0.417605495482,-0.261020655911,-1.66883317465,-2.26199360401,9.199999999999983
81,0.329460030538,-1.69719616139,-0.241967495141,0.905839418754,9.199999999999983
82,0.944293146116,-0.0822485938505,-2.49690155988,-1.34524623729,9.199999999999983
83,0.279431521996,-0.534401612008,-0.841396098636,1.02153994167,9.199999999999983
84,0.306431098608,1.52841022984,-2.59162706871,-1.87936112796,9.199999999999983
85,2.51455300537,-2.18219228491,-3.37524060155,-2.9966725807,9.199999999999983
86,1.02096441418,-1.13196731732,-1.02279642182,-3.61515598651,9.199999999999983
87,0.441471126161,-1.1190125538,-0.984541660127,-1.80725208513,9.199999999999983
88,0.264796280897,-1.50215366696,-0.611429306077,-1.81913275441,9.199999999999983
89,1.20881017281,-1.4655179851,1.32113514072,-1.20428306711,9.199999999999983
90,1.16950611478,0.686841347017,0.382351744309,-0.918307991475,9.199999999999983
91,0.232919915143,-0.645090508586,-0.220331149374,-1.19113169767,9.199999999999983
92,0.240227374514,-1.87729224857,-0.047903219525,-1.72529898128,9.199999999999983
93,0.391915297578,0.649693448936,-1.74160329996,-8.16906751705,9.199999999999983
94,0.102511635309,-1.73277083442,-0.11805252189,-8.54324264716,9.199999999999983
95,1.46556872936,-1.33925112709,-0.651305177849,1.14799866071,9.199999999999983
96,0.212761209765,0.572883112279,0.924659259865,-3.27268000586,9.199999999999983
97,0.129433487927,0.072776945884,2.46585771677,-2.08584900501,9.199999999999983
98,0.1454487007,1.37425368607,2.5038301887,0.973539650588,9.199999999999983
99,0.331668706544,-2.20382453211,0.397273300538,-0.726551085852,9.199999999999983
100,0.654653897416,-2.42200004601,-0.63365809821,-0.767482082516,9.199999999999983
101,0.158049708876,-0.686834400948,-1.35004931251,-2.64389641924,9.199999999999983
102,0.211585218766,0.888779564144,0.275428724585,2.87505544206,9.199999999999983
103,0.246768513066,0.291400455669,1.37752200315,-3.74887459627,9.199999999999983
104,1.94372454174,2.75784819226,-1.27701790108,-3.79479724221,9.199999999999983
105,0.470936026079,0.177896967056,0.434961400136,-0.679193300428,9.199999999999983
106,0.234744261236,-2.38850733989,0.430656407441,0.00551005517884,9.199999999999983
107,0.139194733654,2.01645071719,0.0839061603382,-2.35602657777,9.199999999999983
108,2.16934522047,-1.40609009368,1.2930649996,-0.590178599249,9.199999999999983
109,0.115684084364,-0.210498917568,-0.0146929055141,0.61290900502,9.199999999999983
110,0.754581830005,0.0814987264107,-0.27067819221,-0.606785787721,9.199999999999983
111,0.136015156714,-0.259541968229,0.923922226655,0.56607877084,9.199999999999983
112,0.591944691242,-0.806227617464,-0.294967436685,-2.89855898231,9.199999999999983
113,0.168370066725,0.186897189578,1.51095244582,1.52380412937,9.199999999999983
114,0.467282155489,0.0532563811554,0.232173649171,-2.03352080614,9.199999999999983
115,0.242406700395,-0.848735119103,0.494921724683,-2.92585190341,9.199999999999983
116,0.364961735855,0.220596529894,-0.816271157867,-1.34133486882,9.199999999999983
117,2.70189379199,0.967838289759,-0.926014087434,-1.23805178291,9.199999999999983
118,0.420833233042,-2.80310726386,0.646169425763,-2.60606509057,9.199999999999983
119,0.258609845691,0.213694521906,-1.45036498395,-3.10607032279,9.199999999999983
120,0.317103503922,-1.31483284543,1.39203257998,-7.33008433782,9.199999999999983
121,0.216389248591,1.85773331111,-2.25190978637,0.279786844077,9.199999999999983
122,0.630598589695,0.418846747526,-1.06182615411,-2.72990000077,9.199999999999983
123,0.513910480411,-0.538618958804,0.697285212726,-0.817663318877,9.199999999999983
124,0.136163212562,0.283668870775,-0.356121468642,-2.57346001737,9.199999999999983
125,0.137750556525,-0.0106068681639,-2.95571426496,-1.72176553288,9.199999999999983
126,0.35363141906,-1.58001961955,8.22328020672,3.9894899842,9.199999999999983
127,0.285198149631,-0.668907149844,0.609914255142,-1.85301865354,9.199999999999983
128,1.24208033017,-0.708469590343,-0.823505653977,0.326347357404,9.199999999999983
129,0.169851391431,-0.265413636341,-0.313812769062,0.0324120413233,9.199999999999983
130,0.112980484881,-1.63660192155,2.81825964733,-4.75082481537,9.199999999999983
131,0.261124621237,0.564879778973,0.179841684362,-6.1341338188,9.199999999999983
132,0.371699238605,1.74793364585,4.52124093979,-1.68906162356,9.199999999999983
133,0.974285627962,-0.326077735353,-0.737576818782,-1.39242107726,9.199999999999983
134,0.229431602239,-0.414535581216,-0.757666520895,-1.43729057182,9.199999999999983
135,0.193408157946,-0.28758515064,3.59692656752,-1.10979076366,9.199999999999983
136,0.103408917863,-0.733660574089,0.64495099964,-3.25165164089,9.199999999999983
137,0.282138537965,1.53757333862,0.599393091676,-0.0609130563901,9.199999999999983
138,0.112041797316,-0.431813871984,-4.03530924638,2.26168714968,9.199999999999983
139,0.334970161869,-1.56376692727,-2.44279933334,-5.08724576922,9.199999999999983
140,7.78510873598,2.94181645345,-0.494748301609,-4.86924726127,9.199999999999983
141,1.12804181068,1.20239853421,-3.12772731041,-2.39277769202,9.199999999999983
142,0.12013248894,-2.97599652249,1.61005262138,-3.4647078284,9.199999999999983
143,2.98797673842,2.12503355736,-2.96863043137,-0.450200071897,9.199999999999983
144,0.143292633587,-0.461245848514,-1.62840374336,-0.7437389431,9.199999999999983
145,0.11160905505,-1.18321338698,-0.624152654047,-3.52360120366,9.199999999999983
146,1.53628126397,0.341030955099,0.518358829601,-1.27164502198,9.199999999999983
147,2.73943087059,0.361782246224,-0.463583460449,0.777829198638,9.199999999999983
148,0.413010007674,0.973974927785,4.41988553796,-0.973156849089,9.199999999999983
149,0.202464573082,-3.5762388588,-1.27004237171,3.71698114753,9.199999999999983
150,0.228718530163,-2.54467120779,-0.536567380497,-1.26439824979,9.199999999999983
151,0.259109173167,-3.45854959637,-0.174077131827,-1.93564493015,9.199999999999983
152,0.170323913426,0.7013505057,0.147431740678,-3.65961769291,9.199999999999983
153,0.24732128515,1.64312139085,-0.784394808742,-0.376784448187,9.199999999999983
154,1.1912238126,0.714534843711,-1.83514137153,1.46999067137,9.199999999999983
155,0.51368466526,-0.115727082285,-4.06765909277,-1.2905963284,9.199999999999983
156,0.681058922608,-1.97168313724,3.1988582956,-2.26210830962,9.199999999999983
157,0.105132505175,6.29377887598,5.48362013794,3.22448050489,9.199999999999983
158,0.314993845385,-1.26416140462,-1.43630498091,-2.73022061665,9.199999999999983
159,3.01998105657,-0.61503118971,-2.14452599268,0.24885422955,9.199999999999983
160,0.394019495537,-2.40890309044,-3.68770525279,-1.37405411411,9.199999999999983
161,0.231535874195,-1.09077565863,-0.797336801667,-2.00421283267,9.199999999999983
162,0.251514562851,-1.23678705738,-1.47696703106,-0.0417693864215,9.199999999999983
163,1.0275782205,1.09705424381,-1.02436430273,-0.699535348872,9.199999999999983
164,0.622268563293,-0.820734941327,-0.0415014098611,-2.68216502824,9.199999999999983
165,0.146564795489,-0.323351603669,-0.725157578541,-0.678344041234,9.199999999999983
166,0.149645610441,1.23749778487,0.0594197615816,-5.26670645606,9.199999999999983
167,0.227892649561,0.168952209647,-3.52371591921,-0.191168351074,9.199999999999983
168,0.198777230618,-1.91084252905,-1.21270876875,-1.41867161036,9.199999999999983
169,0.114426233768,0.022052941054,-1.85371824808,-1.07703790794,9.199999999999983
170,0.56221544863,0.0641525706679,-4.94657168579,-2.56927306346,9.199999999999983
171,0.162768636817,0.46616573705,0.886911197025,-4.4156231938,9.199999999999983
172,1.49123041412,-0.0531034093547,-2.16306752952,-0.266334325257,9.199999999999983
173,0.673130507472,-0.381575767907,0.16648486926,-4.08604401898,9.199999999999983
174,0.907877872704,0.194131200929,0.207210888845,-1.71657814434,9.199999999999983
175,0.275709625621,0.44789105733,-0.849984322476,-3.48362404788,9.199999999999983
176,0.601838528477,1.82944493736,-3.43946590888,-0.695383670794,9.199999999999983
177,0.217112745753,-0.861840061958,0.459655884366,-2.33622875942,9.199999999999983
178,0.471202939349,-0.17634310584,-0.78478577171,-1.46346077168,9.199999999999983
179,0.714398835651,-1.49423194631,-1.62529076565,-1.14043193396,9.199999999999983
180,0.31051721336,-3.71276872865,3.56623579838,-2.25172081145,9.199999999999983
181,0.280128923877,1.45695218752,-0.926351740569,0.77500298668,9.199999999999983
182,0.108738062123,-0.169373498814,-2.7935845768,1.17657809919,9.199999999999983
183,0.181491848517,-0.72651587368,-0.530141275936,-0.309201043599,9.199999999999983
184,0.32518893474,1.52349368518,-1.8432839209,-1.94652065678,9.199999999999983
185,0.402666817749,-1.44444737963,-3.96754293111,-1.7206661358,9.199999999999983
186,0.272031093103,-1.09686722549,0.0925325910667,-0.754858126524,9.199999999999983
187,0.221785857932,3.03256881119,3.14842938951,-3.03658807037,9.199999999999983
188,0.322101918483,0.151770909164,-1.72965854711,-1.39888646102,9.199999999999983
189,0.303359517828,-0.462727627023,0.987272570621,-2.42190304577,9.199999999999983
190,1.2925981094,-0.854012917661,1.92753736929,-2.57743594946,9.199999999999983
191,0.122234173335,-0.0530122058802,0.668883762403,0.604644401343,9.199999999999983
192,0.242120322395,7.50606880639,3.48840655504,-5.70944514732,9.199999999999983
193,0.467829453669,-0.299159766493,0.508068105077,-0.79403352432,9.199999999999983
194,1.26897017365,-1.07439488027,0.225891966641,-2.36206233472,9.199999999999983
195,1.6175534434,-0.505250567271,-0.639112947621,-1.32511563196,9.199999999999983
196,0.352794339782,-1.01751342718,0.00559503266278,-1.84650293555,9.199999999999983
197,15.5487791158,-0.821742134203,-0.310069342474,-1.70458163451,9.199999999999983
198,1.76738848712,0.984356459801,-2.91852475814,-1.4196590716,9.199999999999983
199,0.159500067669,-4.58926934306,0.924738200454,1.11081505709,9.199999999999983
200,0.340823941896,-0.278523299412,0.380484632563,-1.06782976571,9.199999999999983
201,0.11397368538,6.58145456088,-3.6079173899,3.0380382778,9.199999999999983
202,0.430850321162,-2.05877890002,-0.567531558023,-1.33395207023,9.199999999999983
203,0.234615130896,-1.86555985537,-0.662292005305,-3.27484565895,9.199999999999983
204,0.588355218297,-2.24565949273,-0.341003292254,3.71359680135,9.199999999999983
205,0.873782548664,0.0187253461457,-2.37060437789,1.08454707518,9.199999999999983
206,0.107688884928,0.444845329684,-0.847018946319,-1.7264408687,9.199999999999983
207,0.183084462704,-0.627196829904,0.699507917143,0.176976803152,9.199999999999983
208,0.606050362138,-2.50582458311,-2.49823102303,1.10570889212,9.199999999999983
209,0.242744350072,1.51187150486,0.261014677439,-2.84957050969,9.199999999999983
210,0.105215808881,-0.611873064581,-0.953506124861,-2.1789276513,9.199999999999983
211,0.127001050042,0.67015412372,-0.556213338797,-1.7864737499,9.199999999999983
212,5.17527239353,-1.87401255028,-1.49491357685,-2.19883310521,9.199999999999983
213,0.22694692947,-1.08521652779,-1.29398132114,-2.04538328296,9.199999999999983
214,0.338725112104,-0.530133055519,-0.670558726613,-3.71267600754,9.199999999999983
215,1.2513696891,-2.38658320258,1.60639531121,-0.591196893326,9.199999999999983
216,1.00196322965,-10.6058247169,16.378597727,-11.3174865402,9.199999999999983
217,0.77723676356,-2.02328559199,-2.15103147444,-1.93849401173,9.199999999999983
218,0.173442020573,0.43478041629,0.323132426196,-2.03840678189,9.199999999999983
219,0.155224134886,-7.91963173141,-2.82828644542,-5.35858411235,9.199999999999983
220,0.158536450517,-3.44374195926,-1.29826666422,-2.02105869397,9.199999999999983
221,0.109220137984,0.182362397106,-0.506518071559,-2.37279632922,9.199999999999983
222,0.14358139871,-0.928153182223,0.148623663425,-0.486603889811,9.199999999999983
223,1.35970083786,-1.83000848941,-0.0891138188383,-0.748021380428,9.199999999999983
224,1.67977114225,-0.664257205619,-0.638214933915,-1.16331955107,9.199999999999983
225,0.24504830022,0.176753619114,-0.490047302555,-1.74295050389,9.199999999999983
226,0.121291561172,-0.631866374409,0.515115936678,0.292091593397,9.199999999999983
227,0.130271732964,-0.443048398403,1.15727088696,-1.05484519983,9.199999999999983
228,0.421435270237,-0.19288274992,-0.708299624987,-0.945006204775,9.199999999999983
229,1.15107872535,-1.9486432843,-1.53878816575,-2.48059853703,9.199999999999983
230,0.328975039899,-0.652918327524,-3.31779984127,3.32794509463,9.199999999999983
231,0.466670019906,-3.48654713232,-1.76123565875,-1.02023203513,9.199999999999983
232,0.20722175386,1.69390533116,-0.895985107573,-6.98695751435,9.199999999999983
233,0.127453900064,-1.24806612613,0.463193896515,-2.32462292095,9.199999999999983
234,0.107112941762,-1.24348661916,-0.872362854514,-1.88299743003,9.199999999999983
235,0.328615360191,-5.48724282966,6.12766719947,10.1220171031,9.199999999999983
236,0.109211402045,-0.539487340228,-0.256655235497,-1.86907534831,9.199999999999983
237,1.33717801148,-0.783256156192,0.290345112784,-0.543696421371,9.199999999999983
238,1.15232593059,-0.579627632443,-1.72685376059,-1.47745586468,9.199999999999983
239,0.152426787356,-0.713286766764,0.73251803306,-3.70587407642,9.199999999999983
240,0.249708829147,-0.408221755008,0.575656059107,-1.87385620364,9.199999999999983
241,1.90518649972,-12.6821264239,-1.32350688329,-4.4316063176,9.199999999999983
242,1.61141248747,-2.33975047645,0.425293148193,2.03583748924,9.199999999999983
243,0.123016146579,0.250208009307,-1.76676164467,1.03548424664,9.199999999999983
244,0.110040560263,-0.488617206199,0.435011756357,-0.744854008294,9.199999999999983
245,0.928111587272,0.780407457801,-1.84383439325,-1.91360185961,9.199999999999983
246,0.339811587833,-0.987779080264,-0.0877326019709,-1.69220652373,9.199999999999983
247,0.983560558543,-1.87924346836,-1.22555788051,-1.41453470662,9.199999999999983
248,0.195055625464,-0.698346035342,0.0431507917073,-3.01626030728,9.199999999999983
249,0.183535045014,-1.03565375856,0.638746618688,-2.33647806444,9.199999999999983
250,7.42077490681,-0.983048914069,-0.824552613105,-1.12705853544,9.199999999999983
251,4.68843047237,-6.52838373407,3.54389683389,1.50596599259,9.199999999999983
252,0.186082161362,-0.973910984855,0.11535633876,-1.06847866314,9.199999999999983
253,0.118561082641,0.0740150410635,0.487336315802,-4.09818371192,9.199999999999983
254,0.407375809207,-1.93970940797,3.42486853748,-1.58062586703,9.199999999999983
255,0.224858720462,0.331207977925,-0.635391591881,-2.06796054025,9.199999999999983
256,0.168379812284,-0.46303120879,-2.95579642375,-5.72097577516,9.199999999999983
257,0.635920494175,0.432425578136,1.13767640542,-1.45268615984,9.199999999999983
258,0.143276680405,-2.23841735905,-1.89856831214,0.69913370089,9.199999999999983
259,0.112853956917,-1.49227223122,1.10243826843,-2.71452757891,9.199999999999983
260,0.679170275287,1.61667222822,-2.34062528355,2.02448212954,9.199999999999983
261,0.106406565832,-0.416596494708,-0.992133397441,-2.51534759288,9.199999999999983
262,0.108226428307,1.76699138275,-0.143036573095,-0.880837735177,9.199999999999983
263,0.148297260521,-3.40231532056,-4.0345112613,-3.59515824078,9.199999999999983
264,1.63896284817,0.962092562196,-0.766028294124,-2.29345056707,9.199999999999983
265,0.116596397286,-0.118488124144,-0.715496648226,-1.21552087794,9.199999999999983
266,0.107718069607,2.10565618915,0.421441671989,-1.49642365773,9.199999999999983
267,0.188912174402,0.223897103843,-3.15606986892,0.268041975117,9.199999999999983
268,0.307840388527,1.34874827682,-0.592992577471,-3.96173944461,9.199999999999983
269,0.388559213919,0.848373167409,1.21354950504,-1.32844698579,9.199999999999983
270,0.200721998114,1.73819010445,-1.64948348219,-2.27086709657,9.199999999999983
271,0.168277970489,-0.318866594154,-0.5879926831,-0.634893951629,9.199999999999983
272,0.291804254717,-0.124538598649,-3.27872845731,-0.225636264726,9.199999999999983
273,1.59041479815,-1.77917579493,-1.10362696378,1.31362345777,9.199999999999983
274,0.150222788739,-0.648102985037,2.10219663159,-2.36562914827,9.199999999999983
275,0.324664313013,-0.590392695641,-1.52400928582,0.838177286152,9.199999999999983
276,0.154310136346,4.0107658319,2.32158749936,-5.07076606689,9.199999999999983
277,0.202655934937,-1.83790156929,0.241067063653,-1.10658406112,9.199999999999983
278,0.139419721862,0.466249997794,1.50351896193,-3.05671276762,9.199999999999983
279,0.124757569344,-1.15070873215,-0.91517803813,-1.61336496198,9.199999999999983
280,0.263301470301,-3.12482058872,6.61551412544,-2.52301849325,9.199999999999983
281,0.476276615822,-0.563773117869,-0.22187775754,-2.36100905089,9.199999999999983
282,0.21367367379,1.12006006824,1.14794470153,-0.583901297493,9.199999999999983
283,0.155751557864,-1.98505023876,0.570647673464,-0.0542739579777,9.199999999999983
284,0.17849166261,-0.709044109628,0.222611116809,-1.1773181966,9.199999999999983
285,0.474566404609,-8.82825752583,-7.15853650384,-6.58256090163,9.199999999999983
286,0.186011800877,-0.152706315173,1.47621374546,-2.46930791383,9.199999999999983
287,0.287538703325,-1.7831592435,-0.733176327027,4.15772166564,9.199999999999983
288,0.198257184797,0.87959277285,-0.603211369229,-1.61842769037,9.199999999999983
289,0.103460082473,0.934605265496,0.767255776345,-4.47824647104,9.199999999999983
290,0.222885183897,0.184920539546,-1.94257194955,0.28532710627,9.199999999999983
291,0.18038146212,0.151952782068,-1.28668560647,-2.67707172321,9.199999999999983
292,1.0503086226,1.25048299742,0.499756137749,-0.550935116791,9.199999999999983
293,0.446585911416,-0.545505679133,4.23189309356,0.0508655241861,9.199999999999983
294,0.246773132755,0.887484253246,-1.21291021686,-1.18809115624,9.199999999999983
295,0.276209158978,0.292878879115,-1.79861936453,-3.25867527135,9.199999999999983
296,0.15049904186,-0.28201621521,0.622348553683,-2.92558166449,9.199999999999983
297,0.370162577156,0.32966887352,-1.96046091282,0.345022570424,9.199999999999983
298,0.349976953326,1.74821747412,0.125254767063,-0.570482170627,9.199999999999983
299,0.123589079088,0.157938660196,0.331085664384,-0.989170675285,9.199999999999983
300,0.230321035269,-2.77411097747,2.75360368129,-3.01015421066,9.199999999999983
301,0.962793773625,-5.28781177284,-4.28137241743,-0.958365573933,9.199999999999983
302,0.14817388341,0.142517257994,0.784876325285,-1.12447937449,9.199999999999983
303,0.514977639052,0.643483896596,-2.4061780623,1.12104832527,9.199999999999983
304,0.156883463121,-1.5879427753,-1.79408847256,-3.23769174717,9.199999999999983
305,0.162978033235,-1.06512356073,-0.138445330932,-2.84630255205,9.199999999999983
306,0.381690539576,-2.21875190135,-1.3780436111,-2.43580560436,9.199999999999983
307,0.504232339498,1.29315450423,-1.24523717131,-1.50127882013,9.199999999999983
308,0.287651821841,-0.891969883486,-1.57275149187,-2.66602616807,9.199999999999983
309,0.632432051655,-3.64043878118,3.52043985758,-7.04733406991,9.199999999999983
310,3.44318000763,-0.624634107209,0.931752246602,-2.70068260203,9.199999999999983
311,0.36710268791,1.91788355371,-1.24570399834,0.238913789817,9.199999999999983
312,0.117804788074,-0.782700614676,-2.28700140864,-3.62401109982,9.199999999999983
313,0.425221488061,-1.39370069364,-1.58720653517,-3.5377295456,9.199999999999983
314,0.745372337607,0.19413199164,-1.86310969225,-0.0799244610306,9.199999999999983
315,0.140256345972,1.52401669672,-2.07301723993,-2.43035460621,9.199999999999983
316,0.279762833408,0.173676726287,-0.676071638177,-3.17526478586,9.199999999999983
317,0.461218422728,-1.03724431893,-2.37654270433,-4.42688685463,9.199999999999983
318,0.121193254324,-3.36368155261,0.76471319043,-0.553873896085,9.199999999999983
319,1.18028520104,1.34671039074,1.19639334386,-3.29270629015,9.199999999999983
320,0.169243509507,-0.765856801991,-0.301794367095,-2.49023276768,9.199999999999983
321,0.402551594464,-1.19379989167,-0.649202850121,-1.60383485235,9.199999999999983
322,0.209502621308,-1.37111436239,2.98636705785,-2.3659504797,9.199999999999983
323,0.153631709182,0.155335723836,-0.709186295831,-1.36984057671,9.199999999999983
324,0.25169898876,0.661062376659,0.366983971692,-3.01129396221,9.199999999999983
325,8.08690290386,-0.415238712528,-1.37197505978,-1.40192789186,9.199999999999983
326,0.111626732116,5.14731864178,-0.956762995682,-6.34841076296,9.199999999999983
327,0.499194402676,-0.845994889185,-0.863135649874,-2.32503294104,9.199999999999983
328,0.322429788737,-0.337719641574,0.169554430986,-1.63712662955,9.199999999999983
329,6.72644725775,-1.40679776973,-0.642167393041,-1.6905749754,9.199999999999983
330,0.266374062914,-0.460417734708,0.0658359208421,-2.16139127469,9.199999999999983
331,0.101946311453,-0.922505186217,-1.68166390753,0.344117331001,9.199999999999983
332,0.18644980981,-0.4907530159,-2.42201884062,-2.80347556319,9.199999999999983
333,0.12922111343,-1.5653816356,-2.1430696568,-1.31946091907,9.199999999999983
334,0.127624052141,-0.340171573605,-0.160062376454,-0.824495826849,9.199999999999983
335,1.36322086393,-0.294931604212,-0.569826822047,-1.48460962012,9.199999999999983
336,0.185414218133,1.39067452556,1.16659584606,3.45683395882,9.199999999999983
337,1.52553910057,-0.858782740397,0.563694557516,-3.73725832415,9.199999999999983
338,0.144210316048,-0.81831365935,-1.12816498079,0.250755887018,9.199999999999983
339,0.114575088122,-0.489812756561,-0.504613430806,-1.3691022934,9.199999999999983
340,0.297308168667,0.891370322784,3.00884883036,3.27218150928,9.199999999999983
341,0.666980735272,0.541744746356,-1.95046167803,0.407200066239,9.199999999999983
342,3.84509053459,-2.76845715192,-1.91667981057,-1.19191186279,9.199999999999983
343,0.145737066901,0.284309442054,0.975752783072,-2.10373394029,9.199999999999983
344,0.107889782098,-0.262763194027,1.25015957054,-1.17105931397,9.199999999999983
345,0.274939990783,0.788614599082,-0.479785163099,-2.82957455504,9.199999999999983
346,0.914228214875,0.496080631341,-3.0830808536,-0.829109944668,9.199999999999983
347,0.339021581814,0.391345308932,-0.941039753971,-2.88599356565,9.199999999999983
348,0.342614757501,-2.77785536442,-0.716040842918,-0.45957961632,9.199999999999983
349,0.518437619638,3.28117539045,-9.37701970594,-6.45553632665,9.199999999999983
350,0.620652741396,0.143474406544,-2.43403468331,-0.62569604882,9.199999999999983
351,0.671298719458,0.143324872181,-2.11510361276,-0.252149095899,9.199999999999983
352,0.397725906922,-1.0434320791,-1.76680782049,-0.071856983142,9.199999999999983
353,0.256090341832,-1.64395810082,-0.635807708505,-3.76517007427,9.199999999999983
354,0.153529241695,-0.464366013521,0.673416906216,-4.09190736505,9.199999999999983
355,0.850981239031,-0.0292151237323,-0.571247087267,-0.715915857114,9.199999999999983
356,0.113348328652,-0.780249666638,-0.533383824661,-1.74168789415,9.199999999999983
357,0.128420783314,-1.61891270448,2.15063925394,-0.823054827514,9.199999999999983
358,0.104316946451,1.76510735375,-1.59143811147,-3.08707933305,9.199999999999983
359,0.125907238009,-0.550348945918,-1.96999806873,1.35677794737,9.199999999999983
360,0.115807261377,-0.807338171072,2.86395656372,-3.58292928567,9.199999999999983
361,0.575329686018,-1.87510335605,-1.25970663532,-1.56515152376,9.199999999999983
362,0.25448330326,0.413443198738,-1.78728819817,-4.72981552333,9.199999999999983
363,0.355006545168,1.51666617225,-3.60174976032,-2.86282195598,9.199999999999983
364,0.628552527715,-0.905189594342,-0.799399860587,-0.763668305115,9.199999999999983
365,0.459705791611,0.0453763096118,-0.815763599998,0.21461182597,9.199999999999983
366,0.40660658631,-1.55560579726,-0.223169717239,-0.807394167134,9.199999999999983
367,0.65991458043,-0.640382517801,-0.498782696174,-1.85350604716,9.199999999999983
368,3.04675525715,-0.834670688932,3.55478473642,-2.07937391779,9.199999999999983
369,0.159558538865,0.565120063287,-1.10521694559,-0.763654056754,9.199999999999983
370,0.421515474064,0.0672181285331,-4.17875780216,-0.0517631206247,9.199999999999983
371,0.173382237254,0.13255925756,0.498220463772,0.412588222092,9.199999999999983
372,0.123466751924,0.480703780305,1.13745391913,-0.134547179133,9.199999999999983
373,0.240113431366,-1.22211216842,1.5496847102,-2.17294902498,9.199999999999983
374,0.329584234694,-0.840084316444,0.0599923496039,-0.808279488191,9.199999999999983
375,0.274068487137,-2.79936279829,-2.0195859161,-6.27800781835,9.199999999999983
376,0.14776539493,-2.13354711065,0.796123459353,-3.63960428212,9.199999999999983
377,0.108810108142,0.987802034587,-1.71994195138,-3.32663761703,9.199999999999983
378,6.93710793393,-0.568380620375,-0.945294397562,-1.65914925009,9.199999999999983
379,0.135136909943,-2.2393893789,0.212896675554,-0.0277641810828,9.199999999999983
380,1.25032992265,3.53852681838,-4.40964265009,1.83042979225,9.199999999999983
381,0.284820271068,0.115286741571,-0.327662077634,-0.509648285908,9.199999999999983
382,0.141942802567,-0.157720491372,0.491841734792,-0.481715806541,9.199999999999983
383,0.162269564356,-0.18721996292,0.945803896608,1.75680741128,9.199999999999983
384,0.286837083398,0.241296247428,-1.02124638599,-7.60209243166,9.199999999999983
385,0.130880985787,0.568397914053,0.215815035669,-1.74786882735,9.199999999999983
386,0.124844669099,-0.960292549397,0.836294640565,-2.27795671997,9.199999999999983
387,0.117170628126,0.299761045516,7.06979876451,11.6998541745,9.199999999999983
388,0.239452121786,-0.311343330361,-1.46325120977,-0.72036660173,9.199999999999983
389,0.22115498855,-2.48059518623,-0.695394343546,-0.811416390282,9.199999999999983
390,0.397021721922,-0.550733445437,-1.84641253405,-2.34970516967,9.199999999999983
391,0.532524918394,-0.816854006228,0.00668945534967,-1.71057649428,9.199999999999983
392,1.15411026467,2.02182122675,-1.72916152995,-1.49767408859,9.199999999999983
393,0.124163741052,0.400628025963,-1.75212498313,-3.53703643471,9.199999999999983
394,0.322328007885,-2.70176825844,1.59792989609,-2.01003995593,9.199999999999983
395,16.8044759225,-2.45461423559,3.82412119518,-2.22026892829,9.199999999999983
396,0.191401770096,-0.885086504363,-0.643501464506,-4.08032508907,9.199999999999983
397,1.28165500526,3.85041366103,-9.52566871015,0.831389386992,9.199999999999983
398,0.210699343564,-3.04052811187,0.659219014254,-1.61219442928,9.199999999999983
399,0.213277602,-1.90234899094,-0.224305626821,0.377804264212,9.199999999999983
400,0.243734362856,-3.30507625156,-0.768601714116,1.74857454585,9.199999999999983
401,0.139426019854,-4.21193987105,0.331924423151,-7.20660035469,9.199999999999983
402,0.12445214179,1.79788147483,-1.6083876012,-2.90115852209,9.199999999999983
403,0.557892667146,-0.538523928192,-4.83598183313,-0.205618897421,9.199999999999983
404,0.335977829481,-0.102084891449,-0.171711194567,-1.78334201651,9.199999999999983
405,1.01951573108,-0.847273916934,5.43678400239,4.62252901146,9.199999999999983
406,0.714535102089,-5.15239124843,0.50463352771,0.525600632296,9.199999999999983
407,0.447618443181,0.385708345356,-1.14267626848,-0.52079014146,9.199999999999983
408,0.205621834445,0.640195349272,7.22064426911,3.27991600277,9.199999999999983
409,0.108479038438,3.26872784569,-1.20980648922,4.27786175706,9.199999999999983
410,0.239046614959,-0.660146817617,-0.789925560175,1.50611217475,9.199999999999983
411,3.40392826845,-0.407471631612,-0.856784199224,-1.76911446767,9.199999999999983
412,0.196057421177,-0.644122795109,1.97652097213,-2.16460208762,9.199999999999983
413,0.392698241485,-0.500821588018,-0.67236677797,-1.009262267,9.199999999999983
414,0.379785341817,-7.76329040254,-0.900939419362,6.41596184653,9.199999999999983
415,0.247834739115,0.632148504589,0.47981740161,0.467153761759,9.199999999999983
416,0.282422825261,-6.71634551066,1.58302785592,0.671433576392,9.199999999999983
417,0.145627471145,-2.86313089808,-1.2915139815,-1.13488309833,9.199999999999983
418,0.12342348475,0.495986399717,0.967111398773,-1.83892569481,9.199999999999983
419,0.102714277898,-0.454034886984,-0.449886890254,-2.53637149775,9.199999999999983
420,0.22782900177,0.611561676599,-2.12117196882,-0.514104320958,9.199999999999983
421,0.693023233526,-1.07710022125,-1.34700843212,-1.58805836325,9.199999999999983
422,0.906530342295,1.01659555321,2.31583418113,2.79593715521,9.199999999999983
423,0.369649387622,-0.0346075119408,-0.346964579994,-0.942971882392,9.199999999999983
424,0.116353211638,4.43005630782,0.328659613619,-2.42472208302,9.199999999999983
425,0.388036707814,-1.08146508716,-0.598896531763,-2.13214704359,9.199999999999983
426,0.135731405806,1.69473466103,-0.257444897179,-0.492600753736,9.199999999999983
427,0.136871193705,2.09921292804,-1.43523656228,-1.63575887104,9.199999999999983
428,0.497040712882,0.506474361543,0.781792973412,-1.45697969925,9.199999999999983
429,0.148544454275,1.40305258232,-1.17877686969,-1.38963911461,9.199999999999983
430,0.16573946442,-1.42943676457,-0.165298523157,-0.840247466223,9.199999999999983
431,0.597884776509,0.1966273085,-0.00116231110422,-1.7671105024,9.199999999999983
432,0.161572423818,2.17134781655,-0.677260405651,-0.214027077973,9.199999999999983
433,0.364134219159,1.15232888391,-1.18508796052,-1.41179252925,9.199999999999983
434,0.114781531167,-0.917664135811,-1.46320318602,-1.63072144422,9.199999999999983
435,0.410448005562,0.397229979344,-6.33289560218,-5.9231247067,9.199999999999983
436,0.362183054261,-1.32124853103,-1.84856518079,-0.722025561971,9.199999999999983
437,0.101347801362,4.62426787216,1.10166785434,-3.87422440024,9.199999999999983
438,0.464959652507,-0.280604133381,-2.6526050902,-1.57145640574,9.199999999999983
439,0.835776110981,-2.51738114863,-1.21335941816,-2.11889550822,9.199999999999983
440,0.159477388741,-0.989904914636,-0.253759179022,-1.58445440094,9.199999999999983
441,1.2293023729,-1.14398086914,0.495169312891,-1.40971182416,9.199999999999983
442,0.105429492544,-4.24222778755,-1.29692295955,9.83517926126,9.199999999999983
443,0.131153756657,1.13101033653,-0.0523792970156,-0.500440526789,9.199999999999983
444,0.125211929201,1.15890421526,-1.03146944293,-3.65962122171,9.199999999999983
445,0.529433895785,-0.513470404399,-1.45626810566,-0.531439313043,9.199999999999983
446,1.36573603611,-0.360220886223,-0.506518722588,-0.677233474671,9.199999999999983
447,0.115017422218,-0.300673831091,-0.313943014699,-0.152888764752,9.199999999999983
448,0.109661001502,2.9666627646,-1.37870090981,-1.23375156339,9.199999999999983
449,0.227248628541,-0.164533518698,0.0442354035987,-2.0984727817,9.199999999999983
450,0.46663280804,-0.510773817282,-0.0255363184316,-1.32442589435,9.199999999999983
451,0.787112811209,-1.86496580351,-4.97969819381,-0.607007436762,9.199999999999983
452,0.451669584027,-3.95884583685,0.0430603365838,2.25116077429,9.199999999999983
453,0.280667963515,-3.57065137756,5.36583022421,4.14463486881,9.199999999999983
454,0.554222046931,2.50497085127,-0.0912428815222,-2.66058057242,9.199999999999983
455,0.642558623493,0.023322568606,-0.458398834449,-2.7189527124,9.199999999999983
456,0.292148184771,0.823165042391,-0.265764035104,-2.01379020243,9.199999999999983
457,0.211589076519,1.14481297243,0.801889528752,-4.27114511001,9.199999999999983
458,0.840005070754,-0.226053011729,0.344651968387,-1.19372915555,9.199999999999983
459,0.215080915857,-0.187333891361,1.19112580949,1.06721393228,9.199999999999983
460,0.327115108579,-0.442572804362,-0.30573097631,-1.90016494805,9.199999999999983
461,0.226571362842,-0.57603556696,-0.886969588556,-1.11328296328,9.199999999999983
462,0.108528398879,-1.50429380743,0.667924089745,-2.26062189681,9.199999999999983
463,0.279905833905,-2.60215510106,-1.61487502822,-2.5979761699,9.199999999999983
464,2.45005199607,1.18791918788,-1.34797147883,-2.13885082393,9.199999999999983
465,0.553903844646,1.92629238103,0.0186509639673,-1.48749756186,9.199999999999983
466,13.3491846623,-0.654625957384,0.176873391763,-1.35842298397,9.199999999999983
467,0.103021096675,-0.0567416916971,0.65010857238,-1.0290221641,9.199999999999983
468,0.121440497836,-0.614315115177,-0.468681648486,-1.75014768172,9.199999999999983
469,1.06408067546,-0.741489383807,-1.28683417784,-1.34083353974,9.199999999999983
470,0.194203938037,-1.62498586953,-0.497754042555,-2.53428592886,9.199999999999983
471,0.602449172978,-1.24905868747,0.753323307511,0.0800387684024,9.199999999999983
472,0.209436711825,-5.2783020874,1.77685201306,-4.95269257014,9.199999999999983
473,0.325873831684,0.88022882719,0.0573553656788,-2.13413296118,9.199999999999983
474,0.42154471327,-3.35996385235,0.206379712352,-2.44562811792,9.199999999999983
475,0.197910054031,4.44074295848,3.83609519931,0.528182890392,9.199999999999983
476,0.282960450617,1.08024904711,-2.44706929515,-0.360711086901,9.199999999999983
477,0.117838870377,-2.64255026217,-0.189890415966,-0.725351387566,9.199999999999983
478,0.671462482324,-3.3858007662,4.77493645655,9.31578042551,9.199999999999983
479,0.248417032254,-0.0243391405354,0.378056607472,-1.99181245182,9.199999999999983
480,0.224072617901,-0.139967481876,-1.412729527,0.253806778074,9.199999999999983
481,0.144926212083,0.115009446498,-0.59077075531,-2.6555116704,9.199999999999983
482,0.14376665721,-1.56868204569,-1.08136233153,0.39208617105,9.199999999999983
483,0.763236693806,-2.70499491104,3.70608421159,-0.291999831378,9.199999999999983
484,0.120958350054,-1.43370581098,0.748921984054,-0.517950410606,9.199999999999983
485,1.01077330143,-0.338182289395,-0.55158128937,-1.43489497694,9.199999999999983
486,0.436300032641,-0.53957910029,-2.03243124611,1.36633651727,9.199999999999983
487,0.604665899933,0.556809808291,-0.524873584552,-1.14233371046,9.199999999999983
488,0.636881800086,-1.89147844738,-3.35212992244,0.336730392808,9.199999999999983
489,0.111086589081,0.385455484609,1.03048539047,-0.40498099374,9.199999999999983
490,7.68305588416,2.7832106385,-0.244703978051,0.484377049353,9.199999999999983
491,0.655866815817,-0.397250330544,-1.64148141347,-2.5152663162,9.199999999999983
492,0.107668851997,1.579749481,-0.772890229594,-4.45929544382,9.199999999999983
493,1.05944165592,-1.81054065897,-0.410398985958,-1.06308527862,9.199999999999983
494,0.478654074623,-1.45322263486,0.364851897726,-2.78192855767,9.199999999999983
495,0.620704623795,0.282875294115,-2.23920487417,-0.59282573342,9.199999999999983
496,0.596518510834,-0.38889831696,-0.999271046426,-2.14007284453,9.199999999999983
497,0.623196887958,0.0734679749384,-4.29001066036,-0.726724720103,9.199999999999983
498,0.399580514066,-0.823687137701,-2.42272401979,-0.66357312072,9.199999999999983
499,0.139943136839,0.934021353619,1.01108513961,-3.64739641759,9.199999999999983
500,0.110545474186,-2.22584638548,-0.552207492083,-0.325994206005,9.199999999999983
501,1.65414912435,-2.14495916658,0.635453378219,-4.918572375,9.199999999999983
502,0.488661479165,-4.82313531819,-4.45187661896,1.5723530277,9.199999999999983
503,0.496755504131,-0.538336048658,-1.33131186675,-1.03546662285,9.199999999999983
504,0.309085791032,-13.5928779747,14.6668390113,2.55678830345,9.199999999999983
505,0.132721284982,-0.162996982901,0.616293369948,-1.49489802743,9.199999999999983
506,0.340820674164,-2.33181656872,-2.61131849947,-6.44770597571,9.199999999999983
507,0.363984851987,0.494072796,-0.547683311172,-1.93167645339,9.199999999999983
508,0.287172118731,-2.16791274719,-1.01797721648,0.163886433981,9.199999999999983
509,0.14076834168,0.197753244729,-1.51352051965,-2.63253383818,9.199999999999983
510,5.47040116,0.55914862952,-1.88293657285,-1.10486929993,9.199999999999983
511,4.74599477634,-1.15440146477,0.897439159693,-2.46949761862,9.199999999999983
512,0.6211397487,-1.27653027043,-0.795132702373,-0.54072439202,9.199999999999983
513,0.421813892901,-0.763148703331,-0.524826574799,-2.61703171631,9.199999999999983
514,0.610516419685,1.6567767059,2.85097051656,-4.57789902247,9.199999999999983
515,0.249599538486,1.8047003603,6.15423124618,7.15123987426,9.199999999999983
516,0.239814514299,0.196654115685,0.292549468421,-1.4700095002,9.199999999999983
517,0.544499207617,2.05065465742,2.88992234397,-4.0809532896,9.199999999999983
518,0.116390073108,0.722632235835,-0.545224709282,1.21260878656,9.199999999999983
519,0.790564165763,-0.84786510975,-0.534108530113,-1.39114404356,9.199999999999983
520,0.120694405222,-0.343709888059,-0.0311002275084,-1.74797800483,9.199999999999983
521,0.13972011564,-0.192910578757,-0.311234121525,-2.74189878709,9.199999999999983
522,1.41851720606,3.3427247168,-2.73864891135,-2.04582114752,9.199999999999983
523,1.21558199107,0.871650695949,-2.41441222332,1.78434765548,9.199999999999983
524,0.289009312225,1.16430662249,1.64726500619,-1.26864066764,9.199999999999983
525,0.144738757127,-0.829197882667,0.465151066294,-0.275099775611,9.199999999999983
526,0.117144295631,0.792638085625,1.10756487511,-2.74986498462,9.199999999999983
527,0.19623473972,0.182784883608,-1.01650190172,-1.53207989292,9.199999999999983
528,0.147449216498,2.35631365301,-2.52416193305,0.775588284598,9.199999999999983
529,0.59721093708,2.06408419597,-0.540129784239,-4.68163075202,9.199999999999983
530,0.310378222459,-2.94465192883,-3.48112980381,-0.482927293951,9.199999999999983
531,0.403336104781,-0.302198799368,-1.91453048919,-1.43440033599,9.199999999999983
532,0.105558332285,-2.28415873219,-1.07821707847,-1.39882763256,9.199999999999983
533,0.276199004949,-0.220294953954,-0.357809993316,-2.42314841281,9.199999999999983
534,0.1457384101,-1.53412726603,-0.634135369943,1.03863051931,9.199999999999983
535,0.128284612461,-0.877094701741,-1.28663964888,-2.08989662715,9.199999999999983
536,0.217611921698,1.74540127189,0.203323860506,-1.95221604658,9.199999999999983
537,0.461247496157,0.808541498322,-2.84876666707,0.68126172792,9.199999999999983
538,0.436438188566,0.980128584552,1.42204527106,-0.837606041774,9.199999999999983
539,0.543981271329,0.439347450322,0.0968593395829,-0.550288259246,9.199999999999983
540,0.39137520298,-0.0101035311581,-1.54385044493,-3.6452573666,9.199999999999983
541,0.130338165773,-0.623248510358,-0.380346142253,-0.950043479512,9.199999999999983
542,1.62773035285,1.55556737519,-0.635098110227,-2.28238286385,9.199999999999983
543,0.310749019446,-1.3063622722,-3.18846192431,-3.21539194018,9.199999999999983
544,0.179147118398,-0.564352684693,-0.941403221269,-1.55879476454,9.199999999999983
545,0.265205033395,-0.391857540354,0.0119954396551,-1.82042539869,9.199999999999983
546,0.81785537381,2.72774949754,-0.158411139095,-1.31406654958,9.199999999999983
547,0.109966750286,0.183156286119,-1.42240383198,-2.31649211435,9.199999999999983
548,0.642525044519,-0.586502877541,-2.51814530665,-0.768975589052,9.199999999999983
549,0.598660559993,0.353601933419,-2.63895491933,-0.260844820047,9.199999999999983
550,0.363874923845,-1.21808679158,-1.64185162525,-1.48725571537,9.199999999999983
551,0.121368574911,0.789810968522,0.464382999981,0.968563267875,9.199999999999983
552,1.11649352,1.82535792575,0.757110838671,0.457250258618,9.199999999999983
553,0.110679479623,-1.38434940448,0.130098893409,-2.40510153158,9.199999999999983
554,1.14194399019,-1.62580256001,1.88221289358,-1.98081008868,9.199999999999983
555,0.222702963626,-0.361640235488,1.57440028553,-5.54081500494,9.199999999999983
556,0.439655551431,-1.36608757767,-3.81236638322,-4.19441779949,9.199999999999983
557,0.276331124945,-0.539308504163,-2.45678522854,-2.55860919377,9.199999999999983
558,0.132802845569,1.31594818146,-1.21759981361,-2.33994381575,9.199999999999983
559,0.453638561112,1.00530739795,-0.754124798645,0.273504363053,9.199999999999983
560,0.122589036082,0.327192080379,-1.40880690941,-1.88071593639,9.199999999999983
561,0.138763579596,0.128098816601,7.2228704873,1.27230147626,9.199999999999983
562,0.225175468404,-1.63458212809,0.37058115954,-2.11563273957,9.199999999999983
563,0.127066420574,2.00985840026,-0.135762941609,-2.64834473492,9.199999999999983
564,0.343563604148,-2.57428121068,-1.23083388231,-2.47279026127,9.199999999999983
565,0.170527611042,-0.274637425199,-1.74599201317,-0.491932129994,9.199999999999983
566,0.183810197578,-0.0377849659826,-0.668673245724,-1.81096679988,9.199999999999983
567,0.166371684821,0.799357438604,0.40309340288,-2.05870806074,9.199999999999983
568,0.117806299586,-0.253607025187,-3.11809974977,2.11869240943,9.199999999999983
569,0.291231695374,0.628967677636,0.0157184930458,-0.887298616788,9.199999999999983
570,0.21531356304,0.395038571732,-1.52574386694,0.177432047238,9.199999999999983
571,0.118183231061,0.120116401637,-1.3286809479,-0.997603049143,9.199999999999983
572,0.176716974206,-1.64146870431,0.265838955836,-2.57237900193,9.199999999999983
573,0.416547020228,-2.40338463809,-2.36835685497,0.200534005745,9.199999999999983
574,0.116508301911,2.22863964629,0.365840719898,-1.40948111849,9.199999999999983
575,0.497898632408,-0.108294075192,-0.75711376406,-0.94912098275,9.199999999999983
576,0.226000702068,-1.42692571373,-1.10607283882,-1.93160420702,9.199999999999983
577,0.597455168932,3.35434555109,-1.59738917518,1.03217694236,9.199999999999983
578,0.1279368223,-3.12842305539,-1.29436860362,3.7193240763,9.199999999999983
579,0.121488730341,-1.11663502021,-0.973256539543,-1.26203753306,9.199999999999983
580,0.687207432471,-0.0485750676342,0.462899732609,-0.638767407756,9.199999999999983
581,0.146857866965,0.728449742791,-1.89423281928,-2.5221044659,9.199999999999983
582,0.52965785384,17.6662509099,2.90614278761,-8.32461812418,9.199999999999983
583,1.9897840931,0.829354543292,0.760446786432,-1.27089853692,9.199999999999983
584,0.262995481444,-1.96194382702,-0.762142616435,-5.50050954231,9.199999999999983
585,2.56998148784,0.762424043653,-2.02276753805,-0.345975318634,9.199999999999983
586,0.258838758141,-0.491430491326,0.0093789910029,-0.549471381933,9.199999999999983
587,0.102772374439,-2.14700460862,1.89412241543,-2.29223965027,9.199999999999983
588,0.109219464936,-2.25530256052,0.845442272803,-2.84772273475,9.199999999999983
589,0.301665265842,-2.63507112532,1.83170384004,-3.40803683583,9.199999999999983
590,0.868938757621,-1.58883687306,1.31246369562,-0.991087096733,9.199999999999983
591,0.823905230767,-0.615488353891,0.232824202996,-1.24378155614,9.199999999999983
592,1.14096764913,1.43647890903,4.89304299002,1.11711534417,9.199999999999983
593,6.13389774926,0.594840632611,-1.25858384096,-1.61037180426,9.199999999999983
594,0.406813030928,-4.16449959246,-4.08770012837,-3.34270300075,9.199999999999983
595,1.95819127767,-2.14617806147,2.9197013786,-6.20295682135,9.199999999999983
596,0.103260340941,-1.4642911772,-2.13279334093,-1.90275237104,9.199999999999983
597,0.112826049775,-1.04033779137,1.08228621561,-1.42948749206,9.199999999999983
598,0.80939722177,0.541425181021,-1.24425318349,-1.61580833286,9.199999999999983
599,0.409051991911,1.86041212064,-0.983978506878,0.51707137768,9.199999999999983
600,0.474045284926,0.0301497923941,0.971968413063,-0.965846049208,9.199999999999983
601,0.12902887207,0.457963291261,-1.95411321401,-2.35073230196,9.199999999999983
602,0.16922953363,0.787509577396,-6.38888293043,-3.21457828266,9.199999999999983
603,0.831589774372,1.77232479309,-0.54865106116,-2.04560847082,9.199999999999983
604,0.17401374661,-0.0397867586108,-0.314289739098,-1.7902404138,9.199999999999983
605,16.9626332804,-0.382640784646,-0.0657152475891,-1.83206869057,9.199999999999983
606,0.119481765555,5.33217696829,7.00193800368,1.2086897596,9.199999999999983
607,0.357517288729,-2.74080229059,-0.843613927845,0.718815194659,9.199999999999983
608,0.344681475625,-1.81151733356,-1.01640488655,-2.66475282829,9.199999999999983
609,0.23892019421,-0.555869825323,-0.836126574547,-2.06466103932,9.199999999999983
610,0.452375601354,-0.160362386499,-0.285273341813,-2.33903810824,9.199999999999983
611,0.120861626741,0.490533379051,0.513360109583,-0.716291624609,9.199999999999983
612,0.305888939382,1.64641718106,0.362434173769,-0.525598463218,9.199999999999983
613,0.258773301839,-2.95949248501,0.134812192332,-0.592101518408,9.199999999999983
614,0.155943867123,-0.00365719614642,-1.38635289488,-1.12626069864,9.199999999999983
615,1.34638917515,-0.247294642411,1.4011158188,-6.45128223592,9.199999999999983
616,0.13314890832,-2.88718411028,-2.33346253865,-1.00722347616,9.199999999999983
617,0.188751713756,7.31494528891,-1.85060095985,5.49946588983,9.199999999999983
618,0.230999841157,-0.396222329081,-0.462603169893,-1.17981208579,9.199999999999983
619,0.166555650405,-0.466985234595,-0.960095185081,-0.551295059791,9.199999999999983
620,0.205620942532,0.0117230330258,-1.71191432993,0.124164208362,9.199999999999983
621,0.261633846129,-0.65231202535,-0.0937995357638,-0.0529315177844,9.199999999999983
622,0.227703755622,0.777153207381,-2.3445875604,-3.43375223592,9.199999999999983
623,0.4283689162,-1.63238316532,-2.7996619114,-1.00565767941,9.199999999999983
624,0.248147101184,-0.334457619416,0.246882399985,-2.21807076708,9.199999999999983
625,0.385152946879,-1.07781574421,-1.05944018379,-2.72922449557,9.199999999999983
626,0.670490527315,-2.14484342412,-0.925853921085,-0.275136769781,9.199999999999983
627,0.139404173527,-1.13390864696,-3.50161258387,-5.65722987496,9.199999999999983
628,0.124687655808,-0.462991004656,0.0325840923751,-3.87973447812,9.199999999999983
629,0.685222798609,-0.478637093567,-1.19819071091,-0.973791061032,9.199999999999983
630,0.496372542203,-1.6988576002,0.715006878606,-2.97730032959,9.199999999999983
631,0.137847005665,-0.163300084929,-0.321780991012,0.154748679284,9.199999999999983
632,0.113231427801,-1.73658617374,0.684633417338,-2.80811780841,9.199999999999983
633,0.179679800452,-0.612801640729,-1.16253219001,-1.52019196021,9.199999999999983
634,0.482075062774,-0.557218858825,0.952253091413,-6.07408261683,9.199999999999983
635,0.11213854992,0.19047764143,2.03843474296,-1.06773794432,9.199999999999983
636,0.284394493793,0.121114167405,-1.07490979785,-0.766192447808,9.199999999999983
637,0.113736881,-0.987557408151,-1.08458029098,0.126199545201,9.199999999999983
638,0.528513104617,-0.336634355789,-1.44114557122,-1.10701238632,9.199999999999983
639,11.5082102215,-0.718543429127,-0.650142408012,-1.26686964996,9.199999999999983
640,0.169833477216,0.758866781241,0.166842992026,-2.27810692296,9.199999999999983
641,0.13685651225,-2.14498458967,-1.06223863577,-1.71902042959,9.199999999999983
642,0.320207081349,-0.738625474091,-0.513526684047,-1.57906534652,9.199999999999983
643,0.335128553862,2.27138580646,0.805805206601,-5.59834016819,9.199999999999983
644,0.503862355148,1.83235848402,2.12068635247,4.2091230165,9.199999999999983
645,0.181544599893,0.360205604961,0.153727768839,-1.10901063956,9.199999999999983
646,1.45500592755,-11.3848594952,-8.71798356272,6.47885234764,9.199999999999983
647,0.761027860857,-2.2273063763,0.654111338101,-1.78961748917,9.199999999999983
648,0.295157132658,0.97258095078,0.0679747035755,-0.465302058018,9.199999999999983
649,0.139496329409,-1.85164907241,-1.39673968272,-0.150821115612,9.199999999999983
650,0.685032742347,1.09630755386,-1.79448978264,-2.44863793151,9.199999999999983
651,0.203361346259,-0.266987867577,-2.43081849678,7.26873471979,9.199999999999983
652,0.297468619975,-1.11863259513,-2.0160971998,1.54685255129,9.199999999999983
653,0.289666261516,-0.755832409143,-0.319081181628,-2.0165798678,9.199999999999983
654,0.716789845516,-0.679293101008,-3.55199310629,-1.41462518188,9.199999999999983
655,5.01033882622,1.80690314376,1.08520814155,-2.35204622542,9.199999999999983
656,0.368907916163,2.91509610218,0.27025379668,-0.843929461047,9.199999999999983
657,0.226227975014,-2.95689269106,-1.71369330227,-0.504717751674,9.199999999999983
658,0.495477891161,-0.142369234116,0.632729814981,-0.498151937638,9.199999999999983
659,0.11133808284,-1.44791013217,-1.44162543135,-2.38195306254,9.199999999999983
660,0.347011099438,0.983414300636,-2.21757058971,-0.147710159388,9.199999999999983
661,0.613916185783,-1.14605971069,-0.265252256518,-0.847431188266,9.199999999999983
662,0.52835043037,-1.2156466671,-1.88166254774,-0.577533319428,9.199999999999983
663,0.153932746639,1.37612404111,-1.44707106794,-1.52792149441,9.199999999999983
664,0.629070612194,3.78029842449,5.85399024639,3.00875031171,9.199999999999983
665,0.182450154361,-1.81057086602,-0.580833477228,-1.53586210812,9.199999999999983
666,1.91177539727,-1.983445404,0.655895116097,-0.799595054085,9.199999999999983
667,0.378197298085,-1.54449808393,-3.80029439788,-2.78711484975,9.199999999999983
668,0.131510961587,1.15606125727,0.128025501277,-1.27773746644,9.199999999999983
669,1.08579253959,-1.16185420384,-3.02487445997,-2.2243676404,9.199999999999983
670,0.953412763834,2.98596172268,-3.81427317321,4.11209674154,9.199999999999983
671,0.263781864591,-0.3615094931,-0.547036722575,-2.70560491274,9.199999999999983
672,0.237942842079,-2.75530017035,5.44911097598,-2.18830722747,9.199999999999983
673,0.640761605395,-4.60977298189,2.78768256705,2.28746441138,9.199999999999983
674,0.146013240678,-1.58351214179,2.73246987271,-0.675983929673,9.199999999999983
675,0.191241426231,0.41934738168,0.403655211002,0.288167288868,9.199999999999983
676,0.163611015728,1.22991698099,1.09847273421,-1.41389941109,9.199999999999983
677,0.115510148362,2.04448300319,-2.31369856809,-2.2373073523,9.199999999999983
678,1.6362323432,1.02160223468,-0.496920608542,-1.49157319878,9.199999999999983
679,0.776727890634,-2.68062951647,0.538059512693,-2.76452000599,9.199999999999983
680,0.258338628285,2.23251391363,0.790288921236,-2.28917744847,9.199999999999983
681,0.101529355195,-0.635162222632,-1.07565576763,-1.02801093938,9.199999999999983
682,0.151306658539,1.00683844226,0.702672821661,-4.22887687995,9.199999999999983
683,2.68356015002,-1.4150848246,1.78583061128,-1.65981918797,9.199999999999983
684,0.392513210529,-1.04932135866,-2.36105451417,-0.559799619511,9.199999999999983
685,0.304887442218,-0.100059895493,-0.432000317232,-1.15525098376,9.199999999999983
686,3.90655111462,5.43835950816,1.92969960183,-0.110198805947,9.199999999999983
687,0.51756671683,0.0568334811633,0.506715376409,-1.80903037945,9.199999999999983
688,0.341149340529,1.35800299316,-0.7771237139,-0.360831986616,9.199999999999983
689,0.214886944468,-0.7955858467,-1.37567924547,-1.36714904524,9.199999999999983
690,0.683428273114,1.65636621499,-0.235442791335,-1.88215314598,9.199999999999983
691,0.153764681474,-0.210834641025,-0.251570703022,-3.46391645357,9.199999999999983
692,0.17850111402,-3.18744737448,-2.45350177812,-0.581284544875,9.199999999999983
693,0.409846617165,-1.79533159187,-0.612935237084,-2.25574113668,9.199999999999983
694,0.19828745701,-0.485955903441,0.34116363027,-2.22026428475,9.199999999999983
695,0.159755724664,0.0826932155839,0.570802663542,-1.46366971016,9.199999999999983
696,0.337614714395,-1.8976562096,-3.53258663341,0.39798650642,9.199999999999983
697,0.397774595012,-1.43397667618,-1.09451060003,-0.525077205201,9.199999999999983
698,0.127644396874,0.105586635946,0.795583513661,-0.771064602892,9.199999999999983
699,0.10198411317,0.416023036023,2.73540431202,0.371306500971,9.199999999999983
700,0.182084099563,-1.015987032,6.45263491856,-1.42787326543,9.199999999999983
701,0.33316070297,-0.747060336665,-1.33505642738,-1.81307806825,9.199999999999983
702,0.101942141601,-0.413478566925,-4.60966460193,-1.3764585725,9.199999999999983
703,0.113832460778,-0.620561591224,-1.83182279794,-0.222573391728,9.199999999999983
704,0.833088446111,-1.25205421678,-0.344250864254,-2.46463744105,9.199999999999983
705,0.175326488381,0.133558381055,0.332286066776,-1.72491057853,9.199999999999983
706,0.154085549043,-0.421208106808,-0.500239923019,-3.89529999248,9.199999999999983
707,0.175666108819,-0.152770838505,-3.61217450773,-0.745306155931,9.199999999999983
708,1.42695550151,-1.29863290539,-0.93234432876,-0.698529635872,9.199999999999983
709,0.22554148786,11.0479587298,-1.34183480049,-2.12113109445,9.199999999999983
710,0.127384394385,2.122658578,-2.40842947094,-3.0359673625,9.199999999999983
711,0.920371950527,0.194897899798,0.667880123781,-3.76715357769,9.199999999999983
712,1.6164234312,-1.33582308006,9.19118129995,0.646340492314,9.199999999999983
713,0.139048095989,-9.14249306875,-1.86606060508,-2.31688228082,9.199999999999983
714,0.195709372091,-0.555994488739,0.547302068156,-1.45478527382,9.199999999999983
715,0.306852692893,-1.571802858,-0.307580974062,-0.270292537246,9.199999999999983
716,0.118956271609,-2.69908790808,5.56560421705,1.78811167709,9.199999999999983
717,0.171001886209,4.0746303793,-4.48740470827,0.943795264675,9.199999999999983
718,0.587575777824,1.71148012497,1.75435049043,-1.52231536043,9.199999999999983
719,0.111569384556,0.820217257386,-0.447220704855,-1.26770591399,9.199999999999983
720,0.392353041795,11.1561090517,2.50441290761,-6.28817565495,9.199999999999983
721,0.883507543846,1.1554768508,-0.784628343219,-3.63611076898,9.199999999999983
722,0.218629133087,0.98327864202,-2.26159870107,-1.89464948262,9.199999999999983
723,0.215356068578,-1.31073280374,-0.905623706277,-2.30015668881,9.199999999999983
724,0.244296653956,-0.920611316972,-5.90131363243,0.675903433023,9.199999999999983
725,0.547820655143,0.207838753782,0.226794996977,-2.30417561169,9.199999999999983
726,2.99924018272,0.51728791489,-1.38503362947,-1.75054523124,9.199999999999983
727,0.630021169787,1.26064748044,-1.22008147334,-2.6801466479,9.199999999999983
728,1.11893762825,-1.81698560844,-8.84890108814,-6.47264818993,9.199999999999983
729,0.328356926379,-1.41076596243,-0.326116211544,-1.2629678787,9.199999999999983
730,0.494291233283,0.16458756497,-0.056685763986,-1.61631900038,9.199999999999983
731,0.464462338584,-1.30805978987,-1.76878285863,-1.55510820176,9.199999999999983
732,2.77006492034,-2.2992853013,-0.624482111204,-0.121129066673,9.199999999999983
733,0.386997083285,5.10111717737,-0.327618254577,-1.71858432488,9.199999999999983
734,0.139964803942,-0.367524166772,0.147544685691,-0.433911363583,9.199999999999983
735,0.422167282744,1.68474058959,2.06812337727,-6.50634331494,9.199999999999983
736,1.0484920383,3.75987110767,0.107901773992,-1.07504292174,9.199999999999983
737,0.128169100493,-1.3827734593,-0.525897798916,-1.76506861784,9.199999999999983
738,2.68526295451,-0.618524132574,1.7156602661,-3.2862519516,9.199999999999983
739,0.33590182567,-0.837725180523,-0.994408505335,-0.971176273134,9.199999999999983
740,0.141549102628,-0.619762061446,-1.99946177306,-3.36529518229,9.199999999999983
741,0.414295220457,-4.5688246255,-6.97663679325,-0.581929008438,9.199999999999983
742,0.112297583294,3.10990776327,-2.59485767892,0.173673288993,9.199999999999983
743,0.110535138102,0.201504578637,-0.938588967088,0.412560595329,9.199999999999983
744,0.117276722067,-1.06152881378,-0.623695032278,-2.08144293477,9.199999999999983
745,0.75005468525,-3.11761344744,-2.53799400861,-0.0680266868279,9.199999999999983
746,0.138207109899,-1.4015156371,-1.18788791693,-0.228740568076,9.199999999999983
747,0.381835526702,-6.38928132092,1.65417658451,0.800850660246,9.199999999999983
748,0.2241553159,0.336291067921,0.271190275486,0.735161940506,9.199999999999983
749,0.118899369139,3.74475798855,1.47071787148,-4.76958780992,9.199999999999983
750,0.62813833848,-2.15159755855,-0.781111439193,-1.76189570224,9.199999999999983
751,0.320672557817,-2.13563422722,-0.251757789916,-2.57161437523,9.199999999999983
752,0.64366392369,-2.71601441965,-1.19144524125,-2.8319439987,9.199999999999983
753,0.162999543482,3.82134900802,-4.54353453787,-0.591269783901,9.199999999999983
754,0.216745469991,1.19402539147,0.424985343333,-2.40390688069,9.199999999999983
755,0.347141796632,-0.36491202933,-1.61522261706,1.21795622176,9.199999999999983
756,2.43390999709,1.13839109867,0.845315304468,3.44769978358,9.199999999999983
757,0.154025074586,-1.47842038302,-0.215422667755,-0.879811646325,9.199999999999983
758,0.537387214431,0.342927177804,-0.387737436557,-1.81157585257,9.199999999999983
759,0.445478478378,0.716151416143,0.051823435157,-1.46258579897,9.199999999999983
760,0.323778904511,-0.0293999919537,-1.52175301136,-2.51496892343,9.199999999999983
761,0.189550116308,-3.52288953541,-4.72252538581,4.14665693701,9.199999999999983
762,0.107556152225,-1.73438143581,-1.21223023389,-2.27741702813,9.199999999999983
763,0.126266363988,2.45594379087,0.134875945338,0.260390409402,9.199999999999983
764,0.324382412341,4.30066042279,-0.320450402498,0.840208623647,9.199999999999983
765,0.136582720824,1.01887123092,-1.93556492258,-1.63689537823,9.199999999999983
766,2.19660590135,-0.879717285883,0.178321152986,0.934198380322,9.199999999999983
767,0.3500453182,0.182727658968,-2.98198196745,-1.35249306766,9.199999999999983
768,0.995889102645,-0.78074366027,-3.05822710296,-0.559959180675,9.199999999999983
769,0.164538631035,-0.133942022728,0.996507309361,-0.744395380596,9.199999999999983
770,0.591169949989,-0.780084150443,-2.50100028369,-0.412477781731,9.199999999999983
771,0.106727403461,0.740130929217,0.947460892313,-2.3266504255,9.199999999999983
772,0.836681780278,-1.5058430224,-0.624185894749,-1.28967876592,9.199999999999983
773,0.234089269456,-0.584657096114,-0.488813296798,-0.787190814665,9.199999999999983
774,0.197768251407,0.0610090676393,-0.410304452695,0.109483281106,9.199999999999983
775,0.101647968322,0.821096817839,-1.61895870965,-3.09060532149,9.199999999999983
776,4.73307513923,0.137499453641,-1.79864198776,-1.33055569844,9.199999999999983
777,0.190163327615,-0.477353953702,0.932188809811,0.120644360632,9.199999999999983
778,0.393122270829,4.78848755551,-6.21438716742,2.15924104064,9.199999999999983
779,0.194710412643,-0.345789167465,-0.525035271558,-1.45520910928,9.199999999999983
780,0.271553474222,1.32557241007,-1.51901798047,-8.71348668356,9.199999999999983
781,0.448454918947,1.17111903677,-0.714660639752,-0.483000351446,9.199999999999983
782,0.134051103436,4.53141811176,2.50587306709,5.08287053544,9.199999999999983
783,0.165112737955,-1.14802924438,0.988700058043,0.998652453156,9.199999999999983
784,0.379785341326,-0.407645081846,-1.45252740251,-1.5229969228,9.199999999999983
785,0.908060731849,3.70595102697,-3.20614838617,-3.24859999172,9.199999999999983
786,0.222660763614,-8.67895686853,0.252281107121,11.1578368761,9.199999999999983
787,1.49870391798,-0.475973005305,0.479532373701,-2.57265504612,9.199999999999983
788,0.117187526022,0.107187026805,2.20064360693,-1.1007199602,9.199999999999983
789,0.180725992062,-1.1878649785,-0.628385953863,-0.490236749946,9.199999999999983
790,0.588753877843,-1.84977435789,0.944648315305,0.0136432093214,9.199999999999983
791,9.11756045975,-0.368253879409,-0.299164457668,-0.81053176802,9.199999999999983
792,1.11773343093,0.217115394802,-1.74302804961,2.90735808125,9.199999999999983
793,0.432370474736,-1.46909980788,-0.142919427982,-1.75369108752,9.199999999999983
794,0.219969422624,0.995425424971,-0.330344573261,-3.12476628288,9.199999999999983
795,0.27556128655,-0.791645092437,1.5108430189,-1.44305901196,9.199999999999983
796,0.149739047795,0.681596708174,-1.59640248518,0.0762085605135,9.199999999999983
797,0.31486379528,0.902445906329,0.828064912271,0.402146662084,9.199999999999983
798,0.508831788586,-0.328656019349,0.263028760579,-1.68825153388,9.199999999999983
799,0.506855479081,-2.29083715696,-0.204383323623,-0.580854620612,9.199999999999983
800,0.106169558708,-1.85226024969,1.33543433378,-1.36335163282,9.199999999999983
801,0.194063798871,-2.39794827257,-1.22660926169,-1.14733638027,9.199999999999983
802,0.186876986505,-0.221972301672,-2.31828085311,1.99412918809,9.199999999999983
803,0.183231670498,-2.604043057,-0.0949202345709,-2.77486517,9.199999999999983
804,0.12983989292,-2.08313740743,-1.77063713709,-2.61259870648,9.199999999999983
805,0.15394666362,0.254607935832,-1.04684969907,2.1474064763,9.199999999999983
806,0.341027513162,-3.65559361227,-0.700104089447,-0.00475579738574,9.199999999999983
807,0.71412061524,-3.28586755193,-0.145450758329,-1.33432100856,9.199999999999983
808,0.211889361034,-3.83458839909,-1.13028338778,3.41304761347,9.199999999999983
809,0.116982614194,1.03063246866,0.494301475242,-2.79992617191,9.199999999999983
810,0.101457369099,-2.59864821791,1.0924921182,-2.12117483058,9.199999999999983
811,0.666546253716,0.0242788355975,-1.02861670544,-1.83756684339,9.199999999999983
812,0.143609825299,-0.425656677951,-1.34758291814,-1.11787937857,9.199999999999983
813,0.647934300069,0.529154612047,-0.31160847133,-0.809656956319,9.199999999999983
814,2.04492994256,0.854071002095,-1.29143049809,-1.23267212809,9.199999999999983
815,0.292949182491,-2.30898937826,-0.581612084834,-1.68471275238,9.199999999999983
816,0.195449535583,-0.308215269061,1.25549266957,-0.140762806779,9.199999999999983
817,0.430739450403,0.630584896563,-3.95359503573,-3.88033070185,9.199999999999983
818,0.112900810814,-0.196005341267,-1.57383372272,-3.71770268271,9.199999999999983
819,0.558282818952,-0.0177000439711,-0.0748152151844,-4.56067551802,9.199999999999983
820,0.109209697803,0.402874773851,-3.59160380818,2.30547344493,9.199999999999983
821,1.90622004099,0.465959038444,-1.06740516398,-1.68627503633,9.199999999999983
822,0.255883583437,0.957490068813,-0.606627852643,-2.34877065667,9.199999999999983
823,0.931149353233,-0.936362623183,-1.29743590934,-1.20512364263,9.199999999999983
824,0.139187553279,1.82864285688,0.313870643707,-3.45692804398,9.199999999999983
825,1.18279762628,-0.446571315965,-0.84609232254,-0.452797381572,9.199999999999983
826,0.133239654021,0.394166207231,-0.607730111602,-3.06702396779,9.199999999999983
827,0.184590186903,0.400762836982,-0.211874219095,-2.85517785548,9.199999999999983
828,0.684365042793,-6.3632120727,-3.26984337067,-2.62791889144,9.199999999999983
829,0.184806451258,1.97699023368,0.358064534841,-1.00379372932,9.199999999999983
830,0.60582545469,-1.6029996188,-0.750204217268,-1.41605815142,9.199999999999983
831,0.381827635029,-0.214194259199,0.227236336523,0.337943007636,9.199999999999983
832,0.174025933933,0.832272369057,-0.675129626076,-0.769034947076,9.199999999999983
833,0.186749893567,-0.00969200100849,-0.402303552036,0.506472152854,9.199999999999983
834,0.106225592633,-0.37105325397,0.46744562716,-2.97188541187,9.199999999999983
835,0.239788143604,-2.00578248751,-0.887893898146,1.63848830819,9.199999999999983
836,8.05799290348,3.33134635254,-4.96760238456,-1.32183436544,9.199999999999983
837,0.965735722896,1.15837300641,-1.26189669878,0.737962449967,9.199999999999983
838,0.519855144176,0.621256297281,-0.653309910299,-1.41547178512,9.199999999999983
839,0.99054412789,-0.42789475596,1.42605034328,-0.594684378956,9.199999999999983
840,0.58832369346,-2.50555576912,-0.0935529899973,-1.51485100513,9.199999999999983
841,5.43330615828,-1.52678109152,-1.76243282867,-1.03896338321,9.199999999999983
842,0.473967394834,0.100367380629,-2.7984329114,-0.396521920721,9.199999999999983
843,0.106597182751,-0.111248118698,0.263103691663,-1.07698273648,9.199999999999983
844,2.46984111509,-0.0529406003392,-1.97422350897,-0.92000658406,9.199999999999983
845,0.115962965921,-0.34984308267,0.805415070072,-0.996376839967,9.199999999999983
846,0.362334369889,-0.204840391815,-1.13320059865,0.819934549004,9.199999999999983
847,0.192652024461,-0.685767533535,-1.21306698495,-0.194941427481,9.199999999999983
848,0.405590173257,-0.829318678843,0.185580887702,-2.78306738903,9.199999999999983
849,0.342647419065,-1.06780629448,2.14939326945,-1.01675878543,9.199999999999983
850,0.235814504182,-0.786561348894,1.09750968983,1.12449525049,9.199999999999983
851,0.412073068243,-2.58539606069,-6.93052901818,-3.2054693677,9.199999999999983
852,0.215170295486,1.09830693698,-0.915075084562,-1.29399307237,9.199999999999983
853,0.480951593755,-0.495091082678,-1.56245381508,-1.44193132515,9.199999999999983
854,0.649325724467,-0.478969577663,-0.754911778078,-0.0769929479972,9.199999999999983
855,0.653691689033,-2.03607507529,0.592943816404,-1.324416939,9.199999999999983
856,0.986417935672,0.220704692433,-0.386841005466,-1.26801860002,9.199999999999983
857,0.242771319589,0.524251856319,0.281670787006,-3.22091591151,9.199999999999983
858,0.34519243968,-1.56013777506,-0.484619969797,-2.21032463701,9.199999999999983
859,0.166926507934,-0.722733767543,-2.06250209712,2.31037001264,9.199999999999983
860,0.604045902543,-3.11937518778,0.0580191046587,-3.22972863888,9.199999999999983
861,0.122450675387,-0.231677830171,-1.25263619437,0.917195644715,9.199999999999983
862,0.670436864118,0.0735193069164,-2.04524310187,0.579599366713,9.199999999999983
863,0.551801437377,-3.6546786131,-4.48861200991,2.3362054169,9.199999999999983
864,0.605344672706,1.47904699756,3.89466954154,8.77295758676,9.199999999999983
865,0.10898840046,-2.69579202087,-1.93935342139,8.67112277176,9.199999999999983
866,0.104450424361,0.928032292129,-1.84101639997,-1.71794301811,9.199999999999983
867,0.266398246877,1.37201629057,-1.29577875601,-0.170851602078,9.199999999999983
868,0.52923517602,3.24716325082,-4.15588923315,-4.19919558255,9.199999999999983
869,0.249563275217,1.20793322594,-1.63091834906,0.0646417335358,9.199999999999983
870,0.432883575155,-0.032702301709,-0.986657419899,-1.21619130407,9.199999999999983
871,0.220666641343,1.50963544249,0.481637188273,0.301610696276,9.199999999999983
872,0.262429010743,-0.205043044148,-1.6010233493,-2.00719022146,9.199999999999983
873,0.107693931666,-0.0693257666979,-3.2018459347,1.3103808911,9.199999999999983
874,0.102452000228,-0.462361412684,-0.0662982639164,-1.7482516427,9.199999999999983
875,0.214846445374,-1.11028601659,-0.587398284166,-1.32408325902,9.199999999999983
876,0.574748983466,-11.4285255766,1.21040075264,1.13567745486,9.199999999999983
877,0.226167170729,-2.57414738397,-0.191343995158,-1.356296621,9.199999999999983
878,0.395284193959,0.709685925263,0.495839484683,-1.47029027846,9.199999999999983
879,0.152456006415,-0.80882047998,0.928948907318,-0.637178043443,9.199999999999983
880,0.111062361977,-1.65095870109,0.511576238481,-3.52151311772,9.199999999999983
881,0.117719695317,1.38657559446,-2.44716938471,-4.27177514452,9.199999999999983
882,0.46065604736,-2.83609029229,-1.63871940647,-3.15046057192,9.199999999999983
883,0.22717766048,0.421535267858,-1.80148585872,-1.00245177635,9.199999999999983
884,0.501884303375,-1.04777058615,0.337095922879,-1.47778324973,9.199999999999983
885,0.117735562384,-1.1756956076,1.38941050181,-7.04140782028,9.199999999999983
886,1.46346561484,3.32085269041,0.819803379576,8.66816861752,9.199999999999983
887,0.101059987018,-0.724173414618,-0.631033927333,-0.615173804375,9.199999999999983
888,0.168469827111,-1.83058983558,2.9000094031,-0.456039882049,9.199999999999983
889,0.133270809547,1.4626128735,5.21719515414,2.66697832065,9.199999999999983
890,0.352973995012,1.55031449937,0.915628332743,-2.45277161652,9.199999999999983
891,0.419849509506,-0.143769156082,5.67893304075,3.68705321569,9.199999999999983
892,0.785240424583,0.230695196098,-1.51459320494,-3.64560717094,9.199999999999983
893,1.41288528305,0.781146209773,4.48547458485,2.17807418887,9.199999999999983
894,0.22693152363,0.308483844914,0.0337691156712,0.300790080982,9.199999999999983
895,0.294034419845,1.16615040538,-2.32126619177,-2.64711205286,9.199999999999983
896,0.335508374861,-2.29014912291,-0.367060074638,-1.17594613883,9.199999999999983
897,0.260032314681,-1.23983995562,-1.73080512307,-1.53362230334,9.199999999999983
898,0.118549105982,-0.397985999283,-0.251628910591,-2.23263659053,9.199999999999983
899,0.104715963947,-2.00536675099,-0.125659974678,-2.25482324417,9.199999999999983
900,0.274803338007,-0.7001251375,-1.12554525811,-1.39115987025,9.199999999999983
901,1.09134895758,-0.791991793242,-1.1718322716,-0.846534592035,9.199999999999983
902,0.78887917706,0.788402520555,-1.54575822655,-1.53196716107,9.199999999999983
903,0.640410135901,2.49741269784,-1.65346619177,-2.30781674528,9.199999999999983
904,0.140643315475,-1.29482746107,-1.28286182247,0.360052623434,9.199999999999983
905,0.457479633309,-0.433556714026,-0.161510216945,-0.315084944591,9.199999999999983
906,0.117597306192,-1.15544821785,-2.19361283731,-0.985195646373,9.199999999999983
907,0.174417009035,1.41844670772,-0.318217176922,0.313888838631,9.199999999999983
908,0.153703621297,-2.30947275514,4.85741830533,2.34206301407,9.199999999999983
909,0.198244506819,-0.472904900867,-1.18971953082,-0.93952568247,9.199999999999983
910,0.10746800415,0.346188425239,1.13059757505,-2.20785912184,9.199999999999983
911,1.34963582865,-0.845269358136,0.883827039913,-1.42714450411,9.199999999999983
912,0.150157453746,0.100221299994,-1.8425471453,-1.96403435948,9.199999999999983
913,0.173585999435,-7.06069531195,-3.47692696304,-3.59884524364,9.199999999999983
914,0.121028003444,-0.921760609551,0.174455489567,-3.66677152244,9.199999999999983
915,2.18687907991,-0.650251956299,-2.0839404589,-2.07517896981,9.199999999999983
916,0.178085347185,0.222432457002,1.01409196475,-1.34283013047,9.199999999999983
917,0.267257560579,-0.725487217638,1.96568294911,-2.87549186584,9.199999999999983
918,0.259832573187,-1.11006242621,-1.49771812955,0.156929191571,9.199999999999983
919,0.166730327894,-2.6043136855,-3.67824186587,-1.8005140605,9.199999999999983
920,0.102165553536,-0.763480672386,1.39027500922,-0.221877086414,9.199999999999983
921,0.112189802804,0.549525097563,3.73809478847,-0.919317626343,9.199999999999983
922,0.981822763216,0.811889574913,-2.206828621,-3.77366007244,9.199999999999983
923,0.173345352374,-1.62786073698,-5.93323227391,-4.85486023623,9.199999999999983
924,0.253046542574,2.46272212787,-3.50087603189,-1.8811589385,9.199999999999983
925,2.24980611799,1.53256720907,0.0832268303707,-1.05244295146,9.199999999999983
926,0.288934409222,0.75943447843,-0.867700604896,-1.8649851492,9.199999999999983
927,0.315483853556,5.49225319547,4.51920222278,-4.96969225715,9.199999999999983
928,0.255327411694,-0.543271607446,2.02504563171,-0.919729409525,9.199999999999983
929,0.161568519615,-0.424486329757,-0.556057365206,-3.22121330536,9.199999999999983
930,0.392475035629,-1.77024606406,-1.19271404921,-1.29599049515,9.199999999999983
931,0.421524389552,-3.63022701953,-2.06369187264,-0.474548271382,9.199999999999983
932,0.147298665012,3.09468611436,-4.18187632291,11.2131191394,9.199999999999983
933,0.503827526669,-0.173575315817,0.642904655971,-1.2839740385,9.199999999999983
934,0.105262148066,-6.27587202007,-3.00935808176,-6.30089967471,9.199999999999983
935,0.255992149852,-0.628035866763,1.18093060543,-2.32463797099,9.199999999999983
936,0.171511820894,-0.279848409268,-1.09518012857,-0.94792208963,9.199999999999983
937,0.584382169114,-1.89715401826,4.02153344422,-3.64175583715,9.199999999999983
938,0.35289031069,-0.0279330241619,-1.83980166764,-0.719776161161,9.199999999999983
939,0.294339542603,0.361445338099,1.82346938635,-5.72852933462,9.199999999999983
940,0.447108437467,0.416045465815,0.531448343861,-1.75353148979,9.199999999999983
941,0.100302352207,4.08612120566,-2.89705163851,0.079084924999,9.199999999999983
942,1.15255919739,-0.882042425241,0.0755598256778,-0.968417530225,9.199999999999983
943,0.351448565026,-0.872877222911,0.0460810706937,-1.28894045941,9.199999999999983
944,0.972880353271,0.0449198390464,3.74506773449,-6.10469243047,9.199999999999983
945,0.48268359733,-0.2079190905,1.27820059386,-0.505750243866,9.199999999999983
946,0.556562366945,0.101415846086,-2.86437542379,-0.199679260092,9.199999999999983
947,0.362614746202,1.91913342467,-1.78143506672,0.0191062388481,9.199999999999983
948,0.16446335528,-0.127383001561,0.873406782824,1.08558779232,9.199999999999983
949,0.232088176829,-1.62012293354,-2.69716868892,-1.96161618667,9.199999999999983
950,0.288242974523,-0.815841797325,1.03510696113,-1.17572742228,9.199999999999983
951,0.134709447113,0.461247393697,0.145645444462,-1.03837925698,9.199999999999983
952,0.114541718002,-0.796555604614,1.52977278566,-1.98826081151,9.199999999999983
953,0.330576436284,-1.55073128913,-1.44757130976,-1.01897862513,9.199999999999983
954,0.101030255119,2.10317381528,-0.0809209547937,0.137463275365,9.199999999999983
955,0.242675380388,-2.93677504485,-2.073778649,-0.490130388812,9.199999999999983
956,0.703692541814,-2.47320046939,-0.679418691739,-1.59279389314,9.199999999999983
957,0.272562839736,-0.547696223672,0.373586590903,1.62824560522,9.199999999999983
958,0.481667646005,-1.84078463654,1.56094485719,-3.43111067629,9.199999999999983
959,0.136812232507,0.582457354979,-0.423527900125,-1.84050178177,9.199999999999983
960,0.219570989605,1.47689727156,0.588948370848,-1.25943910097,9.199999999999983
961,0.171667281264,1.17489027643,0.680337628458,-1.68737419616,9.199999999999983
962,0.221320565613,-0.0108577978718,0.763231668617,-4.75566022491,9.199999999999983
963,0.479469241008,0.638517372955,-1.34532536017,-2.33662483153,9.199999999999983
964,2.24114513889,2.11980254384,0.0507513463805,-0.78431549948,9.199999999999983
965,0.639840701146,3.25885007915,-1.94689208498,0.741816961549,9.199999999999983
966,2.22104755299,-1.00180906285,-0.980799374414,0.813243659906,9.199999999999983
967,0.182601730527,1.63988385737,-1.97945712761,4.01398163405,9.199999999999983
968,2.71829416921,-5.44398271499,3.93132479386,0.610541957637,9.199999999999983
969,0.132009138993,-5.50552159449,-3.43709558412,-0.0201700706649,9.199999999999983
970,0.145029166428,-0.154348341019,0.242413356498,1.09078986811,9.199999999999983
971,0.914377721951,0.281541378315,-1.41311934539,-1.21476087715,9.199999999999983
972,1.00790298347,-1.14281544086,0.42807272156,-2.61376294542,9.199999999999983
973,0.655347928879,-0.739727535816,-0.728248719393,-1.38149506187,9.199999999999983
974,0.243739537749,1.7678006484,-0.0896855074569,0.527058120311,9.199999999999983
975,0.832477799787,-0.1526585261,0.766930526191,-1.65993958626,9.199999999999983
976,0.192816446323,2.86079384728,1.23098925704,1.91808375215,9.199999999999983
977,0.179064288516,-2.11542335789,1.01973057454,-0.731017171916,9.199999999999983
978,0.170956387679,6.47352794731,-2.48058220121,-3.8669215519,9.199999999999983
979,0.118704503093,-1.13358165053,-1.72934823711,-2.10344062551,9.199999999999983
980,1.12579157276,-0.810688507452,-0.285558733068,-2.00180638247,9.199999999999983
981,0.187465570052,-2.69448983887,-1.603559546,-4.61666765076,9.199999999999983
982,0.471766260043,0.074480033525,-0.0454416682109,-1.62054580181,9.199999999999983
983,0.235170072819,0.987305130347,0.934145104074,-2.61315448339,9.199999999999983
984,0.150436020893,1.07232662712,1.23505118963,-0.0813455803587,9.199999999999983
985,0.850132718511,0.294820563246,-2.36315092197,0.850237723672,9.199999999999983
986,0.103746871426,-1.50327192934,-2.6073909789,-1.90009036405,9.199999999999983
987,0.584282073787,-2.85624828258,-1.55185618179,-1.46480337694,9.199999999999983
988,0.35526931002,0.388212120163,0.0588519471609,-0.0642055933126,9.199999999999983
989,0.164525296428,-1.63283820407,-0.401052846195,-1.23617499113,9.199999999999983
990,1.58766418099,2.06851274485,-2.70093902616,-2.75553727634,9.199999999999983
991,0.984447077709,-0.985184548824,-0.023816958274,0.0807512728197,9.199999999999983
992,0.145838472426,-1.91282505379,-0.362842326978,1.14202085753,9.199999999999983
993,0.142312009419,-2.53692356863,-0.219111747914,-2.04185267558,9.199999999999983
994,1.95286652042,2.6583391475,-2.03278768016,3.17614010456,9.199999999999983
995,0.202125190409,-1.65381927389,-3.19391641384,-1.8568732577,9.199999999999983
996,9.28271448941,-0.0360867212462,-1.28732907472,-1.58198193974,9.199999999999983
997,0.103524519981,0.374657832506,-1.20612219428,-2.51911593306,9.199999999999983
998,0.560038574157,-0.804547948871,-0.431798114751,-0.844026078396,9.199999999999983
999,0.353972265586,-0.335561184925,-0.192638273906,-0.363062317227,9.199999999999983
