Star_ID,Mass (MSun),X (pc),Y (pc),Z (pc),Simulation Time (Myr)
0,0.220815110994,-0.490863885174,-2.74374494863,-7.1651352999,61.70000000000061
1,0.625111394365,-5.38042125304,-2.12719947986,-9.78281342244,61.70000000000061
2,0.33844110053,-3.58642260227,0.259912298313,-10.035695343,61.70000000000061
3,0.215403004902,-15.8926443344,-23.2400606189,4.16693942365,61.70000000000061
4,0.128478963797,-2.4052600551,-4.18959826245,-9.66800788744,61.70000000000061
5,0.521201811201,-1.14070165953,0.616973019864,-8.71320834599,61.70000000000061
6,0.231543241697,-3.76226316386,-5.50623264778,-10.2098305441,61.70000000000061
7,0.244577744347,-4.2611059055,-1.19847641794,-7.16305030561,61.70000000000061
8,0.427853467537,-2.91338839552,-0.590707203254,-7.2303218945,61.70000000000061
9,0.308223255626,5.16392436329,-2.66344777324,-9.85109922566,61.70000000000061
10,0.189824974246,-1.25261372258,-0.714788949735,-11.7786919726,61.70000000000061
11,1.2670180564,-0.774826666138,0.31175196694,-8.13035126952,61.70000000000061
12,0.306066152742,2.59342911094,-2.46313821297,-8.70560690642,61.70000000000061
13,0.116220055173,-1.45073487115,-1.25532090408,-1.18041955703,61.70000000000061
14,0.37792258117,-5.2715651326,0.1265319223,-7.28806300003,61.70000000000061
15,0.100929542686,-1.99241285043,-1.40428075634,-8.8847634414,61.70000000000061
16,0.184853213336,2.80185141888,-2.85124396839,-7.97120664242,61.70000000000061
17,0.469641202072,-3.56195562024,-3.81403717833,-5.6800435157,61.70000000000061
18,0.386955422019,-0.267513386802,-1.18312097866,-5.42521276853,61.70000000000061
19,0.152582914045,0.899078681522,-2.62273561514,-1.76115628664,61.70000000000061
20,1.11618252864,-1.30916334699,-2.44862428586,-11.214300393,61.70000000000061
21,0.500968267026,-1.60779894902,-0.359656804254,-8.93168131728,61.70000000000061
22,0.29355176015,-3.77202734244,-2.15210722231,-7.83161524143,61.70000000000061
23,0.419912748761,-5.60500266242,-5.39239858074,-4.43715232961,61.70000000000061
24,0.811377968274,-2.54460765559,-3.48850073257,-10.4159352995,61.70000000000061
25,0.108113761523,-7.39307278768,-9.0491026549,-9.17792898198,61.70000000000061
26,0.205869247594,-4.74839147969,-2.32444045278,-5.04166275937,61.70000000000061
27,0.299304781799,-6.12080727239,-2.26582439814,-25.788900991,61.70000000000061
28,0.105892912238,0.435609797402,-1.76483662645,-6.32992105185,61.70000000000061
29,0.482425854874,-1.16277863947,-4.95855055552,-7.96202681036,61.70000000000061
30,0.143688713162,0.707884466252,-4.65736896206,-9.09568767102,61.70000000000061
31,0.840695989859,0.17452345181,-5.27491779517,-6.67028628213,61.70000000000061
32,0.525861567743,0.373895740021,-3.3988949051,-6.68245947989,61.70000000000061
33,0.365976500685,-1.46832814953,-2.67206042251,-8.92890220528,61.70000000000061
34,0.138642506012,-2.17212652565,-4.8593721719,-5.57992601165,61.70000000000061
35,0.378446028254,-1.29233018645,-3.38423571205,-8.79083676544,61.70000000000061
36,0.444993193671,-0.0646996182282,0.148158858162,-10.413823825,61.70000000000061
37,0.182501190332,5.58300195619,-8.10325120633,-6.34436815194,61.70000000000061
38,0.753623400815,-0.920426975629,-4.13003257321,-9.61724297181,61.70000000000061
39,0.81648390716,-3.15483668769,-3.78183662623,-12.7372053313,61.70000000000061
40,0.517149608621,-0.276529495114,-1.79964852648,-8.12550865731,61.70000000000061
41,0.147811856675,-5.24902252274,2.47243169599,-6.98054599944,61.70000000000061
42,3.50070515685,-1.13199937714,-1.82368512816,-10.053371321,61.70000000000061
43,0.114060503286,-0.0676602504521,1.80932224587,-9.3917838344,61.70000000000061
44,2.89027588589,-1.69496368622,2.9366391998,-7.85231641174,61.70000000000061
45,0.295841273145,-0.969968553161,0.132792094593,-6.78883616707,61.70000000000061
46,0.144065210783,-11.7350731359,1.63731492033,-10.1812634665,61.70000000000061
47,0.587404816825,-1.3181085186,-1.92550145079,-7.17555401744,61.70000000000061
48,0.109335562483,-3.98570754645,-5.77667469825,-7.41551559677,61.70000000000061
49,1.0794477599,0.429393532036,-11.1392432382,-10.8301285814,61.70000000000061
50,0.679936562417,-1.09634955798,-4.28887317938,-8.30657956276,61.70000000000061
51,0.134073022294,-1.87643222634,-1.62775256388,-7.76139296093,61.70000000000061
52,0.421221983962,0.00319118817171,0.07788238748,-8.21719387545,61.70000000000061
53,0.208068388983,-0.428607226283,-1.48584003571,-10.8952036783,61.70000000000061
54,0.141556137474,0.609426818301,-5.46429779265,-8.54312825011,61.70000000000061
55,4.05580099204,-1.48098724783,-2.71087393861,-8.61185270779,61.70000000000061
56,0.686821546022,-3.71598307729,-6.72004999314,-6.54672644695,61.70000000000061
57,0.417761699787,-1.30465142509,-3.72052637333,-6.63956844473,61.70000000000061
58,0.573347612001,-2.89882348991,-3.2365742627,-8.17003903518,61.70000000000061
59,0.100320830186,-1.39508743898,-8.93698432879,-7.91343811537,61.70000000000061
60,0.493809271884,-0.392608303523,-3.85795017734,-7.9651055581,61.70000000000061
61,0.855286179547,0.183613950498,-1.98945004565,-9.26481191864,61.70000000000061
62,0.220493822718,-70.0902334922,-44.4180415517,-25.6602013243,61.70000000000061
63,0.52381937835,-5.08864649475,-1.37977475013,-4.71139863388,61.70000000000061
64,0.510091995988,0.186223681684,-4.47477271853,-8.81069349814,61.70000000000061
65,0.181904791176,-0.397994490387,-4.28931083577,-9.21599990779,61.70000000000061
66,0.267359649991,-21.6330385958,6.97564555113,-10.2525282809,61.70000000000061
67,0.742042771045,-2.26627264671,-4.15924715341,-8.83886337367,61.70000000000061
68,0.998239484745,-1.85168501122,-4.42792761378,-7.77410043271,61.70000000000061
69,0.361117207683,-5.33562044687,-1.41517949358,-8.4802795409,61.70000000000061
70,0.530286828505,5.20007182122,-4.87327357476,1.23001293199,61.70000000000061
71,1.76347651578,1.23995538567,-3.83530125202,-10.8005810428,61.70000000000061
72,0.498290535749,0.82948955054,-2.41903785556,-9.38041668058,61.70000000000061
73,2.68304086284,-0.300381953235,-1.91319562424,-7.00370682788,61.70000000000061
74,0.157158917653,-2.88887720237,-5.08823502869,-12.297181244,61.70000000000061
75,0.172601750805,-3.71640158505,2.41720671041,-6.58869139572,61.70000000000061
76,0.204322018579,-1.2679165306,-2.50261610171,-8.3765961038,61.70000000000061
77,0.534570091759,-2.49172922496,-6.90409179639,-8.79792911654,61.70000000000061
78,0.436388006068,-2.62571689051,-3.59338295663,-6.62715458204,61.70000000000061
79,1.26224095823,0.54137350531,-3.81951797775,-8.26977698766,61.70000000000061
80,0.417605495482,-15.4277546152,27.7064896718,-32.1978966018,61.70000000000061
81,0.329460030538,1.35883150235,-3.96840673936,-5.81696174407,61.70000000000061
82,0.944293146116,-2.27069821777,-1.67939943582,-9.59279873547,61.70000000000061
83,0.279431521996,-5.02919327366,-2.39110628682,-10.5057279352,61.70000000000061
84,0.306431098608,-5.4157627991,-2.44761702508,-8.76111096552,61.70000000000061
85,2.51455300537,2.72954791187,-1.94920046819,-3.76103821949,61.70000000000061
86,1.02096441418,1.16174879287,-2.20234395709,-10.9380051133,61.70000000000061
87,0.441471126161,-0.0864846963167,-2.86297277184,-9.41892167993,61.70000000000061
88,0.264796280897,12.149437683,-3.28393299592,0.205654036993,61.70000000000061
89,1.20881017281,-0.503196241548,-3.44277769452,-8.40403574508,61.70000000000061
90,1.16950611478,0.0049186450313,-1.99440174114,-7.64819891457,61.70000000000061
91,0.232919915143,-2.88459773384,-6.47477362078,-7.68016790689,61.70000000000061
92,0.240227374514,-4.48155839909,-3.96063738235,-9.08820649958,61.70000000000061
93,0.391915297578,-1.37564110523,-2.80659811518,-9.30543490376,61.70000000000061
94,0.102511635309,3.42002009394,-9.31134634032,-0.498442095431,61.70000000000061
95,1.46556872936,0.749850067646,-1.52130150063,-6.18167279808,61.70000000000061
96,0.212761209765,3.24267835453,-3.4299158151,-9.47479166538,61.70000000000061
97,0.129433487927,0.366847393554,-1.85402075784,-8.00701660745,61.70000000000061
98,0.1454487007,7.83484097031,-13.0379935004,-11.1448540654,61.70000000000061
99,0.331668706544,2.40939730999,-5.13134195578,-8.4761523267,61.70000000000061
100,0.654653897416,11.6991318022,-2.92095354565,-4.09682547506,61.70000000000061
101,0.158049708876,12.9597708431,12.0767438026,-2.70512868518,61.70000000000061
102,0.211585218766,0.464772929671,-2.84684392251,-7.12529178502,61.70000000000061
103,0.246768513066,-0.5062698587,-3.03178996365,-8.77202936435,61.70000000000061
104,1.94372454174,-6.94257224654,-4.29200670343,-7.74764608418,61.70000000000061
105,0.470936026079,-0.569053713721,-1.72263945665,-12.2373240158,61.70000000000061
106,0.234744261236,-10.4874594143,1.17910118613,-1.95916087874,61.70000000000061
107,0.139194733654,-2.17779451632,-1.78595627808,-8.32693236606,61.70000000000061
108,2.16934522047,-1.62793379936,1.27258670734,-8.91041629773,61.70000000000061
109,0.115684084364,1.42105927373,-0.723974033411,-12.6648266655,61.70000000000061
110,0.754581830005,-1.63498784744,-2.59865319816,-9.08563517981,61.70000000000061
111,0.136015156714,-6.07474832329,-0.813374244222,-1.10928004775,61.70000000000061
112,0.591944691242,-4.43479934189,-0.950977147355,-7.04885645477,61.70000000000061
113,0.168370066725,-28.216031463,-9.47426360589,-30.9918436461,61.70000000000061
114,0.467282155489,1.62579178639,-2.47064703762,-8.08024856187,61.70000000000061
115,0.242406700395,-10.9997699317,2.00052409092,-5.81959038036,61.70000000000061
116,0.364961735855,3.75508001145,-0.907710519831,-3.91686404266,61.70000000000061
117,2.70189379199,-4.64443209099,-6.77283878996,-10.8471230848,61.70000000000061
118,0.420833233042,0.890065324903,-2.17306315176,-6.71721574633,61.70000000000061
119,0.258609845691,1.20143661116,0.922265367348,-10.2262203018,61.70000000000061
120,0.317103503922,-4.737397351,11.418860729,-42.8102424829,61.70000000000061
121,0.216389248591,0.518684947915,-2.51471053696,-3.93409910257,61.70000000000061
122,0.630598589695,2.55823298151,-3.2575801594,-6.87062263206,61.70000000000061
123,0.513910480411,-0.914548777646,-4.64661154212,-8.33220041357,61.70000000000061
124,0.136163212562,-4.42050261343,-2.56502318477,-4.54206938856,61.70000000000061
125,0.137750556525,-2.55348089315,-7.3944274923,-7.24002373196,61.70000000000061
126,0.35363141906,-12.1659368803,36.4713441656,9.97696478144,61.70000000000061
127,0.285198149631,-0.755612951799,-8.24421862898,-9.316925587,61.70000000000061
128,1.24208033017,-1.15980278824,-1.73638233191,-9.02752985508,61.70000000000061
129,0.169851391431,-0.133518696816,-4.3442827617,-5.00800760375,61.70000000000061
130,0.112980484881,-0.0577994914435,0.202793985367,-9.68648750277,61.70000000000061
131,0.261124621237,-2.92517485227,7.21572606416,-14.9193100822,61.70000000000061
132,0.371699238605,0.704520514602,-2.77753040024,-13.5979502134,61.70000000000061
133,0.974285627962,-14.9796912273,2.86442325823,-14.6497979313,61.70000000000061
134,0.229431602239,-2.16348760777,-5.29698380433,-6.6415327544,61.70000000000061
135,0.193408157946,-3.81535908881,4.39213913053,-15.3125105165,61.70000000000061
136,0.103408917863,-4.19343763803,-2.98931946976,-8.13431116117,61.70000000000061
137,0.282138537965,-0.583889180978,-2.41609227344,-8.23044640086,61.70000000000061
138,0.112041797316,-7.24051711374,-3.02470518512,-12.1937057639,61.70000000000061
139,0.334970161869,-1.92598648603,-5.92471811156,-12.4082115471,61.70000000000061
140,1.18781427614,0.186206384321,-2.38058383817,-11.3291910718,61.70000000000061
141,1.12804181068,-3.24251603835,-2.39533881032,-11.7126606017,61.70000000000061
142,0.12013248894,2.21641255454,2.30304035098,-6.64675814004,61.70000000000061
143,2.98797673842,-1.35411252871,-0.995309941161,-10.2055824473,61.70000000000061
144,0.143292633587,1.99904067473,-4.50964518601,-6.86422109053,61.70000000000061
145,0.11160905505,-2.00955573552,-1.5047311147,-5.49564299058,61.70000000000061
146,1.53628126397,-0.683940805933,-8.56994134458,-10.0217509379,61.70000000000061
147,2.73943087059,-1.64573753308,-2.87912621613,-8.84550727024,61.70000000000061
148,0.413010007674,9.79934323313,49.8899052605,-0.538025511161,61.70000000000061
149,0.202464573082,0.985784854503,-4.65832640954,-11.6144821887,61.70000000000061
150,0.228718530163,-5.00479324275,-6.48780771359,-10.8937321265,61.70000000000061
151,0.259109173167,-3.71651709974,-2.44518502337,-8.71471569984,61.70000000000061
152,0.170323913426,-2.92968184784,-5.19391693966,-5.9428309191,61.70000000000061
153,0.24732128515,-0.0231323029719,-1.12251231695,-8.19543200811,61.70000000000061
154,1.1912238126,0.515873764219,-0.545715252026,-11.097729134,61.70000000000061
155,0.51368466526,0.688786645067,3.23999348178,-7.71361267328,61.70000000000061
156,0.681058922608,7.66136109239,12.9975433186,-14.5554400994,61.70000000000061
157,0.105132505175,24.8784156035,20.5315921642,16.5699752361,61.70000000000061
158,0.314993845385,4.11056505146,-1.65738606608,-9.37760152068,61.70000000000061
159,3.01998105657,-1.8126601124,-0.0875526050162,-9.54751391397,61.70000000000061
160,0.394019495537,-11.7231961,-16.762311946,-15.1535778843,61.70000000000061
161,0.231535874195,-3.64491460372,-2.69540796306,-9.15366656475,61.70000000000061
162,0.251514562851,-1.98455392464,-5.04991432148,-10.3669491857,61.70000000000061
163,1.0275782205,1.85782774377,-2.22366072581,-5.06390535623,61.70000000000061
164,0.622268563293,-1.46549853724,-5.19591711757,-8.55105564254,61.70000000000061
165,0.146564795489,0.498639387836,-1.39626774628,-7.57496883514,61.70000000000061
166,0.149645610441,0.00934178727868,-1.68371761711,-13.6832993277,61.70000000000061
167,0.227892649561,-0.455275983376,-6.78259090972,-8.56220625647,61.70000000000061
168,0.198777230618,-3.87273082728,-4.8681866081,-9.2565811292,61.70000000000061
169,0.114426233768,-4.61304255205,-3.38548638868,-6.5909329327,61.70000000000061
170,0.56221544863,-10.6311325651,-2.43047963779,-3.77796851007,61.70000000000061
171,0.162768636817,-3.40373136237,5.04584149753,-10.9942976708,61.70000000000061
172,1.49123041412,-0.734507147416,-2.22416656325,-7.34788759747,61.70000000000061
173,0.673130507472,-2.59708655673,-4.96484974531,-10.3784745328,61.70000000000061
174,0.907877872704,1.80659371483,-1.307071936,-9.96781276913,61.70000000000061
175,0.275709625621,2.09452407399,4.58217617559,-5.21073442,61.70000000000061
176,0.601838528477,-8.11047719247,-5.75999769881,-3.37877129214,61.70000000000061
177,0.217112745753,7.45923517961,-13.5655706189,23.2650401278,61.70000000000061
178,0.471202939349,-1.64538910353,-3.36896338014,-6.39891550393,61.70000000000061
179,0.714398835651,-0.321740142538,-3.37909059185,-7.77563686756,61.70000000000061
180,0.31051721336,4.83703300348,0.641057164927,-2.85477462111,61.70000000000061
181,0.280128923877,1.42373196787,-4.08746373539,-7.08530497251,61.70000000000061
182,0.108738062123,-2.15319601269,-4.40533745267,-5.90918425147,61.70000000000061
183,0.181491848517,-2.7358989157,-5.63696764208,-5.56461211001,61.70000000000061
184,0.32518893474,-2.37355241276,-1.16859630665,-6.8051593619,61.70000000000061
185,0.402666817749,-33.0991951365,-72.2544460727,-21.0165905313,61.70000000000061
186,0.272031093103,-1.67738236942,-2.21618630778,-10.7130610943,61.70000000000061
187,0.221785857932,-6.02044031767,-4.70998028271,-9.1462771908,61.70000000000061
188,0.322101918483,-2.0029179983,-3.95553071869,-8.87471337083,61.70000000000061
189,0.303359517828,-6.23717005538,5.46347858254,-10.6174596812,61.70000000000061
190,1.2925981094,-1.23983098425,0.170278809255,-9.32224959976,61.70000000000061
191,0.122234173335,-2.62550417642,-10.8953908968,-6.98003263811,61.70000000000061
192,0.242120322395,28.5013012045,10.9211680434,-22.2759070865,61.70000000000061
193,0.467829453669,2.53219205067,-2.1168727664,-8.21820631775,61.70000000000061
194,1.26897017365,1.20070685739,-3.6620021919,-8.19386248256,61.70000000000061
195,1.6175534434,0.197912335626,-2.9316967547,-7.897676538,61.70000000000061
196,0.352794339782,-8.1396022634,-8.3924774889,-10.1208985157,61.70000000000061
197,1.68799724851,-0.895852969328,-3.43258829839,-7.84313238222,61.70000000000061
198,1.76738848712,-0.468892402955,-3.38719781118,-9.48281713619,61.70000000000061
199,0.159500067669,-6.0410721423,0.925748467945,-4.57165940186,61.70000000000061
200,0.340823941896,1.70498025422,-3.23647298808,-4.49657332392,61.70000000000061
201,0.11397368538,11.3926194785,-9.8133329982,-3.31399417631,61.70000000000061
202,0.430850321162,-0.0669336090507,-3.74799862803,-8.38882921451,61.70000000000061
203,0.234615130896,-11.7494884738,-13.3795530885,-21.7935981896,61.70000000000061
204,0.588355218297,5.28284027806,-5.86734389544,-24.0776757755,61.70000000000061
205,0.873782548664,0.641836544761,-3.93469615522,-5.26737344213,61.70000000000061
206,0.107688884928,2.39640205549,-13.2396481743,-8.86753544943,61.70000000000061
207,0.183084462704,-0.999165250073,1.42761955116,-9.26349372562,61.70000000000061
208,0.606050362138,0.877744145428,1.61468287354,-11.3806887913,61.70000000000061
209,0.242744350072,1.32225258255,-1.9291345629,-5.85768932109,61.70000000000061
210,0.105215808881,-14.5830699789,-5.48067540996,-13.4783664895,61.70000000000061
211,0.127001050042,-5.06915732402,-4.42851706043,-5.61338939718,61.70000000000061
212,5.17527239353,-0.0957782174822,-2.36242726954,-7.69124984985,61.70000000000061
213,0.22694692947,-1.15568594625,-3.66286965501,-7.04041175176,61.70000000000061
214,0.338725112104,-0.776660031268,-2.74455344893,-5.71249047226,61.70000000000061
215,1.2513696891,-0.506829158126,-2.46947710229,-7.5181531159,61.70000000000061
216,1.00196322965,-65.228232219,109.801438496,-72.1414233168,61.70000000000061
217,0.77723676356,-3.02385370869,-2.77592044453,-7.84288504192,61.70000000000061
218,0.173442020573,-4.65499744048,0.518488976,-11.9017023954,61.70000000000061
219,0.155224134886,-28.9335873532,-3.17967666134,-19.9217407367,61.70000000000061
220,0.158536450517,-1.69830440786,-4.03460107801,-4.56171468256,61.70000000000061
221,0.109220137984,0.761790289571,-0.442698500336,-6.14034968152,61.70000000000061
222,0.14358139871,3.51297418995,-1.76184680647,2.08210950138,61.70000000000061
223,1.35970083786,1.80128249285,-3.55368888526,-11.3048600446,61.70000000000061
224,1.67977114225,-3.21412115426,-4.74523315547,-9.00488280997,61.70000000000061
225,0.24504830022,-1.95706885456,-1.54409649112,-9.17179651161,61.70000000000061
226,0.121291561172,-4.07283728152,-6.02384754451,-8.23896756209,61.70000000000061
227,0.130271732964,-7.94678993401,-1.64041176132,-13.6764835111,61.70000000000061
228,0.421435270237,-1.23780882715,-4.08151156563,-8.13529002268,61.70000000000061
229,1.15107872535,-0.749325695988,-1.01921047991,-9.17806024171,61.70000000000061
230,0.328975039899,-2.75929988228,-4.87384021659,-8.43980229276,61.70000000000061
231,0.466670019906,2.27113012851,-5.93230256353,-11.8509447167,61.70000000000061
232,0.20722175386,4.66592966531,-2.11750974888,-5.65715024674,61.70000000000061
233,0.127453900064,-3.89448483599,-0.155591996383,-8.43016734699,61.70000000000061
234,0.107112941762,-2.44097607979,-3.85559898152,-5.01554782166,61.70000000000061
235,0.328615360191,-28.2694917082,29.5686444855,57.055010187,61.70000000000061
236,0.109211402045,-0.33335010256,-1.65450988212,-9.71355660116,61.70000000000061
237,1.33717801148,-2.1215936103,-4.01720356095,-9.16166919531,61.70000000000061
238,1.15232593059,-0.594531890681,-0.57050539706,-12.0472679048,61.70000000000061
239,0.152426787356,-2.05698233885,-2.00050755323,-11.8882246411,61.70000000000061
240,0.249708829147,1.33098432989,0.604321180788,-7.32105504748,61.70000000000061
241,1.90518649972,-67.9148307757,-5.01928800643,-18.9143937924,61.70000000000061
242,1.61141248747,-1.89880351847,-3.52077772352,-11.8497127855,61.70000000000061
243,0.123016146579,1.58377233474,-6.35193033097,-6.35193242555,61.70000000000061
244,0.110040560263,1.12271718331,0.880776560843,-8.49858726787,61.70000000000061
245,0.928111587272,-1.33217505521,-2.91740752863,-6.47249243249,61.70000000000061
246,0.339811587833,-1.61753548633,-4.61808589887,-9.03660089053,61.70000000000061
247,0.983560558543,-1.3243111589,-3.52039997435,-12.3450639657,61.70000000000061
248,0.195055625464,-1.23535762643,-2.90163572862,-12.5757656036,61.70000000000061
249,0.183535045014,-0.278424924425,-3.74197854953,-3.95686437558,61.70000000000061
250,7.42077490681,-0.710126559534,-2.32978191606,-7.55009560351,61.70000000000061
251,4.68843047237,4.10149561988,-4.84819919588,-4.95202335763,61.70000000000061
252,0.186082161362,2.79573165664,-5.98364446922,-9.92646202614,61.70000000000061
253,0.118561082641,-3.8992310884,-6.54555001035,-3.19066000987,61.70000000000061
254,0.407375809207,-3.75798167586,8.65246671654,-3.77495452486,61.70000000000061
255,0.224858720462,0.0242774794539,-0.878334005393,-8.18440796858,61.70000000000061
256,0.168379812284,3.79591353967,-12.6962127721,0.052018036013,61.70000000000061
257,0.635920494175,-0.417142569803,-4.38004851423,-8.47233240983,61.70000000000061
258,0.143276680405,-9.16742008901,-2.19503845185,9.08838102846,61.70000000000061
259,0.112853956917,0.380948812265,-3.16963101146,-8.3278660253,61.70000000000061
260,0.679170275287,0.480117429973,-1.66271615908,-2.53680489604,61.70000000000061
261,0.106406565832,-2.89694116163,-0.714880428118,-1.34288750157,61.70000000000061
262,0.108226428307,13.1694727248,-1.89962002109,-9.59421882855,61.70000000000061
263,0.148297260521,-22.4721278278,-28.5078287376,-30.2424332325,61.70000000000061
264,1.63896284817,-0.0730119501453,-4.33021705466,-6.53172970493,61.70000000000061
265,0.116596397286,-7.18447642107,3.60963276593,2.21961914967,61.70000000000061
266,0.107718069607,-7.96195042184,5.01422469167,-9.25897262328,61.70000000000061
267,0.188912174402,-0.453205071,1.3695279134,-26.491167354,61.70000000000061
268,0.307840388527,-10.3614719478,-1.53235150126,-6.80522393884,61.70000000000061
269,0.388559213919,-2.66113375882,3.14426345722,0.171209955497,61.70000000000061
270,0.200721998114,-2.88406474147,-4.31666682802,-7.43714076226,61.70000000000061
271,0.168277970489,-23.065508534,4.81544045631,-2.33360583475,61.70000000000061
272,0.291804254717,-1.75148332741,1.97014097658,-10.8197172927,61.70000000000061
273,1.59041479815,-0.429536548056,-0.754095659496,-6.44631407062,61.70000000000061
274,0.150222788739,-1.64609534922,-1.83314535915,-7.81737936364,61.70000000000061
275,0.324664313013,-4.98902317907,-2.28302120286,-9.82276588655,61.70000000000061
276,0.154310136346,-3.75225792161,-2.94751183831,-13.032280253,61.70000000000061
277,0.202655934937,0.00823476602399,-4.60107297769,-5.32803733347,61.70000000000061
278,0.139419721862,1.03974085424,-1.35974195342,-6.81592417798,61.70000000000061
279,0.124757569344,-9.49717272319,-15.0075106282,-23.17249543,61.70000000000061
280,0.263301470301,-0.770188203775,-2.50183930872,-10.1255292219,61.70000000000061
281,0.476276615822,-3.02339692864,-4.73689889405,-10.6713108465,61.70000000000061
282,0.21367367379,-1.63011178432,0.991557848771,-6.18186396454,61.70000000000061
283,0.155751557864,-0.420640796701,-6.41061365321,-5.32012176524,61.70000000000061
284,0.17849166261,-3.38348643257,-1.32589707698,-7.71623776667,61.70000000000061
285,0.474566404609,-52.1357349395,-42.6530030312,-37.0853021999,61.70000000000061
286,0.186011800877,-0.239890104345,0.888425046998,-7.8108645496,61.70000000000061
287,0.287538703325,-3.12986053545,1.82819087509,17.1575108382,61.70000000000061
288,0.198257184797,-4.93881622354,-3.31630624597,-8.3004005864,61.70000000000061
289,0.103460082473,-1.42730267454,-10.9528981301,6.1170244,61.70000000000061
290,0.222885183897,-1.29837940659,-2.46536569088,-7.51313067703,61.70000000000061
291,0.18038146212,0.347342835196,-5.46379745556,-5.12296680778,61.70000000000061
292,1.0503086226,-0.913820602477,-0.0667590576026,-6.39514229616,61.70000000000061
293,0.446585911416,-5.32588306553,36.9413112168,-9.57343167608,61.70000000000061
294,0.246773132755,-1.67604716326,-2.22878779445,-9.78283275925,61.70000000000061
295,0.276209158978,-1.68373214093,-5.34864273088,-8.6293726617,61.70000000000061
296,0.15049904186,-2.76961782901,-1.39911534598,-14.2567651873,61.70000000000061
297,0.370162577156,0.434848408331,-2.7941734933,-3.45051549761,61.70000000000061
298,0.349976953326,4.08069337161,-0.786585220375,-6.92621766043,61.70000000000061
299,0.123589079088,-1.70388610644,-4.89841758377,-8.67011673398,61.70000000000061
300,0.230321035269,1.00118548082,-0.959366378584,-2.74690089614,61.70000000000061
301,0.962793773625,-7.15045518697,-2.41409544037,-1.26114874899,61.70000000000061
302,0.14817388341,-0.637811817874,-3.12017530758,-7.75588145618,61.70000000000061
303,0.514977639052,2.8986729839,-4.71044267412,-6.25699010896,61.70000000000061
304,0.156883463121,-1.68937016298,-0.774760964851,-11.5493072607,61.70000000000061
305,0.162978033235,-1.56584148194,-3.39303274457,-7.79665074812,61.70000000000061
306,0.381690539576,-0.137159081837,-0.940852774797,-8.32016008282,61.70000000000061
307,0.504232339498,-1.90251169636,-3.17335013186,-3.27249707077,61.70000000000061
308,0.287651821841,-2.43394606201,-2.68171309521,-8.41159131317,61.70000000000061
309,0.632432051655,9.19436268467,-0.672737322405,-3.76681992188,61.70000000000061
310,3.44318000763,-0.854683948026,-3.58771514625,-7.36807211194,61.70000000000061
311,0.36710268791,-2.79070863977,-2.60975445611,-9.16414302302,61.70000000000061
312,0.117804788074,-1.04140082055,-1.38595508917,-7.99388851506,61.70000000000061
313,0.425221488061,2.63772285432,1.63608709193,-7.25944758113,61.70000000000061
314,0.745372337607,-1.47156707999,-4.66219927964,-10.3052271674,61.70000000000061
315,0.140256345972,4.39153056631,-4.16796403051,-10.4566261409,61.70000000000061
316,0.279762833408,0.233888682452,2.62000098002,-3.07140610626,61.70000000000061
317,0.461218422728,1.55921046241,-4.42748401053,-3.9263804694,61.70000000000061
318,0.121193254324,4.27472454125,-1.08149123162,-12.457969995,61.70000000000061
319,1.18028520104,-1.25102993533,-4.04883303134,-6.85885303363,61.70000000000061
320,0.169243509507,-0.143437967889,-6.68267012267,-4.82239059633,61.70000000000061
321,0.402551594464,0.419730384029,-1.20598189105,-7.25737256898,61.70000000000061
322,0.209502621308,-7.15411486892,0.868299330656,-4.89089678013,61.70000000000061
323,0.153631709182,3.06874244544,-5.0746850474,-6.77850358478,61.70000000000061
324,0.25169898876,-1.85452017131,-2.5952607979,-8.65463918883,61.70000000000061
325,8.08690290386,-1.83256316821,-2.43793819776,-10.082650004,61.70000000000061
326,0.111626732116,-3.69079655146,-3.8586878467,-18.7183463495,61.70000000000061
327,0.499194402676,-1.68700986134,-3.81624743035,-8.75178940539,61.70000000000061
328,0.322429788737,-2.33125219705,-14.223530182,-0.0157901305188,61.70000000000061
329,1.24041541281,-1.13250583187,-2.62086779453,-7.54024656232,61.70000000000061
330,0.266374062914,1.43443715439,-2.58335716216,-6.36881017369,61.70000000000061
331,0.101946311453,-1.81128323556,-3.28187555039,-5.22670259307,61.70000000000061
332,0.18644980981,1.92657037161,-2.64995194844,-6.46009447955,61.70000000000061
333,0.12922111343,0.185093569785,-1.9667990983,-11.1398640093,61.70000000000061
334,0.127624052141,-0.10477101374,-3.39463442871,-8.95892179674,61.70000000000061
335,1.36322086393,2.45888747304,-1.77956583177,-4.00335865065,61.70000000000061
336,0.185414218133,-1.62462211372,-1.77659233064,-7.46999590002,61.70000000000061
337,1.52553910057,0.485955412268,-0.590037635219,-10.1442506729,61.70000000000061
338,0.144210316048,-2.79719037739,-9.34133301399,-8.99938630523,61.70000000000061
339,0.114575088122,-1.65850218785,-1.07422239072,-5.20469287089,61.70000000000061
340,0.297308168667,-1.71089882851,-2.33546872471,-2.0751700374,61.70000000000061
341,0.666980735272,-3.63281317833,5.2106558967,-5.70222234621,61.70000000000061
342,3.84509053459,-4.33624019076,-3.25559014413,-8.22132711242,61.70000000000061
343,0.145737066901,-1.20292613573,-4.69472404054,-5.8657533401,61.70000000000061
344,0.107889782098,-4.61805387332,-3.39574246027,-4.03097851406,61.70000000000061
345,0.274939990783,-0.360081159728,-3.02642031161,-7.23536396782,61.70000000000061
346,0.914228214875,3.30360288333,0.927720543847,-11.7529677529,61.70000000000061
347,0.339021581814,-1.7342134259,-1.56953331145,-9.29938554799,61.70000000000061
348,0.342614757501,-3.0407771648,-4.21345864834,-6.86622349788,61.70000000000061
349,0.518437619638,18.1395060813,-39.6752267639,-31.7895609455,61.70000000000061
350,0.620652741396,-2.2978845098,-3.17666587826,-9.6890558758,61.70000000000061
351,0.671298719458,-5.11581871899,-4.98938110997,-7.12677295009,61.70000000000061
352,0.397725906922,-0.958927509219,-1.94494759477,-8.21483854469,61.70000000000061
353,0.256090341832,-2.00741438645,-3.1160371497,-6.55999010651,61.70000000000061
354,0.153529241695,-9.30451861092,6.36420054161,16.9887837146,61.70000000000061
355,0.850981239031,0.738957377986,-1.09384134525,-8.03391643138,61.70000000000061
356,0.113348328652,0.368976214629,-3.3265288609,-9.58933654394,61.70000000000061
357,0.128420783314,0.96133068814,-3.94798680221,-8.85091448758,61.70000000000061
358,0.104316946451,-1.54141764844,0.674209812391,-8.94176627103,61.70000000000061
359,0.125907238009,-5.80736227442,-6.91668304494,-8.96144874011,61.70000000000061
360,0.115807261377,-0.755314516346,0.129893903773,-7.16970531705,61.70000000000061
361,0.575329686018,0.794738689839,0.559857516166,-7.50897031014,61.70000000000061
362,0.25448330326,-2.93560443476,0.0850656018773,-7.56182005962,61.70000000000061
363,0.355006545168,-0.373765755659,-2.49007757126,-6.0360453376,61.70000000000061
364,0.628552527715,-2.68226650209,-5.98714782301,-9.28207229044,61.70000000000061
365,0.459705791611,0.274276779041,1.1353936307,-10.4649423254,61.70000000000061
366,0.40660658631,-0.192763241196,-6.35540715769,-11.2370518059,61.70000000000061
367,0.65991458043,-0.831126276911,-2.51737332945,-7.60369485418,61.70000000000061
368,3.04675525715,-1.21500897364,-5.99509505143,-9.47192242825,61.70000000000061
369,0.159558538865,-3.20397930168,4.84885883332,-15.6669436924,61.70000000000061
370,0.421515474064,-2.71551862516,-3.69432318097,-14.8502263997,61.70000000000061
371,0.173382237254,-0.858479677766,-2.7110190813,-7.67399857975,61.70000000000061
372,0.123466751924,-1.98082072072,1.15210070076,-5.85566174501,61.70000000000061
373,0.240113431366,-1.06973501654,-3.49491673344,-11.7981941345,61.70000000000061
374,0.329584234694,-1.53726328565,-3.3184715387,-8.02212552091,61.70000000000061
375,0.274068487137,-26.511938927,-13.1516550252,-55.6321966297,61.70000000000061
376,0.14776539493,-1.898661231,-0.14680755175,-10.5691486822,61.70000000000061
377,0.108810108142,-6.33290520793,-0.274065964374,-2.33155209639,61.70000000000061
378,1.27247346503,-0.60618459356,-2.07738286773,-8.0721949546,61.70000000000061
379,0.135136909943,1.65586166546,-6.20121164437,-9.08074394302,61.70000000000061
380,1.25032992265,-5.69264447085,0.931652881123,-7.0211884159,61.70000000000061
381,0.284820271068,-0.91104762049,-4.09414596957,-6.59867031451,61.70000000000061
382,0.141942802567,-0.817963919393,-4.29641508329,-8.4114095106,61.70000000000061
383,0.162269564356,7.78566386715,5.03732617335,-4.28950789967,61.70000000000061
384,0.286837083398,-3.69647221667,-5.40221739027,-12.3554757175,61.70000000000061
385,0.130880985787,-1.556869111,-2.72850282528,-8.4753769493,61.70000000000061
386,0.124844669099,1.23257654797,-3.5340086339,-6.37922490616,61.70000000000061
387,0.117170628126,3.07224995747,35.2601650906,64.7081274808,61.70000000000061
388,0.239452121786,-5.35506741813,-9.27110991697,-14.4958734796,61.70000000000061
389,0.22115498855,-0.733144910377,-2.8798039016,-8.18123016605,61.70000000000061
390,0.397021721922,0.429795340719,-2.47831939133,-8.83465734871,61.70000000000061
391,0.532524918394,-0.871835455014,-1.90492089124,-5.28869942685,61.70000000000061
392,1.15411026467,-0.884374860175,-2.14099967736,-4.36506564173,61.70000000000061
393,0.124163741052,-4.80745530685,-0.0609236438231,-4.7744747638,61.70000000000061
394,0.322328007885,0.458094755549,-0.102200973081,-7.74308841919,61.70000000000061
395,1.89720287788,-12.8342962352,21.5068364899,-17.1678460485,61.70000000000061
396,0.191401770096,-1.41450516002,-2.73852593735,-8.81973079257,61.70000000000061
397,1.28165500526,27.1039724422,-42.5303297338,6.25538262077,61.70000000000061
398,0.210699343564,3.12084161374,10.5328001115,-10.9745387677,61.70000000000061
399,0.213277602,0.549647274112,-2.13420208297,-10.5042968845,61.70000000000061
400,0.243734362856,-5.28761909592,-5.03271141142,-0.990234032754,61.70000000000061
401,0.139426019854,0.495131095882,-3.26263924224,-6.63250412866,61.70000000000061
402,0.12445214179,0.865684087999,-3.56135836903,-11.5390618018,61.70000000000061
403,0.557892667146,-2.01409493444,-4.47905851898,-6.41826179342,61.70000000000061
404,0.335977829481,-1.14997806061,-3.31642438655,-10.3016772714,61.70000000000061
405,1.01951573108,-3.34392534633,3.76234026089,5.76129014231,61.70000000000061
406,0.714535102089,2.07065574079,-4.11967174541,-6.29753071491,61.70000000000061
407,0.447618443181,-6.02023207505,2.50292344688,-5.63214632768,61.70000000000061
408,0.205621834445,1.3813142453,11.8908123543,3.42650421012,61.70000000000061
409,0.108479038438,-0.157879173216,-1.78829790902,-8.55278593775,61.70000000000061
410,0.239046614959,-0.258539118626,5.69934214707,-7.22397883595,61.70000000000061
411,3.40392826845,-20.8679099906,-11.7901183685,-14.1305645359,61.70000000000061
412,0.196057421177,-0.681484474621,-2.68630244377,-10.547055962,61.70000000000061
413,0.392698241485,-1.28882408596,-3.47913017333,-8.30349697663,61.70000000000061
414,0.379785341817,-35.0736683364,-9.53764218666,19.9787073716,61.70000000000061
415,0.247834739115,-1.82666998298,-2.79110292168,-9.57236969771,61.70000000000061
416,0.282422825261,1.07562816696,-12.83957324,-10.6132032616,61.70000000000061
417,0.145627471145,-2.36395031182,-4.9292713254,-9.6963691128,61.70000000000061
418,0.12342348475,0.243800110243,-0.718361833033,-9.85789105494,61.70000000000061
419,0.102714277898,2.84382849971,-10.5373004972,-7.28173819821,61.70000000000061
420,0.22782900177,0.471573756057,-4.1172769084,-9.85475591669,61.70000000000061
421,0.693023233526,-0.0164491520722,-13.9851477277,-8.32298555684,61.70000000000061
422,0.906530342295,2.89058562427,-3.15066252092,-7.86670762984,61.70000000000061
423,0.369649387622,-0.222913056618,0.401758658636,-9.91332643445,61.70000000000061
424,0.116353211638,27.4397260172,3.96341693918,-18.3936377518,61.70000000000061
425,0.388036707814,0.58561852893,4.64073459283,-7.56557521989,61.70000000000061
426,0.135731405806,1.04982122132,-2.40080071514,-7.38859282556,61.70000000000061
427,0.136871193705,-1.48453749051,-0.982347648105,-15.5074745787,61.70000000000061
428,0.497040712882,-0.785104583857,-4.59671414988,-8.29319860165,61.70000000000061
429,0.148544454275,-3.90718081798,-3.503089852,-8.24641387005,61.70000000000061
430,0.16573946442,0.363667558006,-2.86018643824,-7.16944958709,61.70000000000061
431,0.597884776509,-1.71167278775,-5.65469925738,-9.23315724576,61.70000000000061
432,0.161572423818,-0.696897899293,-0.264069155529,-8.47824048318,61.70000000000061
433,0.364134219159,-0.719666816709,-3.09282372717,-5.20703191547,61.70000000000061
434,0.114781531167,3.31159268494,1.61078506919,-16.4491628678,61.70000000000061
435,0.410448005562,11.6360404029,-54.8334243714,-50.9194147456,61.70000000000061
436,0.362183054261,-2.14325869283,-3.48841310258,-5.59429202595,61.70000000000061
437,0.101347801362,-11.9313023267,-10.4848075337,-3.06755331476,61.70000000000061
438,0.464959652507,-0.424739809676,-1.65546630922,-8.41286610955,61.70000000000061
439,0.835776110981,0.765154804286,-1.06782264983,-4.44654403631,61.70000000000061
440,0.159477388741,-5.37557892437,2.89941400726,-15.2494869006,61.70000000000061
441,1.2293023729,-12.0558241246,-7.19955852226,-0.230122982878,61.70000000000061
442,0.105429492544,-23.7885492585,-8.36149398611,40.6334651739,61.70000000000061
443,0.131153756657,-0.610817329953,-4.04553245818,-6.02269619982,61.70000000000061
444,0.125211929201,42.1814945086,-5.87276778185,-54.4119613878,61.70000000000061
445,0.529433895785,-5.47531023473,-1.72921618299,-5.40264644817,61.70000000000061
446,1.36573603611,-0.935891451206,-4.07074953052,-9.62464178757,61.70000000000061
447,0.115017422218,-2.10599729654,2.10802618113,-0.498386624434,61.70000000000061
448,0.109661001502,-2.53462520744,-8.66126384666,-9.22008470983,61.70000000000061
449,0.227248628541,-2.22490726838,-3.94048555386,-9.26949174185,61.70000000000061
450,0.46663280804,-1.88966911083,-2.09967575864,-11.373434406,61.70000000000061
451,0.787112811209,-1.14232953517,-0.905686861414,-12.8054151928,61.70000000000061
452,0.451669584027,-3.201101578,3.78376787221,-3.29926200949,61.70000000000061
453,0.280667963515,-4.43522861805,4.18225489567,-1.884334426,61.70000000000061
454,0.554222046931,1.02255293259,-2.54477821409,-8.80211002005,61.70000000000061
455,0.642558623493,-1.32145520685,-1.91824175182,-7.89977233982,61.70000000000061
456,0.292148184771,-3.34723859655,-2.93978082796,-5.51432811365,61.70000000000061
457,0.211589076519,4.27241221517,7.07976354122,-22.6001537504,61.70000000000061
458,0.840005070754,-0.716728975702,-2.62841249987,-9.70502187758,61.70000000000061
459,0.215080915857,2.17503457838,10.1370870938,5.38513696138,61.70000000000061
460,0.327115108579,-0.709861724041,-4.16565604045,-4.95425443281,61.70000000000061
461,0.226571362842,-3.42013276957,-0.790473389399,18.5985796928,61.70000000000061
462,0.108528398879,1.58934054377,-1.46167378904,-6.43978135503,61.70000000000061
463,0.279905833905,-1.76203861198,1.08011623067,-0.628836432418,61.70000000000061
464,2.45005199607,0.0719432343654,-2.55170702581,-7.62548764037,61.70000000000061
465,0.553903844646,0.284839861137,-4.00469797181,-7.60591471882,61.70000000000061
466,1.44366490309,-0.373438502871,-2.75426063725,-7.51188698764,61.70000000000061
467,0.103021096675,1.44042889253,-4.78048972884,-10.164676076,61.70000000000061
468,0.121440497836,-1.03325479056,-2.04839815588,-7.42777564449,61.70000000000061
469,1.06408067546,-0.115490623902,-1.22296013427,-6.74238649791,61.70000000000061
470,0.194203938037,-5.26240906684,0.721568825143,-3.81621963212,61.70000000000061
471,0.602449172978,1.98131784182,-0.869109379878,-4.16535484534,61.70000000000061
472,0.209436711825,-1.95699403145,-2.47010655087,-9.69507575869,61.70000000000061
473,0.325873831684,-3.00835715392,-1.61729755126,-4.56267130061,61.70000000000061
474,0.42154471327,-2.63066961876,-0.938998852797,-8.81250247799,61.70000000000061
475,0.197910054031,-1.63049570644,-12.2846120293,-6.6675433394,61.70000000000061
476,0.282960450617,-2.84878613991,-4.77569860716,-6.24282166719,61.70000000000061
477,0.117838870377,-7.06097250036,-0.963494044602,-6.8309701102,61.70000000000061
478,0.671462482324,-17.106611185,24.3492119076,44.3937661099,61.70000000000061
479,0.248417032254,-0.196082321591,-2.17696674483,-8.88335411961,61.70000000000061
480,0.224072617901,-0.0223092141602,-2.94351797756,-5.02756301395,61.70000000000061
481,0.144926212083,-2.76561583451,-0.865786664184,-7.09205741675,61.70000000000061
482,0.14376665721,-0.403557902205,-2.1805304035,-6.80468202041,61.70000000000061
483,0.763236693806,-0.169657157777,-4.88245849902,-12.5626936371,61.70000000000061
484,0.120958350054,-1.53259776785,-1.39075618997,-9.327071744,61.70000000000061
485,1.01077330143,-3.08847347687,-4.92822083256,-10.0458008712,61.70000000000061
486,0.436300032641,-1.18008143008,-2.84390502987,-5.49386989506,61.70000000000061
487,0.604665899933,14.9444540927,-2.76274993089,-0.552605995071,61.70000000000061
488,0.636881800086,-2.45463257014,-4.07868001408,-7.78082219864,61.70000000000061
489,0.111086589081,-1.95637522865,-5.91943377973,-10.680303403,61.70000000000061
490,1.18566780697,-0.818367264944,-2.16015102063,-9.04887553131,61.70000000000061
491,0.655866815817,1.035731541,-9.69020151823,-7.08923125465,61.70000000000061
492,0.107668851997,27.6662536188,5.07332483966,-34.4696394336,61.70000000000061
493,1.05944165592,-0.0632846278241,-1.52903248638,-6.86917555125,61.70000000000061
494,0.478654074623,-2.46840772997,-2.30749628164,-7.84462204422,61.70000000000061
495,0.620704623795,-1.68502259596,-4.7386580247,-7.84675640112,61.70000000000061
496,0.596518510834,-1.40460316661,-3.66196568588,-7.9510893973,61.70000000000061
497,0.623196887958,-1.99665845774,-1.873345095,-4.9414203814,61.70000000000061
498,0.399580514066,-2.45366130228,-3.29441663186,-9.5907509862,61.70000000000061
499,0.139943136839,-0.465200906197,-3.59197197015,-8.32064401359,61.70000000000061
500,0.110545474186,6.20390878019,11.0610412921,-0.00936542217696,61.70000000000061
501,1.65414912435,-14.3482894795,16.6392855071,-32.3974103188,61.70000000000061
502,0.488661479165,-38.2775820326,-39.0687915191,20.5091479308,61.70000000000061
503,0.496755504131,-1.29107339754,-2.05861153014,-9.36882530447,61.70000000000061
504,0.309085791032,-83.0876246286,96.4072922442,17.6371896668,61.70000000000061
505,0.132721284982,1.59299947596,0.606986754783,-4.57460081998,61.70000000000061
506,0.340820674164,-0.106569811759,-5.76981253596,-10.9051346474,61.70000000000061
507,0.363984851987,-0.450600923238,-1.17822219288,-3.79567927771,61.70000000000061
508,0.287172118731,2.76474441553,-4.00223422483,-8.93575786484,61.70000000000061
509,0.14076834168,-4.97490016102,-1.26765017437,-4.92825287153,61.70000000000061
510,5.47040116,0.471733843575,-2.07097446918,-7.856960927,61.70000000000061
511,4.74599477634,-2.88760684559,-1.16878070793,-9.80178666877,61.70000000000061
512,0.6211397487,-0.320006799325,-3.55943832323,-10.4195173362,61.70000000000061
513,0.421813892901,2.13041390944,-0.932543708642,-5.20433410493,61.70000000000061
514,0.610516419685,-1.29236347339,-1.38383565251,-7.05744550955,61.70000000000061
515,0.249599538486,9.20367732676,26.201277168,25.9334112581,61.70000000000061
516,0.239814514299,-3.16216311835,-4.7644379565,-4.50868832129,61.70000000000061
517,0.544499207617,-3.90482755406,-8.82625186006,-9.52612876543,61.70000000000061
518,0.116390073108,0.393814217715,-3.76112749591,-8.41652750678,61.70000000000061
519,0.790564165763,0.703065864884,-2.13093068236,-11.4031218357,61.70000000000061
520,0.120694405222,-0.866053271836,-2.57269366268,-8.6277890383,61.70000000000061
521,0.13972011564,-0.624611843792,-6.44429520713,-3.84471665856,61.70000000000061
522,1.41851720606,-3.7587159479,4.00516982351,-3.34885026078,61.70000000000061
523,1.21558199107,-1.70959562955,-3.83860080909,-14.5991740025,61.70000000000061
524,0.289009312225,0.741414605957,1.07017936221,-8.02845812841,61.70000000000061
525,0.144738757127,0.868398284802,-0.994440988217,-6.79016731787,61.70000000000061
526,0.117144295631,-0.671482097512,-1.24912710811,-8.32630495837,61.70000000000061
527,0.19623473972,-3.14805988351,-2.85564287986,-10.7274782404,61.70000000000061
528,0.147449216498,1.99276258727,2.18892222713,-4.05091946828,61.70000000000061
529,0.59721093708,-8.37926852176,-6.27683496842,-9.35713203093,61.70000000000061
530,0.310378222459,0.190625272618,-7.04821554139,-4.63118008841,61.70000000000061
531,0.403336104781,-2.11736418949,-4.47113891526,-10.6253276338,61.70000000000061
532,0.105558332285,1.76426952829,-1.73368569093,-2.63677284731,61.70000000000061
533,0.276199004949,1.05258120727,-3.06200356367,-12.4546442324,61.70000000000061
534,0.1457384101,-0.44780483192,-18.6198154331,8.42233465423,61.70000000000061
535,0.128284612461,0.564235354028,-5.80978880176,-8.43126324629,61.70000000000061
536,0.217611921698,2.5505926817,-2.83038297289,-10.9612246455,61.70000000000061
537,0.461247496157,-1.03266490425,-1.95013419236,-5.13340801838,61.70000000000061
538,0.436438188566,1.58240396903,-0.412187905232,-7.4666513134,61.70000000000061
539,0.543981271329,0.208357648766,-1.5485942985,-6.73232200664,61.70000000000061
540,0.39137520298,0.528559015516,-3.52166530305,-8.39017073584,61.70000000000061
541,0.130338165773,-1.3729456534,-3.34265623258,-4.68283746762,61.70000000000061
542,1.62773035285,2.03739079948,0.336348199572,-10.8553527123,61.70000000000061
543,0.310749019446,-1.5803392242,-3.94254372751,-7.8889158723,61.70000000000061
544,0.179147118398,-0.0719235577694,-1.37106007357,-9.25878194183,61.70000000000061
545,0.265205033395,-0.347682647003,-2.71980215941,-6.96672822475,61.70000000000061
546,0.81785537381,0.695554460716,1.44085738054,0.272656558434,61.70000000000061
547,0.109966750286,-2.06009225825,-2.98646236163,-7.18636264633,61.70000000000061
548,0.642525044519,2.65263664851,-3.18523221086,-9.97106822148,61.70000000000061
549,0.598660559993,0.034038984282,-2.30685003015,-2.93110466283,61.70000000000061
550,0.363874923845,-7.54122108018,6.71058337648,-19.1401020215,61.70000000000061
551,0.121368574911,1.74425183525,-3.32667716146,-8.15215554399,61.70000000000061
552,1.11649352,-4.53232896008,-4.20694636493,-10.4464990408,61.70000000000061
553,0.110679479623,3.74591682405,6.37452424606,-8.27743940526,61.70000000000061
554,1.14194399019,-7.48971655406,2.74479567886,-6.32834836313,61.70000000000061
555,0.222702963626,-2.44780865719,-6.04242428643,-4.57003475744,61.70000000000061
556,0.439655551431,-2.25606718977,-3.9763018754,4.40129704759,61.70000000000061
557,0.276331124945,-2.13527217618,1.03734052162,-8.77814842135,61.70000000000061
558,0.132802845569,-2.15730225659,-0.509288268674,-9.36245351181,61.70000000000061
559,0.453638561112,1.47496084949,-2.15510252259,-6.62720027481,61.70000000000061
560,0.122589036082,-5.45241910979,-1.32693539133,-8.39707023423,61.70000000000061
561,0.138763579596,2.9361660811,-6.12126241913,-11.881911959,61.70000000000061
562,0.225175468404,2.5641388615,-5.00242894065,-3.61644459253,61.70000000000061
563,0.127066420574,2.01706189032,-0.214010342356,-9.07661009202,61.70000000000061
564,0.343563604148,-4.61522287241,-4.45695357183,-1.61525748696,61.70000000000061
565,0.170527611042,-11.8637303887,0.752625335253,-7.7893416851,61.70000000000061
566,0.183810197578,2.85088161878,-1.27086869829,-5.05314190177,61.70000000000061
567,0.166371684821,1.44372116411,-2.08826796971,-7.77494314726,61.70000000000061
568,0.117806299586,-4.30772351827,-3.86284322885,-5.71846838093,61.70000000000061
569,0.291231695374,-2.54714790916,-3.75195617136,-7.85836153466,61.70000000000061
570,0.21531356304,0.0317499373071,0.187130812333,-9.12789732629,61.70000000000061
571,0.118183231061,-0.155756231459,-3.09267466885,-7.67470576283,61.70000000000061
572,0.176716974206,0.150673938324,-4.1433907923,-6.67402715574,61.70000000000061
573,0.416547020228,-4.95999983946,-2.89216612389,-8.53656204711,61.70000000000061
574,0.116508301911,0.527424126279,-2.24312320938,-7.25169915522,61.70000000000061
575,0.497898632408,1.58145717412,-3.29344655835,-9.28403758458,61.70000000000061
576,0.226000702068,-0.976770650253,-4.12761620767,-10.0369934641,61.70000000000061
577,0.597455168932,-4.69868799171,3.2941294698,-8.22164546461,61.70000000000061
578,0.1279368223,-15.1755493123,-1.717481257,19.7786018718,61.70000000000061
579,0.121488730341,-0.569525683955,-2.72085734084,-9.39186253099,61.70000000000061
580,0.687207432471,-2.82972246472,-0.388849683117,-6.8463870919,61.70000000000061
581,0.146857866965,1.11441433178,-4.26699917985,-8.65081859014,61.70000000000061
582,0.52965785384,111.860317299,19.544106515,-55.2244985104,61.70000000000061
583,1.9897840931,-2.03800587205,-3.5238478476,-6.59273459499,61.70000000000061
584,0.262995481444,1.98847739677,-4.84435659137,-5.09279450612,61.70000000000061
585,2.56998148784,2.35351437425,-1.32562708521,-8.32478827728,61.70000000000061
586,0.258838758141,-4.87781023352,-3.266997171,-8.76313847256,61.70000000000061
587,0.102772374439,-0.632564090609,-5.05644789791,-8.57369599902,61.70000000000061
588,0.109219464936,-0.962018374175,-0.938736627012,-7.89909024146,61.70000000000061
589,0.301665265842,-5.75224710552,-1.35509892199,2.01240886771,61.70000000000061
590,0.868938757621,-0.414630755369,-2.49498533992,-9.11204324058,61.70000000000061
591,0.823905230767,-1.98616995078,-6.13801338821,-11.67931641,61.70000000000061
592,1.14096764913,-4.46035650758,1.87451653008,-2.47428839073,61.70000000000061
593,6.13389774926,-0.896410294861,-1.89881573192,-8.41115955776,61.70000000000061
594,0.406813030928,-2.91502573019,-0.807529890787,-9.57773046346,61.70000000000061
595,1.95819127767,2.92149123208,-2.04133832961,-5.54675243889,61.70000000000061
596,0.103260340941,2.01990455657,-7.71068683816,-4.99838150168,61.70000000000061
597,0.112826049775,-2.40803724728,-1.35558109996,-11.5046800163,61.70000000000061
598,0.80939722177,-1.34434442278,-4.21705094223,-10.6547309726,61.70000000000061
599,0.409051991911,0.740225777305,0.601080902335,-7.37790878269,61.70000000000061
600,0.474045284926,-4.07859453223,-3.92291936856,-9.50029112541,61.70000000000061
601,0.12902887207,1.99954939904,-1.59631525001,-6.59638647768,61.70000000000061
602,0.16922953363,-8.54057617599,-13.0018643104,-0.307289811107,61.70000000000061
603,0.831589774372,-0.345583630708,-4.24030997308,-8.5312802628,61.70000000000061
604,0.17401374661,2.31280393161,5.48169376841,-16.5192895287,61.70000000000061
605,1.92809072571,0.906709223776,-2.59235731654,-7.04913334289,61.70000000000061
606,0.119481765555,23.6456037016,20.7787373158,-4.40270439123,61.70000000000061
607,0.357517288729,-2.83532758943,-2.76474582631,-8.44066203356,61.70000000000061
608,0.344681475625,-7.4426609574,-3.71001319211,-10.0378253326,61.70000000000061
609,0.23892019421,0.862028541301,-2.53308000777,-9.64130324358,61.70000000000061
610,0.452375601354,-3.43885516894,16.8267026104,-2.29728613538,61.70000000000061
611,0.120861626741,-0.07249137717,-4.85245168502,-8.83183817313,61.70000000000061
612,0.305888939382,0.860723401153,-1.11563462702,-5.47909879823,61.70000000000061
613,0.258773301839,0.170343976829,-2.67619732275,-12.1676891664,61.70000000000061
614,0.155943867123,-1.41301732888,2.62764758698,-15.1071884572,61.70000000000061
615,1.34638917515,-1.87056811823,-2.66066811988,-8.6353576476,61.70000000000061
616,0.13314890832,-1.10984339567,-2.08691491094,-6.82202120134,61.70000000000061
617,0.188751713756,30.043672849,-16.7445889225,15.6178977459,61.70000000000061
618,0.230999841157,-2.95597357696,-0.350419291796,-3.61718854152,61.70000000000061
619,0.166555650405,-5.60228307621,-10.0665830378,0.354525344352,61.70000000000061
620,0.205620942532,-1.74162830575,-2.17095558584,-8.4338377433,61.70000000000061
621,0.261633846129,2.56554827368,-20.3936188563,0.899242882103,61.70000000000061
622,0.227703755622,-0.292709542388,-0.0522957898199,-8.84835272786,61.70000000000061
623,0.4283689162,-0.24517144631,-2.41404285404,-7.77805399803,61.70000000000061
624,0.248147101184,-0.39259585307,-1.99512955254,-14.4554712538,61.70000000000061
625,0.385152946879,1.9973344114,3.07149190972,-8.9272197737,61.70000000000061
626,0.670490527315,-0.8161301056,-1.4247497407,-9.03148408546,61.70000000000061
627,0.139404173527,-1.77073162437,2.62932242802,-6.65386643258,61.70000000000061
628,0.124687655808,5.18406941725,2.33616344218,-9.4769300254,61.70000000000061
629,0.685222798609,0.897200447662,-0.862920903455,-10.2600129624,61.70000000000061
630,0.496372542203,-1.14580577297,-2.09453471573,-7.10125225695,61.70000000000061
631,0.137847005665,-0.0529243729935,-0.374880539293,-10.1140175599,61.70000000000061
632,0.113231427801,-2.1759541209,-0.303002943145,-1.12214418681,61.70000000000061
633,0.179679800452,-0.9907923798,-3.42339613789,-7.55270634532,61.70000000000061
634,0.482075062774,3.36737777561,-4.59378583348,-8.71740783137,61.70000000000061
635,0.11213854992,-2.98911144283,-4.15903851545,-9.35418799634,61.70000000000061
636,0.284394493793,-2.0127539159,-2.73675035418,-11.9819411401,61.70000000000061
637,0.113736881,-4.87643123172,-2.95555611377,-10.0349039268,61.70000000000061
638,0.528513104617,0.037444455185,-3.15618579384,-6.66456520068,61.70000000000061
639,1.31885894946,1.20343284634,-1.93092990285,-8.3993477297,61.70000000000061
640,0.169833477216,-2.09337269548,-5.67837011169,-17.6230368829,61.70000000000061
641,0.13685651225,-5.40647693973,-3.3886344426,-7.22565721048,61.70000000000061
642,0.320207081349,0.327631417241,-5.04598586398,-12.4518185225,61.70000000000061
643,0.335128553862,53.6944087542,32.2439311833,-84.5030431117,61.70000000000061
644,0.503862355148,0.402381778398,-5.55566114909,-8.94698151995,61.70000000000061
645,0.181544599893,0.632705397132,-1.85892203493,-5.37422468558,61.70000000000061
646,1.45500592755,-103.05913124,-81.6231655672,64.1228233642,61.70000000000061
647,0.761027860857,-0.0812342419885,-2.39176446678,-9.94319397726,61.70000000000061
648,0.295157132658,-5.18520486047,-4.06280284692,-7.76065818478,61.70000000000061
649,0.139496329409,1.8203018584,-1.71122372548,-9.76405962455,61.70000000000061
650,0.685032742347,-13.0875613735,25.0340486966,14.8243044645,61.70000000000061
651,0.203361346259,-3.32657503218,-7.66947936817,11.899364261,61.70000000000061
652,0.297468619975,0.790745345557,0.670727201354,-9.26295109973,61.70000000000061
653,0.289666261516,-3.43521551367,-4.2895913662,-8.65849921878,61.70000000000061
654,0.716789845516,-3.09990331274,2.06270639694,-3.66265972732,61.70000000000061
655,5.01033882622,-1.33073506643,-2.53578459901,-8.18417026883,61.70000000000061
656,0.368907916163,-5.48804007099,-2.31511452831,-10.5874948712,61.70000000000061
657,0.226227975014,3.40009317799,0.295031311147,-9.92347543657,61.70000000000061
658,0.495477891161,-3.26297051934,-3.72425388388,-9.5195358823,61.70000000000061
659,0.11133808284,1.67559898926,-1.12559511769,-7.27089683525,61.70000000000061
660,0.347011099438,-1.63173209891,-3.7518357063,-3.93866208874,61.70000000000061
661,0.613916185783,-0.09265793751,-0.99222558274,-9.51702345277,61.70000000000061
662,0.52835043037,-0.124947716776,-2.64327630341,-7.06951401183,61.70000000000061
663,0.153932746639,-2.13733057346,-3.83640644493,-9.09608352553,61.70000000000061
664,0.629070612194,12.550075521,18.4856271212,5.9460320201,61.70000000000061
665,0.182450154361,0.150961888011,-4.78394150273,-8.71355234546,61.70000000000061
666,1.91177539727,-4.37838935753,-2.79202661676,-6.76159977601,61.70000000000061
667,0.378197298085,1.68678238026,-2.99304439099,-15.6115632915,61.70000000000061
668,0.131510961587,-2.39075646993,-2.68016661354,-7.14131757044,61.70000000000061
669,1.08579253959,-2.50365001192,-2.97917280682,-8.79845945013,61.70000000000061
670,0.953412763834,-4.81212176706,6.17216783019,-11.9253398219,61.70000000000061
671,0.263781864591,-0.390055263553,-3.11141534057,-8.72366587755,61.70000000000061
672,0.237942842079,11.9225384167,-2.4491571038,1.98021775645,61.70000000000061
673,0.640761605395,5.20798961689,-1.6841339496,-4.29949531287,61.70000000000061
674,0.146013240678,1.34272391962,-1.34151564352,-7.96934189243,61.70000000000061
675,0.191241426231,7.7048273469,-6.88941116756,-5.99070138794,61.70000000000061
676,0.163611015728,2.11015903714,0.42695997064,-9.50159069684,61.70000000000061
677,0.115510148362,2.0281514725,-1.07469113762,-5.68215836253,61.70000000000061
678,1.6362323432,-2.16600703197,-1.66850438723,-15.374052713,61.70000000000061
679,0.776727890634,8.88969419788,-8.33605376535,-10.9814207343,61.70000000000061
680,0.258338628285,0.293962006925,-2.40466220633,-12.3214698439,61.70000000000061
681,0.101529355195,-0.0926959437659,-2.27111489655,-7.07898577359,61.70000000000061
682,0.151306658539,5.41183791245,-6.32218661784,-23.078305828,61.70000000000061
683,2.68356015002,0.0220640789505,-2.74792128138,-7.18181069174,61.70000000000061
684,0.392513210529,-4.33050743808,15.8426141945,-24.7226697736,61.70000000000061
685,0.304887442218,0.512894413136,-6.91407552051,-8.81619574158,61.70000000000061
686,3.90655111462,2.26452575861,-0.543297215068,-1.83509703434,61.70000000000061
687,0.51756671683,-2.98513451421,1.73395715442,-4.16942728426,61.70000000000061
688,0.341149340529,-0.431920090964,-3.73604903379,-8.65205542065,61.70000000000061
689,0.214886944468,-2.05828458257,-3.83947788912,-10.2368166886,61.70000000000061
690,0.683428273114,-0.804164083688,-2.45806151317,-7.42825519928,61.70000000000061
691,0.153764681474,0.848832952022,-4.08477528217,-10.5477811811,61.70000000000061
692,0.17850111402,-0.431414981658,-2.34725340078,-5.61851187417,61.70000000000061
693,0.409846617165,0.64553174082,-3.0888096512,-8.57951828475,61.70000000000061
694,0.19828745701,-1.02865074174,-2.22596252413,-7.23362974736,61.70000000000061
695,0.159755724664,0.551586013907,-8.64116163546,-10.9904227381,61.70000000000061
696,0.337614714395,1.79551889275,0.159416357463,-5.63324164337,61.70000000000061
697,0.397774595012,-0.12818548037,-1.38843810345,-11.2509974628,61.70000000000061
698,0.127644396874,-2.06565532769,-2.45126754518,-3.71842467178,61.70000000000061
699,0.10198411317,-1.65562818252,-2.89416082565,-7.69396343889,61.70000000000061
700,0.182084099563,7.90476031497,14.229962327,-7.03074376888,61.70000000000061
701,0.33316070297,-0.985352570935,-4.66801102995,-8.77025035544,61.70000000000061
702,0.101942141601,-0.729963870915,-1.52781757653,-8.15807240447,61.70000000000061
703,0.113832460778,-3.45817035164,-1.59166967505,-10.0119481306,61.70000000000061
704,0.833088446111,1.19916849701,-0.974339471555,-4.03404497252,61.70000000000061
705,0.175326488381,40.8891679881,25.0969285083,-56.6222508785,61.70000000000061
706,0.154085549043,-1.90072554538,4.82809450107,-4.22560223265,61.70000000000061
707,0.175666108819,3.73270618321,4.6704391643,-8.95263341879,61.70000000000061
708,1.42695550151,-9.14371091335,1.42478721192,-14.5579145072,61.70000000000061
709,0.22554148786,52.7541747561,-5.57982667289,-19.7312926331,61.70000000000061
710,0.127384394385,-0.558749022262,-2.70184265434,-5.9654704458,61.70000000000061
711,0.920371950527,-2.13388869093,-3.48524831513,-4.10550764611,61.70000000000061
712,1.6164234312,-12.3185889072,36.9139292898,-0.664444966232,61.70000000000061
713,0.139048095989,-34.8392729116,-10.2928609566,-10.5103154434,61.70000000000061
714,0.195709372091,0.957747348866,-4.61865316672,-10.2117174056,61.70000000000061
715,0.306852692893,-6.16783105697,1.31038947,-3.31411319641,61.70000000000061
716,0.118956271609,1.9344663043,-5.56809478635,1.02596748098,61.70000000000061
717,0.171001886209,10.6540275759,-11.0245040821,-5.71152936013,61.70000000000061
718,0.587575777824,26.222465448,20.8905666319,-13.1980438648,61.70000000000061
719,0.111569384556,-6.4385545116,-4.89228164027,-9.63999645507,61.70000000000061
720,0.392353041795,156.928779202,40.0855306426,-82.155891495,61.70000000000061
721,0.883507543846,0.96081150044,-3.91050641779,-8.59430252188,61.70000000000061
722,0.218629133087,3.38180623747,-4.73833975925,-8.13316988747,61.70000000000061
723,0.215356068578,-2.68071272085,-3.85919942323,-10.6306318427,61.70000000000061
724,0.244296653956,-5.55798312707,-22.7601453832,0.862768705367,61.70000000000061
725,0.547820655143,-1.69658922154,1.63333948412,-5.59136607917,61.70000000000061
726,2.99924018272,-0.268022702915,-1.73208465574,-7.41913907833,61.70000000000061
727,0.630021169787,-3.63058402773,1.81009032292,-10.2734114282,61.70000000000061
728,1.11893762825,-1.16399706279,-33.9240491681,-29.3464789797,61.70000000000061
729,0.328356926379,-0.392141203162,-2.88745838185,-9.5415182302,61.70000000000061
730,0.494291233283,-4.10720993289,-0.0150947389535,-6.38305774754,61.70000000000061
731,0.464462338584,0.964213376568,0.85172028204,-9.232951424,61.70000000000061
732,2.77006492034,-2.10008261169,-4.68716349816,-8.73146327735,61.70000000000061
733,0.386997083285,-5.03379458149,2.11083073412,-11.667165943,61.70000000000061
734,0.139964803942,-1.65915704693,-5.00165655797,-3.9099380306,61.70000000000061
735,0.422167282744,0.40831927629,-3.07656863851,-5.33838684902,61.70000000000061
736,1.0484920383,2.80535367584,-2.53610246014,-5.13129846094,61.70000000000061
737,0.128169100493,-1.17762804631,-3.76131838079,-8.45210916079,61.70000000000061
738,2.68526295451,-0.955246625742,-3.14854798772,-5.65596162175,61.70000000000061
739,0.33590182567,-1.72766994486,-3.52814144774,-8.40708874048,61.70000000000061
740,0.141549102628,-11.7383844668,-0.407909720739,-12.1929243941,61.70000000000061
741,0.414295220457,-36.6564741745,-59.3735894099,1.0547462768,61.70000000000061
742,0.112297583294,-2.08734621435,-1.85668448161,-10.7867966598,61.70000000000061
743,0.110535138102,-3.29130905341,0.955697773363,-8.39843192307,61.70000000000061
744,0.117276722067,2.54684929681,0.271943737603,-8.70706968928,61.70000000000061
745,0.75005468525,2.56126108351,2.56061702536,-7.77235540003,61.70000000000061
746,0.138207109899,-2.55015882569,-2.76985837247,-8.36877477257,61.70000000000061
747,0.381835526702,-4.01800834915,-8.63491673218,-3.66731155224,61.70000000000061
748,0.2241553159,-9.78840952989,-16.5514042551,-12.0631834151,61.70000000000061
749,0.118899369139,-2.4285589595,-0.579938225845,-4.0097231229,61.70000000000061
750,0.62813833848,-1.72548244506,-3.08686539962,-7.60454579554,61.70000000000061
751,0.320672557817,-0.312138413312,4.67222955429,-3.56458414529,61.70000000000061
752,0.64366392369,0.343924591073,-13.3108093829,-16.6874026024,61.70000000000061
753,0.162999543482,-8.02577239872,-4.20540636842,-9.77133927507,61.70000000000061
754,0.216745469991,2.18572997826,0.92349619798,-7.61991331411,61.70000000000061
755,0.347141796632,4.29637595625,-6.38013982569,-4.85531607742,61.70000000000061
756,2.43390999709,1.33575513867,0.986162009898,-4.99268186431,61.70000000000061
757,0.154025074586,-3.17090566387,-0.385907616717,-4.23280688764,61.70000000000061
758,0.537387214431,2.72576411582,-5.00047068809,-7.15733341991,61.70000000000061
759,0.445478478378,2.46152154895,-1.83263767337,-2.33688865718,61.70000000000061
760,0.323778904511,-7.24758818569,-2.73091660361,-10.0021211427,61.70000000000061
761,0.189550116308,-36.3677938306,-52.3724161751,60.5861557095,61.70000000000061
762,0.107556152225,10.9880874099,1.7523111239,6.05394231473,61.70000000000061
763,0.126266363988,-0.501255679132,-3.12970302138,-7.84303023745,61.70000000000061
764,0.324382412341,28.2857134613,3.02223391494,-0.371408575714,61.70000000000061
765,0.136582720824,1.58171694813,-4.94492293332,-5.47553899542,61.70000000000061
766,2.19660590135,0.110318075996,-5.37059206817,-5.915311005,61.70000000000061
767,0.3500453182,-1.15802684238,-5.88640039144,-4.75488129144,61.70000000000061
768,0.995889102645,-7.12225319044,-2.16349955231,-2.45211834105,61.70000000000061
769,0.164538631035,-2.05863934353,2.12966430078,-5.5438110568,61.70000000000061
770,0.591169949989,-16.2229927792,-23.986352572,-4.24707411139,61.70000000000061
771,0.106727403461,-0.37272803819,-3.33152066271,-3.80359589411,61.70000000000061
772,0.836681780278,-0.977695339543,-2.09544477183,-6.17217551813,61.70000000000061
773,0.234089269456,-3.73642609611,-21.5540682633,-19.5347568025,61.70000000000061
774,0.197768251407,1.90116406345,-1.0485329133,-6.88065511588,61.70000000000061
775,0.101647968322,-1.58224154392,-2.37034411321,-2.23447613587,61.70000000000061
776,4.73307513923,-1.98865939426,-4.00805574241,-8.82880430328,61.70000000000061
777,0.190163327615,0.157075060223,-1.40590157486,-9.46378118237,61.70000000000061
778,0.393122270829,34.8939325525,-45.9724904134,12.4801241981,61.70000000000061
779,0.194710412643,0.768752398073,-1.26013587441,-8.59524610761,61.70000000000061
780,0.271553474222,-3.92115665548,-11.7205124671,-22.2217697109,61.70000000000061
781,0.448454918947,-2.31486894879,-2.63428907959,-7.32523833711,61.70000000000061
782,0.134051103436,-0.790928515987,-2.74499183321,-6.04046791079,61.70000000000061
783,0.165112737955,-1.91742067834,-2.87786127935,-8.6730282736,61.70000000000061
784,0.379785341326,-7.29662006668,0.0654271863108,0.671222618203,61.70000000000061
785,0.908060731849,-4.47730912897,-2.59298666011,-7.65320680311,61.70000000000061
786,0.222660763614,-51.9132773227,0.49307885964,59.2095984964,61.70000000000061
787,1.49870391798,-0.082990889397,-3.54729486417,-10.0160646704,61.70000000000061
788,0.117187526022,-0.443333017263,-7.56024023495,-11.7181268404,61.70000000000061
789,0.180725992062,-5.54794968252,-3.96559761956,-8.65194627047,61.70000000000061
790,0.588753877843,6.11433631041,-4.89563324074,-6.57692343883,61.70000000000061
791,9.11756045975,-0.757101888327,-2.32533196437,-7.62749090498,61.70000000000061
792,1.11773343093,4.60657269819,2.17064765795,-7.21288330601,61.70000000000061
793,0.432370474736,0.741933924149,-2.23264887005,-8.67836068636,61.70000000000061
794,0.219969422624,-2.10818155336,-7.15759845993,-8.1313781856,61.70000000000061
795,0.27556128655,2.57199657248,-4.86124135868,-7.59194370068,61.70000000000061
796,0.149739047795,0.299891009796,0.51024839123,-6.84655235683,61.70000000000061
797,0.31486379528,0.598241023388,-6.02446087868,-11.5603421677,61.70000000000061
798,0.508831788586,0.335854129642,-2.53281122868,-8.71917572478,61.70000000000061
799,0.506855479081,1.19524516787,-4.04293259785,-5.75448415815,61.70000000000061
800,0.106169558708,0.395263491412,-5.28630520209,-13.825691664,61.70000000000061
801,0.194063798871,-2.22836666803,-1.95020866566,-9.01555129784,61.70000000000061
802,0.186876986505,1.51274846104,-0.936943481015,-10.3820507414,61.70000000000061
803,0.183231670498,4.63590439286,-4.22366945296,-9.29526198473,61.70000000000061
804,0.12983989292,4.70682140951,-6.02248196333,-10.8003050422,61.70000000000061
805,0.15394666362,-6.81343701827,2.92132135377,-14.222291387,61.70000000000061
806,0.341027513162,-2.8121587229,-3.54659168163,-4.69516430831,61.70000000000061
807,0.71412061524,0.903769643704,0.32372512511,-10.8558703715,61.70000000000061
808,0.211889361034,-0.446179299796,-4.01760907085,-12.466433846,61.70000000000061
809,0.116982614194,0.0981766396373,-1.71434805322,-12.5054592928,61.70000000000061
810,0.101457369099,2.40950812712,-5.59246282584,-5.93339283233,61.70000000000061
811,0.666546253716,0.128436472303,-3.52641489868,-7.7628682057,61.70000000000061
812,0.143609825299,-2.54778607628,-1.23936767747,-10.6108285454,61.70000000000061
813,0.647934300069,-12.8187195328,-20.0460262234,-24.2387927525,61.70000000000061
814,2.04492994256,-1.98640518288,-1.2529615045,-8.59379608459,61.70000000000061
815,0.292949182491,4.06146483799,-2.78825085485,-3.86083104342,61.70000000000061
816,0.195449535583,-0.148147562684,-4.67774426614,-5.22669511171,61.70000000000061
817,0.430739450403,6.15765360374,-3.00864920751,-5.50973057811,61.70000000000061
818,0.112900810814,-6.78346519191,-6.78026316809,1.28181233937,61.70000000000061
819,0.558282818952,-7.17258231099,0.671588823193,-4.84216691151,61.70000000000061
820,0.109209697803,-2.84009319961,-15.9219210235,9.84389846107,61.70000000000061
821,1.90622004099,-0.575987719871,-2.53736264247,-7.93639923134,61.70000000000061
822,0.255883583437,1.11862470076,5.73321455689,-14.2435987665,61.70000000000061
823,0.931149353233,-0.413920641022,-4.18161895936,-8.25467600836,61.70000000000061
824,0.139187553279,2.14139727931,-8.78998458829,-7.05744100277,61.70000000000061
825,1.18279762628,-2.29580286711,0.807963400293,-7.24600325022,61.70000000000061
826,0.133239654021,4.08919086004,7.49529923842,-12.4142409052,61.70000000000061
827,0.184590186903,1.08605878519,-0.941387075377,-4.69565777148,61.70000000000061
828,0.684365042793,-9.25874767454,-10.9631102749,-21.5870560543,61.70000000000061
829,0.184806451258,-1.04794543483,0.721966791831,-8.7769759616,61.70000000000061
830,0.60582545469,-4.6275551163,3.72813432107,-6.59406616153,61.70000000000061
831,0.381827635029,3.84882855668,-4.23357429526,-5.84046711948,61.70000000000061
832,0.174025933933,-2.83103414877,-0.621362711681,-8.41904992674,61.70000000000061
833,0.186749893567,-3.11475672465,-5.93382399811,-7.47742178464,61.70000000000061
834,0.106225592633,2.33633392586,-1.70263565226,-11.3929845891,61.70000000000061
835,0.239788143604,1.33497963901,-8.23650627304,2.69140862947,61.70000000000061
836,1.1938159233,-1.16488178522,-4.32630790848,-5.66697999081,61.70000000000061
837,0.965735722896,-1.58315351191,0.349708398632,-7.61858956462,61.70000000000061
838,0.519855144176,-1.9587547092,-5.30207783976,-6.83874133149,61.70000000000061
839,0.99054412789,0.886206129052,-5.4226382712,-11.54692557,61.70000000000061
840,0.58832369346,9.8755422049,-8.80958506593,8.09340334093,61.70000000000061
841,5.43330615828,-0.88856283327,-2.42634753678,-7.36913255121,61.70000000000061
842,0.473967394834,0.767331421687,-0.00783925284335,-11.7506468257,61.70000000000061
843,0.106597182751,6.80749868169,-13.1943220985,-8.76356103671,61.70000000000061
844,2.46984111509,-3.59541780466,-2.24822276465,-9.79692684407,61.70000000000061
845,0.115962965921,1.28929372904,-1.89005735577,-4.01668983998,61.70000000000061
846,0.362334369889,-1.57816119124,-2.08135627773,-14.2255054614,61.70000000000061
847,0.192652024461,-1.95519579425,-4.06925176222,-9.97726377041,61.70000000000061
848,0.405590173257,-0.566646655335,-2.58854886897,-7.3213635287,61.70000000000061
849,0.342647419065,1.74464975292,-3.34315885942,-7.85614265889,61.70000000000061
850,0.235814504182,-0.254628380609,-3.45255908671,-12.5827039182,61.70000000000061
851,0.412073068243,-5.90091272788,-4.18874212004,-0.172885991058,61.70000000000061
852,0.215170295486,-23.3507312073,-11.8002893445,-12.01787915,61.70000000000061
853,0.480951593755,-1.33300417444,-1.89926387638,-7.7287675777,61.70000000000061
854,0.649325724467,1.37437572981,-3.95328877656,-10.3774889264,61.70000000000061
855,0.653691689033,-1.57810557898,-4.17353513957,-6.87226215921,61.70000000000061
856,0.986417935672,-1.26304536232,-2.25617987856,-6.37867703411,61.70000000000061
857,0.242771319589,-3.3549646376,-0.551019932564,-2.9437164105,61.70000000000061
858,0.34519243968,1.53520032134,3.09438510528,-8.11545285923,61.70000000000061
859,0.166926507934,0.0626882855374,-1.2001381393,-10.632364079,61.70000000000061
860,0.604045902543,5.69296691903,-1.03086537237,-6.74146992312,61.70000000000061
861,0.122450675387,0.158460079229,2.16708954084,-5.76476347122,61.70000000000061
862,0.670436864118,-6.24146632692,1.61729989255,-4.44765938454,61.70000000000061
863,0.551801437377,-21.534548974,-22.7385909851,10.9003693567,61.70000000000061
864,0.605344672706,-0.47928657402,20.5477822248,35.9890622978,61.70000000000061
865,0.10898840046,-11.8602804406,-13.7899343759,32.4573845436,61.70000000000061
866,0.104450424361,1.18527576459,-7.4988873866,-9.08192373436,61.70000000000061
867,0.266398246877,1.348355573,-8.08680087135,-7.7623362131,61.70000000000061
868,0.52923517602,-5.56017708136,-1.48287201422,-6.83845628738,61.70000000000061
869,0.249563275217,0.456246233467,-6.67770016713,-7.20066907163,61.70000000000061
870,0.432883575155,-0.819292315841,-0.724141862825,-8.25349407916,61.70000000000061
871,0.220666641343,-0.966288315119,-4.39383778968,-5.7118805255,61.70000000000061
872,0.262429010743,-7.49885748609,-5.42223084087,-4.23005871335,61.70000000000061
873,0.107693931666,-2.62973236083,3.27493289461,-3.57586378847,61.70000000000061
874,0.102452000228,4.72872327595,-3.8168122612,-9.44796489596,61.70000000000061
875,0.214846445374,1.83108734847,-2.36632425869,-7.68353848935,61.70000000000061
876,0.574748983466,-52.8250181749,3.01797806362,0.188410161608,61.70000000000061
877,0.226167170729,-3.91792297208,-0.333072723988,-8.8993011409,61.70000000000061
878,0.395284193959,3.25050222951,3.41784728821,-12.7345167647,61.70000000000061
879,0.152456006415,-1.73924287543,-4.08387176517,-2.67173613623,61.70000000000061
880,0.111062361977,0.285638963197,-2.06985752791,-8.50843392624,61.70000000000061
881,0.117719695317,-3.18450447717,-8.47103223155,-8.81638539156,61.70000000000061
882,0.46065604736,-4.32236343031,-5.96204739683,-5.93698434468,61.70000000000061
883,0.22717766048,-2.48015245024,-0.753467621513,-9.99598609772,61.70000000000061
884,0.501884303375,-1.19661473871,-2.99504027104,-10.2028031794,61.70000000000061
885,0.117735562384,-0.576439733993,-4.0274988858,-10.0289110385,61.70000000000061
886,1.46346561484,14.6991064958,6.25342052281,31.8607944768,61.70000000000061
887,0.101059987018,-1.73176682992,-4.72554073285,-8.43943470685,61.70000000000061
888,0.168469827111,-3.67569118543,11.0465199896,-7.69971067027,61.70000000000061
889,0.133270809547,-7.53063350639,2.15819766832,-13.7677977614,61.70000000000061
890,0.352973995012,-6.31810208333,-5.6010624998,-9.09677377255,61.70000000000061
891,0.419849509506,-0.839307747394,-3.12444005746,-8.6058528553,61.70000000000061
892,0.785240424583,-1.75719508252,-1.16989036602,-7.16287172277,61.70000000000061
893,1.41288528305,0.663158409977,-2.74989058852,-7.87466110515,61.70000000000061
894,0.22693152363,-0.840759199684,-0.8908513801,-11.6255146375,61.70000000000061
895,0.294034419845,-7.52012820284,-5.79189652671,-15.3450307742,61.70000000000061
896,0.335508374861,-3.81569230881,-4.25101673107,-7.00183525749,61.70000000000061
897,0.260032314681,0.625956041329,-0.632093871395,-7.08201970806,61.70000000000061
898,0.118549105982,-1.73648026831,0.610054408763,-8.16107948382,61.70000000000061
899,0.104715963947,2.85764831084,-3.47938942081,-6.34639158785,61.70000000000061
900,0.274803338007,-0.329019507787,-3.08814712144,-8.13689331856,61.70000000000061
901,1.09134895758,-0.00509592975494,-0.624688191721,-9.73527951822,61.70000000000061
902,0.78887917706,-3.3588630275,-3.86898773631,-7.06283697076,61.70000000000061
903,0.640410135901,2.53476536378,-1.85162628814,-10.4523924025,61.70000000000061
904,0.140643315475,0.335643026474,0.73484848214,-7.57363938614,61.70000000000061
905,0.457479633309,-1.85053523526,-4.36709454482,-4.7384755973,61.70000000000061
906,0.117597306192,-1.75331923108,-5.93693458941,-6.95190884674,61.70000000000061
907,0.174417009035,-3.07587678777,-3.15737931257,-10.3309728201,61.70000000000061
908,0.153703621297,0.235172637002,13.592868315,-2.71367498636,61.70000000000061
909,0.198244506819,0.495422134509,-2.51993081364,-9.76050368447,61.70000000000061
910,0.10746800415,1.00048098181,-7.56800371796,-10.0922493854,61.70000000000061
911,1.34963582865,-1.71935408261,-2.85484982635,-5.55873429616,61.70000000000061
912,0.150157453746,-0.775576576081,-4.98783012326,-4.2996334631,61.70000000000061
913,0.173585999435,-31.1816318328,-15.8955982645,-32.4606232469,61.70000000000061
914,0.121028003444,0.00193928981396,-1.71927290615,-8.90056258448,61.70000000000061
915,2.18687907991,-1.65849740664,-1.91100801076,-7.98774843986,61.70000000000061
916,0.178085347185,-2.10406384511,-3.14272182746,-7.58203310065,61.70000000000061
917,0.267257560579,-2.27282860135,1.72168181766,-8.29740543991,61.70000000000061
918,0.259832573187,-3.3842912053,1.7822485095,-10.1549692756,61.70000000000061
919,0.166730327894,3.7742115347,-6.49885850278,-9.90423558714,61.70000000000061
920,0.102165553536,-1.7327868018,1.00669324362,-6.4998713032,61.70000000000061
921,0.112189802804,-6.46833186799,-5.36034316319,-3.79150916907,61.70000000000061
922,0.981822763216,0.672607154386,0.628483333439,-5.84900703154,61.70000000000061
923,0.173345352374,-4.90972477784,-5.80222624611,-2.06993931261,61.70000000000061
924,0.253046542574,0.3253063963,-2.03213371356,-0.547130993746,61.70000000000061
925,2.24980611799,-1.72880583743,-3.50788598925,-8.20287791444,61.70000000000061
926,0.288934409222,-0.073762199197,-1.51054562275,-9.57372074222,61.70000000000061
927,0.315483853556,37.4854549345,20.4793639733,-31.6419856393,61.70000000000061
928,0.255327411694,-2.01422881401,0.156467024323,-8.14652037257,61.70000000000061
929,0.161568519615,6.37319531491,19.6275814566,4.56347142818,61.70000000000061
930,0.392475035629,-9.76445293229,0.438683023953,-4.68115029555,61.70000000000061
931,0.421524389552,33.8557308699,-16.4425503031,-26.7581620675,61.70000000000061
932,0.147298665012,18.7698177416,-20.0902925711,57.6927844002,61.70000000000061
933,0.503827526669,-0.239069640546,0.507772415317,-11.259354893,61.70000000000061
934,0.105262148066,-11.308125555,-3.91832001839,-10.3974115406,61.70000000000061
935,0.255992149852,-1.6208011699,0.241664913218,-11.2493187499,61.70000000000061
936,0.171511820894,-4.2913844644,-0.167323105058,-10.4109775442,61.70000000000061
937,0.584382169114,-0.461544427428,-3.80076159488,-7.33824829143,61.70000000000061
938,0.35289031069,2.65840085063,-4.03607754832,-10.3932348875,61.70000000000061
939,0.294339542603,-2.06318553716,-4.11258656019,-9.28755462083,61.70000000000061
940,0.447108437467,-2.11093087639,-4.24046282505,-10.7796807595,61.70000000000061
941,0.100302352207,1.82076045527,-3.81017253672,-7.68164141286,61.70000000000061
942,1.15255919739,-0.669952933327,-5.19135744262,-8.4934716429,61.70000000000061
943,0.351448565026,-0.102811085445,-4.06553036524,-10.1839282622,61.70000000000061
944,0.972880353271,-3.09047844995,-10.7587018795,-1.59260521578,61.70000000000061
945,0.48268359733,-2.89736760319,0.936169270596,-8.80495901523,61.70000000000061
946,0.556562366945,8.99764054677,3.50488894802,-23.9300074365,61.70000000000061
947,0.362614746202,-3.13369049987,-5.63901407309,-17.2764556442,61.70000000000061
948,0.16446335528,1.70011616585,-1.92888186887,-5.77249138735,61.70000000000061
949,0.232088176829,-4.64874731655,-2.8913823746,1.47409412366,61.70000000000061
950,0.288242974523,-18.3361821275,1.12211317692,-6.33281440316,61.70000000000061
951,0.134709447113,3.50098084113,0.187960118078,-8.66791003347,61.70000000000061
952,0.114541718002,-0.412829008569,-1.27001045959,-10.9971851248,61.70000000000061
953,0.330576436284,-2.13724057567,-5.4784411629,-7.77043811927,61.70000000000061
954,0.101030255119,-1.09672476723,-1.03468788693,-12.2817116122,61.70000000000061
955,0.242675380388,-3.56051399819,-1.09286480575,-14.7028481929,61.70000000000061
956,0.703692541814,-9.19880250943,-8.60326411632,-12.0001253538,61.70000000000061
957,0.272562839736,-2.25559730679,-0.619659589669,-12.656689863,61.70000000000061
958,0.481667646005,-4.72484063273,-3.81735220618,-3.65815169102,61.70000000000061
959,0.136812232507,-10.0650459853,-4.76023326584,-11.6525265692,61.70000000000061
960,0.219570989605,0.546041405145,-1.91302942621,-5.23390352723,61.70000000000061
961,0.171667281264,-2.49120931929,-3.28991176195,-10.075192748,61.70000000000061
962,0.221320565613,1.45028212872,-0.807997862987,-9.36501264519,61.70000000000061
963,0.479469241008,-1.00181479824,-7.69402659564,-12.5285246802,61.70000000000061
964,2.24114513889,-2.40684604862,3.23289442035,-7.14263057628,61.70000000000061
965,0.639840701146,-3.47301384279,-11.1176543478,-16.2475210467,61.70000000000061
966,2.22104755299,-4.26990777394,-2.52596736094,-10.7457838816,61.70000000000061
967,0.182601730527,1.75668019167,0.630503475304,-6.75458332034,61.70000000000061
968,2.71829416921,1.739302133,-4.30745444279,-6.16924372908,61.70000000000061
969,0.132009138993,-0.0600756750545,-4.31625514764,-9.64980888136,61.70000000000061
970,0.145029166428,-1.68184569048,-6.1615683571,-4.34169276206,61.70000000000061
971,0.914377721951,-0.0480675938479,-5.33621559964,-6.0054408727,61.70000000000061
972,1.00790298347,0.651026027054,-3.07927734417,-6.60952443528,61.70000000000061
973,0.655347928879,-2.43628529381,-4.69296737972,-10.239600849,61.70000000000061
974,0.243739537749,0.201637069778,-0.0091195537011,-3.96288762702,61.70000000000061
975,0.832477799787,-0.526861041407,-2.17068249627,-7.9564940023,61.70000000000061
976,0.192816446323,1.69958080694,-2.46052514165,-7.97198935502,61.70000000000061
977,0.179064288516,-6.03032820417,-1.40061299583,-6.10280817348,61.70000000000061
978,0.170956387679,-4.18770418827,3.33087147549,3.25192294481,61.70000000000061
979,0.118704503093,0.179975979979,0.781441409348,-9.48972321237,61.70000000000061
980,1.12579157276,0.0934248221542,-1.45253842735,-9.05360598047,61.70000000000061
981,0.187465570052,3.73448042063,2.2944520181,-3.99709947194,61.70000000000061
982,0.471766260043,2.08832307864,-4.54148936983,-6.25044935796,61.70000000000061
983,0.235170072819,0.69809451423,-0.915406224645,-12.2314110057,61.70000000000061
984,0.150436020893,-4.55707992067,-2.0295886219,-6.86544746255,61.70000000000061
985,0.850132718511,-1.4605296599,-3.53764161226,-9.14594777483,61.70000000000061
986,0.103746871426,-0.36573605129,-4.16016463901,-8.24755516178,61.70000000000061
987,0.584282073787,-2.15163847148,-2.32351395246,0.263684148082,61.70000000000061
988,0.35526931002,41.4718325178,28.3430325473,55.8984990649,61.70000000000061
989,0.164525296428,-0.0987332279579,-1.81877065727,-8.73719884084,61.70000000000061
990,1.58766418099,-6.18166498043,0.903552950385,-3.42574314341,61.70000000000061
991,0.984447077709,-0.182809874075,-0.871216025826,-7.12423835592,61.70000000000061
992,0.145838472426,-1.62160372411,-2.24426186418,-5.57527078307,61.70000000000061
993,0.142312009419,9.378161945,-2.35344482931,-1.70778454565,61.70000000000061
994,1.95286652042,7.93299703652,-13.2236839486,23.951745081,61.70000000000061
995,0.202125190409,-1.3589070978,-4.18095327886,-8.28892577132,61.70000000000061
996,9.28271448941,-0.706087437091,-2.41533424552,-7.7351345714,61.70000000000061
997,0.103524519981,-1.78927668552,-3.17292669331,-5.24523168685,61.70000000000061
998,0.560038574157,-8.31738065812,-3.11677748408,-0.949485917739,61.70000000000061
999,0.353972265586,-0.478301135149,-6.02664129852,-6.56150543203,61.70000000000061
