Star_ID,Mass (MSun),X (pc),Y (pc),Z (pc),Simulation Time (Myr)
0,0.220815110994,-0.994013023044,-3.42487059306,-11.4325990295,90.69999999999912
1,0.625111394365,2.30464501091,-5.03785747063,-3.62656917918,90.69999999999912
2,0.33844110053,-2.90176506453,-4.31080405115,-11.7508609147,90.69999999999912
3,0.215403004902,-19.272584455,-30.8430017709,3.27508286689,90.69999999999912
4,0.128478963797,-18.9484192289,-20.2957352336,-20.0055240282,90.69999999999912
5,0.521201811201,-4.06567898665,-5.46178063844,-14.2321942959,90.69999999999912
6,0.231543241697,0.153431777249,2.15561938907,-3.63649866448,90.69999999999912
7,0.244577744347,-1.30069012736,-4.46084418562,-10.7762536416,90.69999999999912
8,0.427853467537,-3.4598799594,-10.1719714688,-16.9986577274,90.69999999999912
9,0.308223255626,-11.0511510573,0.633259388612,-4.18337174931,90.69999999999912
10,0.189824974246,-12.0461612149,-16.616052839,1.22063640688,90.69999999999912
11,1.2670180564,-1.83163690278,-3.57561555904,-7.72250193033,90.69999999999912
12,0.306066152742,-4.65123099548,-2.56649330181,-4.95831552896,90.69999999999912
13,0.116220055173,4.96074106978,-1.73954227059,-17.4127058271,90.69999999999912
14,0.37792258117,-0.334308856266,-8.82456026724,-13.582746556,90.69999999999912
15,0.100929542686,1.21118463843,-4.94383278844,-15.6337151245,90.69999999999912
16,0.184853213336,-3.90882218944,-1.59057035542,-18.2781004619,90.69999999999912
17,0.469641202072,2.93275381434,1.48827607343,-14.616627027,90.69999999999912
18,0.386955422019,-1.54461281368,-5.52027247409,-13.1141077381,90.69999999999912
19,0.152582914045,-2.77995795324,-8.14082845368,-15.3041395303,90.69999999999912
20,1.11618252864,-1.61791615194,3.17592156087,-14.5340095691,90.69999999999912
21,0.500968267026,-1.06980603378,-4.34831881577,-14.7649819346,90.69999999999912
22,0.29355176015,-3.12799479469,-2.82444446628,-8.7480790065,90.69999999999912
23,0.419912748761,3.75768552345,-0.934749498555,-8.72318634001,90.69999999999912
24,0.811377968274,-2.95685230697,0.689953571349,-9.37496224219,90.69999999999912
25,0.108113761523,-3.91164344115,-10.2187738135,-12.9628555283,90.69999999999912
26,0.205869247594,-0.814118483462,2.48936943874,-12.0578062558,90.69999999999912
27,0.299304781799,-7.98296463387,-2.30219298103,-35.5814202591,90.69999999999912
28,0.105892912238,0.88315311235,-6.17236774194,-12.2921508658,90.69999999999912
29,0.482425854874,-2.28049759893,-3.24394842585,-11.7653526099,90.69999999999912
30,0.143688713162,2.50649249989,-2.81046311778,-13.4237695268,90.69999999999912
31,0.840695989859,-5.32354531619,-3.39467750298,-14.9354241206,90.69999999999912
32,0.525861567743,0.834351010979,-6.17989964278,-11.6106515828,90.69999999999912
33,0.365976500685,-2.41776224054,-2.57857647753,-11.3251964209,90.69999999999912
34,0.138642506012,-2.82875013301,-2.03236686929,-11.737728077,90.69999999999912
35,0.378446028254,-1.20165963045,-2.50353553167,-11.660300069,90.69999999999912
36,0.444993193671,-0.298988117735,-5.92027587007,-9.28311282228,90.69999999999912
37,0.182501190332,1.57492789473,-3.24328698456,-10.5252050206,90.69999999999912
38,0.753623400815,-1.51077877799,-4.59054961284,-12.3541674099,90.69999999999912
39,0.81648390716,-5.67245019021,-0.128413173517,-8.53534186649,90.69999999999912
40,0.517149608621,-4.79835943259,-4.61747312307,-12.5232093725,90.69999999999912
41,0.147811856675,4.39212522626,-4.37448543763,-10.7508253809,90.69999999999912
42,3.50070515685,-1.36200396887,-6.16213676891,-11.3754405163,90.69999999999912
43,0.114060503286,-1.40747633026,-5.24557765017,-11.7480977253,90.69999999999912
44,2.89027588589,-6.32757083046,-6.06969761294,-7.51243769196,90.69999999999912
45,0.295841273145,0.27660910549,-6.11328800857,-16.848171795,90.69999999999912
46,0.144065210783,2.85438984436,-3.82934120058,-16.387123661,90.69999999999912
47,0.587404816825,-7.44061732771,-4.39384996965,-10.689797797,90.69999999999912
48,0.109335562483,-2.44114923471,2.53865026206,-7.77416266637,90.69999999999912
49,1.0794477599,-1.82696745133,-2.50753086271,-11.3606717239,90.69999999999912
50,0.679936562417,0.896272389179,-4.94949388524,-8.44612935259,90.69999999999912
51,0.134073022294,-5.21248743065,-1.49650564547,-9.02284049941,90.69999999999912
52,0.421221983962,-8.17086660019,-13.3308460629,-15.5032651387,90.69999999999912
53,0.208068388983,-2.51933928441,-4.91680773035,-11.6380399139,90.69999999999912
54,0.141556137474,-0.712219368931,-4.50449851801,-11.7328320088,90.69999999999912
55,4.05580099204,-2.25662174856,-4.38611409316,-10.7765627964,90.69999999999912
56,0.686821546022,-0.4007649358,-2.8237373594,-16.1819058721,90.69999999999912
57,0.417761699787,-1.36571616086,-2.75617684163,-12.1875214099,90.69999999999912
58,0.573347612001,-0.907643862035,-5.15309179932,-12.0172638103,90.69999999999912
59,0.100320830186,-3.2735725379,2.13692999947,-15.5325528777,90.69999999999912
60,0.493809271884,1.75342133072,-4.65380414274,-15.0675065675,90.69999999999912
61,0.855286179547,-0.159206502078,-3.2215345407,-17.587424286,90.69999999999912
62,0.220493822718,-103.270732799,-65.9634514844,-36.5681767517,90.69999999999912
63,0.52381937835,6.13396100059,-4.06035927873,-10.0247376444,90.69999999999912
64,0.510091995988,-1.9608943812,-4.7176279477,-13.3743166519,90.69999999999912
65,0.181904791176,-3.18498884118,-3.79084764154,-12.5999231108,90.69999999999912
66,0.267359649991,-26.6804380931,7.31008215488,-14.9967565636,90.69999999999912
67,0.742042771045,-2.73858593323,-2.67120405679,-10.2910398841,90.69999999999912
68,0.998239484745,19.9259625388,-3.79437978684,-3.81304753885,90.69999999999912
69,0.361117207683,-3.22040530642,-3.10104415346,-8.73460963805,90.69999999999912
70,0.530286828505,-5.19705857921,1.27773902902,-13.6892864969,90.69999999999912
71,1.76347651578,-4.98882709682,-5.28437473476,-12.9195941609,90.69999999999912
72,0.498290535749,-0.51615245933,-4.86116495181,-11.831737353,90.69999999999912
73,2.68304086284,-1.77635836612,-4.22937935181,-12.0051786444,90.69999999999912
74,0.157158917653,1.77027299814,-3.52828820018,-1.30231125919,90.69999999999912
75,0.172601750805,-6.33099082685,-4.77072710544,-5.95102729215,90.69999999999912
76,0.204322018579,0.782860013722,5.23198472552,-12.3231295757,90.69999999999912
77,0.534570091759,-4.52532202716,-7.67862453254,-5.30354784292,90.69999999999912
78,0.436388006068,-2.92679977169,-5.41910095405,-9.47129087888,90.69999999999912
79,1.26224095823,1.43025380849,-3.57395685328,-13.8590961084,90.69999999999912
80,0.417605495482,-28.2189764649,55.4537440258,-57.7163726579,90.69999999999912
81,0.329460030538,0.115286010031,-2.7375770934,-10.0904365245,90.69999999999912
82,0.944293146116,-1.82329817205,-2.50421210064,-10.4364571886,90.69999999999912
83,0.279431521996,-0.0430560442556,-4.03470647858,-4.72272733901,90.69999999999912
84,0.306431098608,0.757318426372,-6.9019310226,-10.2520913289,90.69999999999912
85,2.51455300537,-2.82021772687,-9.40219135022,-13.8548027375,90.69999999999912
86,1.02096441418,7.78414271921,-3.99665291204,-19.7362585238,90.69999999999912
87,0.441471126161,-2.16268517089,-4.29363576046,-18.0734726458,90.69999999999912
88,0.264796280897,5.94386415388,-4.61698793535,-2.43605615153,90.69999999999912
89,1.20881017281,-1.82804512647,-3.08754274574,-13.7688760526,90.69999999999912
90,1.16950611478,-1.39429023194,-3.31632086401,-9.75271851407,90.69999999999912
91,0.232919915143,-1.77216649654,-6.0713972152,-13.139780802,90.69999999999912
92,0.240227374514,3.92192815582,4.71302138322,-10.7548368159,90.69999999999912
93,0.391915297578,-5.50788956327,-4.73225894271,-6.56859801635,90.69999999999912
94,0.102511635309,2.74877085436,-8.94921535879,-5.58448675099,90.69999999999912
95,1.46556872936,-10.7473799816,-10.5756162881,-18.9778852335,90.69999999999912
96,0.212761209765,-4.58967142613,-7.61990241528,-7.35139728933,90.69999999999912
97,0.129433487927,7.77021374855,-3.41221018393,-8.84287969347,90.69999999999912
98,0.1454487007,5.68099101694,-7.11951511239,-11.8337713354,90.69999999999912
99,0.331668706544,-4.95447281273,0.395248147561,-8.37442944537,90.69999999999912
100,0.654653897416,29.8183948896,-3.95484773077,0.131847943489,90.69999999999912
101,0.158049708876,15.1708473766,14.7097788477,-6.18557030475,90.69999999999912
102,0.211585218766,-2.88925787696,-0.881697011923,-11.2645618358,90.69999999999912
103,0.246768513066,-2.08778459527,-2.52476749296,-11.5751879256,90.69999999999912
104,1.94372454174,-0.913908445598,-1.09327122623,-14.9808285234,90.69999999999912
105,0.470936026079,-1.26498387713,-3.51687273288,-12.3156487043,90.69999999999912
106,0.234744261236,5.33232093827,-2.49134593823,-13.8753168498,90.69999999999912
107,0.139194733654,-1.78307641902,-1.72262447156,-11.3540388471,90.69999999999912
108,2.16934522047,-2.07437848183,-3.87236109436,-7.51615515701,90.69999999999912
109,0.115684084364,0.821419554859,-12.0567266431,-4.5844846049,90.69999999999912
110,0.754581830005,-1.32659967807,-4.13188121163,-11.9807669282,90.69999999999912
111,0.136015156714,-3.71671023834,-3.39770441793,-8.3508148768,90.69999999999912
112,0.591944691242,-2.69784392953,9.57687789485,-8.26088342733,90.69999999999912
113,0.168370066725,-41.2499318276,-13.65620627,-44.9196090276,90.69999999999912
114,0.467282155489,-8.87044129063,-1.32866100568,-9.28271319205,90.69999999999912
115,0.242406700395,3.74864297462,-4.11804576879,-14.6010166259,90.69999999999912
116,0.364961735855,-4.71742931783,0.33461213171,-14.7520759759,90.69999999999912
117,2.70189379199,5.40101128158,-2.2652310626,-7.54986140593,90.69999999999912
118,0.420833233042,-8.44747257019,-5.03985423784,-12.3437942259,90.69999999999912
119,0.258609845691,-3.96336516079,-4.42837837227,-7.1252647747,90.69999999999912
120,0.317103503922,-6.30581588804,15.6611498104,-58.9331411575,90.69999999999912
121,0.216389248591,-7.9147811909,-1.05414062772,-15.5656641298,90.69999999999912
122,0.630598589695,-5.30688461388,-0.869798341357,-7.7706267745,90.69999999999912
123,0.513910480411,0.864344292249,1.22231774791,-9.07835576163,90.69999999999912
124,0.136163212562,-1.90767305734,-0.367866341065,-9.76515833271,90.69999999999912
125,0.137750556525,1.65394653824,-1.34379824062,-8.99268412637,90.69999999999912
126,0.35363141906,-17.4539332461,49.8613425025,12.098728871,90.69999999999912
127,0.285198149631,-4.06325498391,0.126211400885,-12.7871245244,90.69999999999912
128,1.24208033017,-0.880106112607,-2.42471159783,-11.8381160331,90.69999999999912
129,0.169851391431,0.490678565904,-3.27381365883,-9.20445857257,90.69999999999912
130,0.112980484881,-13.0909809689,-7.55427222192,-3.69793829365,90.69999999999912
131,0.261124621237,-1.23295914542,-0.938824830278,-12.6619274028,90.69999999999912
132,0.371699238605,-3.21334879178,-6.12755151329,-12.1575299869,90.69999999999912
133,0.974285627962,-10.7572506321,0.895139125541,-16.5808119093,90.69999999999912
134,0.229431602239,5.23633380166,-5.1380874126,-11.9027445811,90.69999999999912
135,0.193408157946,1.24698870713,-5.54027868217,-4.33938237493,90.69999999999912
136,0.103408917863,-3.28929271503,-2.91827485508,-11.7783974521,90.69999999999912
137,0.282138537965,-3.61996414546,-0.889536505139,0.187218308325,90.69999999999912
138,0.112041797316,-3.80140407137,-0.581662384991,-14.9745150298,90.69999999999912
139,0.334970161869,-4.61164840908,-0.786221141222,-2.98223863503,90.69999999999912
140,1.18781427614,-3.6685063819,-3.03128188815,-12.5466905004,90.69999999999912
141,1.12804181068,-0.962630505399,-4.15024926629,-11.0909378811,90.69999999999912
142,0.12013248894,2.09343423263,-7.24747370747,-5.08889362329,90.69999999999912
143,2.98797673842,-0.352376154364,-2.43502027065,-8.61894895293,90.69999999999912
144,0.143292633587,-5.35877296737,-3.17570787803,-6.58914570148,90.69999999999912
145,0.11160905505,1.63996153078,-2.95911616382,-10.9762035139,90.69999999999912
146,1.53628126397,-0.683817438143,0.221321576832,-9.52696651401,90.69999999999912
147,2.73943087059,-1.26620603632,-2.41117438136,-11.2046378377,90.69999999999912
148,0.413010007674,14.123616204,72.7481212635,-0.583391365969,90.69999999999912
149,0.202464573082,-4.17448549957,-5.88715245995,-7.95531635023,90.69999999999912
150,0.228718530163,-1.70132873967,-1.41162703164,-9.12660052768,90.69999999999912
151,0.259109173167,-0.395645732497,-6.08839798918,-8.49922099291,90.69999999999912
152,0.170323913426,0.808327576526,0.774214936602,-13.3569040656,90.69999999999912
153,0.24732128515,-0.848027852817,-6.19281403169,-9.65438309677,90.69999999999912
154,1.1912238126,-5.76722206084,-5.57627452428,-9.04249099327,90.69999999999912
155,0.51368466526,-2.53162345869,-5.46969098028,-8.58866537899,90.69999999999912
156,0.681058922608,9.353295408,9.60773956366,-17.9541927529,90.69999999999912
157,0.105132505175,33.4301741237,27.3510723524,22.4712235503,90.69999999999912
158,0.314993845385,-6.78520347214,-6.32428443908,-16.0804282018,90.69999999999912
159,3.01998105657,-1.60512736062,-2.53641482544,-10.5913241906,90.69999999999912
160,0.394019495537,-11.3040033918,-16.16121968,-19.7200425992,90.69999999999912
161,0.231535874195,-1.18815776922,-5.09737807997,-14.7612078551,90.69999999999912
162,0.251514562851,-0.167168224722,-1.48670983619,-12.2408102778,90.69999999999912
163,1.0275782205,-4.61599375614,1.2436745022,-13.7201597199,90.69999999999912
164,0.622268563293,1.82992341841,-5.31424458552,-11.3120556671,90.69999999999912
165,0.146564795489,0.232132272733,-2.29362807716,-10.479878784,90.69999999999912
166,0.149645610441,-5.75137010514,-0.24500273104,-7.72940249113,90.69999999999912
167,0.227892649561,-0.484314676702,-3.16023766464,-7.72045979578,90.69999999999912
168,0.198777230618,1.98909770119,-4.17764797244,-6.8912103027,90.69999999999912
169,0.114426233768,0.221834929677,-1.09590963118,-7.57094231662,90.69999999999912
170,0.56221544863,0.901120645876,-3.28498625972,-12.6057201333,90.69999999999912
171,0.162768636817,0.0469577729935,-3.96535454643,-13.8966630126,90.69999999999912
172,1.49123041412,-2.18396619342,-3.84672488242,-11.1453369122,90.69999999999912
173,0.673130507472,-2.46746979731,1.25736877201,-11.9500410306,90.69999999999912
174,0.907877872704,-5.75286124511,-7.24489623527,-16.4587500902,90.69999999999912
175,0.275709625621,-2.58338228803,-4.46148715696,-14.2363279711,90.69999999999912
176,0.601838528477,-10.9007710724,-4.47213709527,-5.58343265821,90.69999999999912
177,0.217112745753,7.43977146179,-18.4358682545,28.8775112883,90.69999999999912
178,0.471202939349,-0.486220928525,-0.758625890741,-15.2070672792,90.69999999999912
179,0.714398835651,-1.50989353599,-2.92649920859,-10.5903995211,90.69999999999912
180,0.31051721336,2.57944648829,-3.89045670638,-5.3341464903,90.69999999999912
181,0.280128923877,-1.1287140565,-5.70681947256,-11.9748995295,90.69999999999912
182,0.108738062123,1.53402668594,-5.61979024583,-14.1553773368,90.69999999999912
183,0.181491848517,2.55115307553,-5.2458729044,-9.43545053574,90.69999999999912
184,0.32518893474,-0.882027735714,-3.61805972123,-10.3466617467,90.69999999999912
185,0.402666817749,-49.9862489743,-108.598867992,-31.4399559856,90.69999999999912
186,0.272031093103,-2.45787532929,-0.545626313292,-12.7347569837,90.69999999999912
187,0.221785857932,-4.81386911013,-12.8265496751,-8.43453160008,90.69999999999912
188,0.322101918483,0.629037572003,-3.72054169083,-12.705304785,90.69999999999912
189,0.303359517828,6.23482443637,-9.5719970861,-10.8967720253,90.69999999999912
190,1.2925981094,-0.821393318247,-1.13967320081,-12.5132607345,90.69999999999912
191,0.122234173335,-5.75582149653,-14.811336218,-10.7035699627,90.69999999999912
192,0.242120322395,37.2031568234,13.6978410909,-29.9909183846,90.69999999999912
193,0.467829453669,-5.06561287991,-4.1181041889,-11.5918314923,90.69999999999912
194,1.26897017365,-3.56581108442,-2.16981927916,-10.1940784473,90.69999999999912
195,1.6175534434,-2.55913035786,-1.26338487042,-10.165981441,90.69999999999912
196,0.352794339782,-6.31592861062,-7.36655998962,-14.1252805214,90.69999999999912
197,1.68799724851,-1.43287009243,-2.96290096569,-11.2111426233,90.69999999999912
198,1.76738848712,-1.51281023272,-3.95253128362,-12.5559485989,90.69999999999912
199,0.159500067669,-0.915728561348,-3.17778650048,-14.6858412372,90.69999999999912
200,0.340823941896,-5.48338977245,1.90060702533,-10.8638028948,90.69999999999912
201,0.11397368538,2.81279148021,-6.70947348536,-11.2738476218,90.69999999999912
202,0.430850321162,-10.8718572013,1.1072815914,-14.6252840883,90.69999999999912
203,0.234615130896,-11.9889831272,-15.8248404668,-24.8995854658,90.69999999999912
204,0.588355218297,5.37318997267,-6.66087838028,-27.8532725787,90.69999999999912
205,0.873782548664,-6.1707021534,-4.14023267539,-8.49773136921,90.69999999999912
206,0.107688884928,-0.700521573288,-20.5595744728,-10.8866592803,90.69999999999912
207,0.183084462704,4.42253055298,3.68102289422,-2.55834575605,90.69999999999912
208,0.606050362138,-5.61006097255,-1.09166892997,-9.13230520198,90.69999999999912
209,0.242744350072,-2.73157707094,-1.3073186224,-9.80399730183,90.69999999999912
210,0.105215808881,-30.9064457155,-9.94054402106,-21.9877472272,90.69999999999912
211,0.127001050042,-3.16580241099,-2.27171997462,-12.7762145058,90.69999999999912
212,5.17527239353,-0.93989579696,-1.88578546693,-11.1729103302,90.69999999999912
213,0.22694692947,-1.79896955791,-4.47947020386,-10.465080304,90.69999999999912
214,0.338725112104,1.48442395755,-5.17042805935,-11.9354725246,90.69999999999912
215,1.2513696891,-2.94425307743,-3.58491690885,-9.65787857042,90.69999999999912
216,1.00196322965,-95.2622237901,161.164957084,-105.599974843,90.69999999999912
217,0.77723676356,-2.16803557691,-3.70293576918,-12.4109952015,90.69999999999912
218,0.173442020573,-0.272856879543,-4.52694523919,-9.98073188056,90.69999999999912
219,0.155224134886,-36.3296975525,-3.12034158533,-26.0846269134,90.69999999999912
220,0.158536450517,-8.59072358356,-5.24843252465,-7.95662940117,90.69999999999912
221,0.109220137984,-0.137757234278,-4.32742353958,-8.48566481389,90.69999999999912
222,0.14358139871,1.73802311873,-3.80001264979,-8.69347229337,90.69999999999912
223,1.35970083786,4.44289065151,-10.3693155023,-6.01465573211,90.69999999999912
224,1.67977114225,0.651749273549,-5.20082818731,-5.74191443297,90.69999999999912
225,0.24504830022,-3.66222077108,-2.63986927479,-10.9007316159,90.69999999999912
226,0.121291561172,-0.519122473489,-0.798875088594,-14.9240829204,90.69999999999912
227,0.130271732964,-9.03478054427,-4.43654401269,-18.546433778,90.69999999999912
228,0.421435270237,-0.637636144887,-3.21438801266,-13.3302558998,90.69999999999912
229,1.15107872535,-2.03045946134,-12.8962985781,-7.95921350476,90.69999999999912
230,0.328975039899,-2.45144210412,-2.62957814074,-15.1168603999,90.69999999999912
231,0.466670019906,-2.10227262634,-2.3447267287,-12.6267856533,90.69999999999912
232,0.20722175386,3.01596415816,-4.49796550647,-7.30268415883,90.69999999999912
233,0.127453900064,-1.28811296255,-0.406463474608,-10.740109045,90.69999999999912
234,0.107112941762,-2.49892473715,-3.6809023627,-11.4141662798,90.69999999999912
235,0.328615360191,-40.4883349954,42.0922793541,82.1481512731,90.69999999999912
236,0.109211402045,-3.32154034421,-2.27573837457,-11.3967431686,90.69999999999912
237,1.33717801148,-2.3548461456,-3.88500496334,-10.5730311622,90.69999999999912
238,1.15232593059,1.56285116434,0.262862908485,-7.73716718161,90.69999999999912
239,0.152426787356,0.346283062548,-4.35054738331,-10.1314199913,90.69999999999912
240,0.249708829147,-1.39054538959,-2.33415209737,-11.2217668827,90.69999999999912
241,1.90518649972,-97.1900473096,-7.01008869933,-26.6884625505,90.69999999999912
242,1.61141248747,0.5285680898,-0.840488597857,-9.0391142352,90.69999999999912
243,0.123016146579,0.353152494617,-1.14213044113,-8.29575094133,90.69999999999912
244,0.110040560263,-2.98347025089,-4.52545827431,-6.78379435162,90.69999999999912
245,0.928111587272,0.221214689597,-4.97182631274,-14.5728953145,90.69999999999912
246,0.339811587833,-3.33534672398,-3.0942829742,-13.4106533308,90.69999999999912
247,0.983560558543,-1.06892107646,-1.57728727832,-10.9004921573,90.69999999999912
248,0.195055625464,-0.0288031911169,-7.22604699791,-12.4320459943,90.69999999999912
249,0.183535045014,1.2189766577,-5.89446412596,-15.054631956,90.69999999999912
250,7.42077490681,-1.09613712278,-2.98283808716,-11.5438723836,90.69999999999912
251,4.68843047237,-2.19205633367,-1.77556830706,-10.57352193,90.69999999999912
252,0.186082161362,7.88498154971,-15.3783139755,-12.1828575654,90.69999999999912
253,0.118561082641,-9.82113929577,-7.63994543462,2.58561553042,90.69999999999912
254,0.407375809207,-1.714559484,-6.12156289735,-15.9329342158,90.69999999999912
255,0.224858720462,0.396389171853,-3.72597343528,-16.601024291,90.69999999999912
256,0.168379812284,9.73905935494,-29.1255551587,5.6067108831,90.69999999999912
257,0.635920494175,-4.38644068185,-4.38012301615,-14.289639199,90.69999999999912
258,0.143276680405,-8.13823525833,-1.8412574139,4.50980573777,90.69999999999912
259,0.112853956917,-1.05901371955,-2.79942240225,-13.5914060504,90.69999999999912
260,0.679170275287,0.197484537685,2.56857800405,2.91450196144,90.69999999999912
261,0.106406565832,0.676249493526,2.77903397364,1.01520662593,90.69999999999912
262,0.108226428307,3.02198249459,-4.11052913226,-12.7959363858,90.69999999999912
263,0.148297260521,-31.053850204,-39.6770732698,-43.0477400017,90.69999999999912
264,1.63896284817,-0.162217743878,-6.7655654778,-11.4421140984,90.69999999999912
265,0.116596397286,-5.92994256836,0.337662180382,-4.97485406231,90.69999999999912
266,0.107718069607,-11.8806555271,13.2518828474,-13.715654995,90.69999999999912
267,0.188912174402,-2.60040274909,2.8031246833,-48.2920123814,90.69999999999912
268,0.307840388527,-0.300117083477,-3.39594245422,-9.77507306758,90.69999999999912
269,0.388559213919,-0.963824917869,-5.34095218476,-14.7141985791,90.69999999999912
270,0.200721998114,0.0161411233133,0.338862620579,-12.1811629303,90.69999999999912
271,0.168277970489,-36.4732273017,9.05455938787,-3.15660660243,90.69999999999912
272,0.291804254717,0.079875651334,-0.30543009428,-9.08014122357,90.69999999999912
273,1.59041479815,0.539116173897,-3.09499379429,-13.2241309633,90.69999999999912
274,0.150222788739,-3.19464214717,-3.24071109329,-9.85084509375,90.69999999999912
275,0.324664313013,-0.845699948225,-0.627230900137,-13.9028698547,90.69999999999912
276,0.154310136346,-2.97082178921,-7.49169109916,-8.84577849645,90.69999999999912
277,0.202655934937,-4.89255160677,1.23192684317,-12.6468479705,90.69999999999912
278,0.139419721862,-9.4550518234,-10.4420027367,-12.9350858896,90.69999999999912
279,0.124757569344,-14.4380810709,-21.1498131429,-35.9498540975,90.69999999999912
280,0.263301470301,-2.38232248385,-3.5824192156,0.786638332075,90.69999999999912
281,0.476276615822,-4.91895910626,-3.7437224763,-9.75583499846,90.69999999999912
282,0.21367367379,1.71869682141,-4.53317328816,-11.5101004448,90.69999999999912
283,0.155751557864,0.276959016106,6.03373607133,-8.8796585033,90.69999999999912
284,0.17849166261,0.265730853418,-3.77403086269,-11.9078517332,90.69999999999912
285,0.474566404609,-75.2105196971,-61.582033822,-53.4297971753,90.69999999999912
286,0.186011800877,-4.79856689907,-2.56047478655,-11.490133909,90.69999999999912
287,0.287538703325,-3.11410290303,2.37790543539,18.096807811,90.69999999999912
288,0.198257184797,-0.999481296975,-7.97072705083,-13.8200412865,90.69999999999912
289,0.103460082473,-2.13357316853,-10.3657828996,0.658379837472,90.69999999999912
290,0.222885183897,-2.61880682678,-2.97698174583,-7.40494268361,90.69999999999912
291,0.18038146212,3.30818476886,-1.14461659297,-14.8588766556,90.69999999999912
292,1.0503086226,-0.468536686201,-5.04876390017,-12.031864974,90.69999999999912
293,0.446585911416,-7.74885536346,51.4123079483,-14.9016537123,90.69999999999912
294,0.246773132755,-2.0140891327,-2.87379411815,-12.8693588579,90.69999999999912
295,0.276209158978,-2.5028188328,-5.97922021265,-11.6389935187,90.69999999999912
296,0.15049904186,1.8366493276,-2.7430831615,-15.6663251956,90.69999999999912
297,0.370162577156,-8.5340079226,-2.48000228125,-14.0351575662,90.69999999999912
298,0.349976953326,-3.65664223684,-11.6607377564,-9.50561422181,90.69999999999912
299,0.123589079088,-1.9684054243,-4.82052553932,-12.4443465689,90.69999999999912
300,0.230321035269,-8.38390937626,-1.28000054308,-13.4994978547,90.69999999999912
301,0.962793773625,-8.19183364719,-5.73704861684,-7.53082558624,90.69999999999912
302,0.14817388341,2.39785031829,-2.47581291681,-11.7948054864,90.69999999999912
303,0.514977639052,-2.78794930377,-6.87470813848,-13.5012771977,90.69999999999912
304,0.156883463121,-1.66503357549,-8.49279322615,-8.20749361338,90.69999999999912
305,0.162978033235,-1.83580103011,-4.52263785838,-11.7949720471,90.69999999999912
306,0.381690539576,0.699957702244,-3.58634985704,-9.69109102519,90.69999999999912
307,0.504232339498,-0.608657575627,0.796027153735,-15.8208213634,90.69999999999912
308,0.287651821841,-5.25924332159,-2.76408850897,-12.9035658045,90.69999999999912
309,0.632432051655,19.3376950956,3.81628206927,-6.80161497494,90.69999999999912
310,3.44318000763,-0.873099142665,1.24181351069,-12.5653684642,90.69999999999912
311,0.36710268791,1.67199604823,-3.93494017602,-9.92889493633,90.69999999999912
312,0.117804788074,-1.52695627758,-3.73458636909,-12.1930619147,90.69999999999912
313,0.425221488061,-1.66242071546,-3.23764688362,-11.3726967727,90.69999999999912
314,0.745372337607,1.70294207946,2.53714516373,-11.3777747521,90.69999999999912
315,0.140256345972,-7.36315485773,-3.62614414854,-7.31882925234,90.69999999999912
316,0.279762833408,4.79585628669,11.028382176,-6.5343778613,90.69999999999912
317,0.461218422728,-1.21806818229,-3.05190921614,-13.4848069506,90.69999999999912
318,0.121193254324,-2.35593321786,-4.41015195374,-6.70462185785,90.69999999999912
319,1.18028520104,-3.09713538841,-4.37558663749,-7.80649139123,90.69999999999912
320,0.169243509507,1.75859033045,-2.58333818785,-15.3894243091,90.69999999999912
321,0.402551594464,-1.22415237925,-2.89545530699,-9.43647922223,90.69999999999912
322,0.209502621308,-3.88589983563,-8.913257796,-13.5582759734,90.69999999999912
323,0.153631709182,4.70648082051,-14.0045299497,-1.10407024359,90.69999999999912
324,0.25169898876,-3.33737933656,-3.52415213673,-14.7570164457,90.69999999999912
325,8.08690290386,-1.53543500594,-3.0096438657,-11.0193042549,90.69999999999912
326,0.111626732116,0.460708236337,-2.88006477645,-6.74282363432,90.69999999999912
327,0.499194402676,2.66970493947,-7.26874850573,-11.9367881613,90.69999999999912
328,0.322429788737,-3.8066031558,-13.5498592224,-5.23398568838,90.69999999999912
329,1.24041541281,-1.2002963756,-1.74947190268,-10.9356381471,90.69999999999912
330,0.266374062914,-1.51674657374,-5.85286538439,-15.2302551317,90.69999999999912
331,0.101946311453,2.00511801627,-1.22417824114,-10.9277014658,90.69999999999912
332,0.18644980981,-2.93242076742,0.0567556986083,-12.535069452,90.69999999999912
333,0.12922111343,-8.75799942503,-9.02082372661,-15.8903628,90.69999999999912
334,0.127624052141,-5.12971853115,-3.12820005217,-14.980421481,90.69999999999912
335,1.36322086393,-3.1249454723,-4.29979791492,-10.8797620665,90.69999999999912
336,0.185414218133,-0.0298765318978,-4.70555617955,-11.9845611862,90.69999999999912
337,1.52553910057,2.01743799331,-4.63961584624,-11.7945041564,90.69999999999912
338,0.144210316048,3.01643699509,1.02221207982,-14.9038164553,90.69999999999912
339,0.114575088122,-1.8600059463,-5.49999165067,-10.0992731361,90.69999999999912
340,0.297308168667,-4.08705433752,-6.80996312119,-13.8260627806,90.69999999999912
341,0.666980735272,2.46390753367,-7.18185903779,-8.958309609,90.69999999999912
342,3.84509053459,-3.14097682525,-3.37307643575,-11.5212245666,90.69999999999912
343,0.145737066901,-1.22570221742,-2.96858887076,-9.26664659378,90.69999999999912
344,0.107889782098,-1.81547707197,2.98122863922,-12.2414873534,90.69999999999912
345,0.274939990783,-3.22573546893,-2.42897524238,-12.6558077036,90.69999999999912
346,0.914228214875,10.086831131,8.33295457852,-23.341759671,90.69999999999912
347,0.339021581814,1.47727514649,-4.88258604462,-11.8434560574,90.69999999999912
348,0.342614757501,-2.68745703348,-3.6147557939,-10.1417565379,90.69999999999912
349,0.518437619638,25.4593466984,-54.6894567922,-44.7033754109,90.69999999999912
350,0.620652741396,0.986964212867,-5.23158723887,-11.7042047394,90.69999999999912
351,0.671298719458,0.923362299362,5.77036359408,-20.9373434366,90.69999999999912
352,0.397725906922,1.22240168402,-0.349167796919,-14.8247027211,90.69999999999912
353,0.256090341832,2.39441144467,-0.582608608417,-14.0093485076,90.69999999999912
354,0.153529241695,-12.38382827,9.66138243127,22.5693531098,90.69999999999912
355,0.850981239031,-3.63365122551,1.70813013547,-12.4754821613,90.69999999999912
356,0.113348328652,-8.03202451672,0.769595832917,-2.68066998648,90.69999999999912
357,0.128420783314,-7.58611376329,3.6918408278,-11.735396829,90.69999999999912
358,0.104316946451,-4.1023284533,-5.49663770478,-7.23437503203,90.69999999999912
359,0.125907238009,0.564230156996,0.559718223511,-14.2801263053,90.69999999999912
360,0.115807261377,-1.43708618274,-4.1648145235,-11.2660864659,90.69999999999912
361,0.575329686018,-3.15926063955,-2.51065723628,-10.5980896517,90.69999999999912
362,0.25448330326,1.2532820968,-6.34302583802,-6.89309878507,90.69999999999912
363,0.355006545168,-0.425806511604,-3.94798007821,-10.3215133237,90.69999999999912
364,0.628552527715,-1.02259002486,-1.35121996342,-10.2723395018,90.69999999999912
365,0.459705791611,1.09800172149,-6.17579554114,-14.191382951,90.69999999999912
366,0.40660658631,-3.99902974397,-1.54251714072,-8.11300441698,90.69999999999912
367,0.65991458043,-7.39040318695,-5.11431532497,-10.7248091105,90.69999999999912
368,3.04675525715,-0.455129828034,-4.87861038563,-11.5999363355,90.69999999999912
369,0.159558538865,-3.53240495205,11.3523172075,-24.0723520916,90.69999999999912
370,0.421515474064,1.36513706936,-3.73632791944,-10.1856667464,90.69999999999912
371,0.173382237254,-3.24112807117,-2.07117400194,-9.169169982,90.69999999999912
372,0.123466751924,0.349550660609,-2.07507035406,-16.7922933828,90.69999999999912
373,0.240113431366,-0.861195057116,-3.31000900503,-9.84637228366,90.69999999999912
374,0.329584234694,-1.00615188389,-3.41800948335,-10.3065610017,90.69999999999912
375,0.274068487137,-38.5969474858,-18.8453713226,-80.9456304771,90.69999999999912
376,0.14776539493,0.441228884006,-6.56793306398,-7.83794840064,90.69999999999912
377,0.108810108142,-15.6821134619,-3.41488879765,-4.63444472307,90.69999999999912
378,1.27247346503,-1.21975733298,-2.00394476368,-12.7315213686,90.69999999999912
379,0.135136909943,-5.45576963339,-1.32233320561,-15.8616848787,90.69999999999912
380,1.25032992265,-0.317385580867,-3.9163464442,-10.6541896954,90.69999999999912
381,0.284820271068,-0.979681048631,-0.98637141854,-10.7771376252,90.69999999999912
382,0.141942802567,2.24426013039,-8.39683521326,-4.43919221105,90.69999999999912
383,0.162269564356,11.9746586362,6.4932435289,-7.77439411439,90.69999999999912
384,0.286837083398,-4.37326197934,-4.50108434785,-12.4173478657,90.69999999999912
385,0.130880985787,-1.55194356986,-2.83891344057,-11.6592771133,90.69999999999912
386,0.124844669099,1.62145638023,-4.22897128884,-12.9350532253,90.69999999999912
387,0.117170628126,4.55350184607,50.4127576846,93.2053185726,90.69999999999912
388,0.239452121786,1.17315386983,-1.99130729771,-4.05834295786,90.69999999999912
389,0.22115498855,-3.94031842402,-3.79325424469,-13.2056058286,90.69999999999912
390,0.397021721922,-0.545572410836,-9.14591972427,-8.19532334164,90.69999999999912
391,0.532524918394,0.222153853297,-1.9969118189,-11.1088204494,90.69999999999912
392,1.15411026467,-4.77879348465,-1.76780794184,-12.7004661597,90.69999999999912
393,0.124163741052,-3.17320239475,-1.35097799166,-15.7455174903,90.69999999999912
394,0.322328007885,8.11604235278,-0.77687954948,-2.4040452091,90.69999999999912
395,1.89720287788,-16.2068693361,26.344810621,-23.7513976674,90.69999999999912
396,0.191401770096,-3.36406499753,-2.87480622027,-10.6040937457,90.69999999999912
397,1.28165500526,38.8790928284,-59.0835877878,8.71819239388,90.69999999999912
398,0.210699343564,3.27173908869,7.35706776607,-14.3022085504,90.69999999999912
399,0.213277602,-3.24773123313,0.366883108392,-10.2182465748,90.69999999999912
400,0.243734362856,-10.2881303493,-6.28414412651,-0.621986317976,90.69999999999912
401,0.139426019854,-2.14543759924,-12.5355164703,-15.8517361478,90.69999999999912
402,0.12445214179,-2.67876517269,-3.1304263407,-7.40385664516,90.69999999999912
403,0.557892667146,-1.5198121132,-3.79099688094,-11.1428455202,90.69999999999912
404,0.335977829481,-1.69783383304,-5.56157441072,-12.4485453321,90.69999999999912
405,1.01951573108,-2.71227246326,-2.91407795089,-5.37630399772,90.69999999999912
406,0.714535102089,-1.2675807959,-0.70635926942,-12.1465665651,90.69999999999912
407,0.447618443181,-2.39957688658,-7.28757640333,-16.2378778994,90.69999999999912
408,0.205621834445,0.589008731962,7.08189250457,-1.95370329734,90.69999999999912
409,0.108479038438,-0.535123949147,-4.36722031223,-15.5419379168,90.69999999999912
410,0.239046614959,-0.750629595108,-5.46671560022,-14.0555592553,90.69999999999912
411,3.40392826845,-26.6548224456,-15.7079804666,-21.2199163393,90.69999999999912
412,0.196057421177,-1.3922994829,-3.07496883255,-8.25561340435,90.69999999999912
413,0.392698241485,-0.155037580236,-6.83219858501,-10.6025929466,90.69999999999912
414,0.379785341817,-48.3235203735,-13.987581584,25.8680900872,90.69999999999912
415,0.247834739115,-2.70907268984,-3.83144155982,-11.9462287276,90.69999999999912
416,0.282422825261,-1.29894994305,-1.47569314827,-11.4393220007,90.69999999999912
417,0.145627471145,-2.00967045159,-4.53184876089,-11.7764587292,90.69999999999912
418,0.12342348475,3.39596959383,-4.94949984061,-12.8231820354,90.69999999999912
419,0.102714277898,6.48112080483,-23.7225527596,-5.84754496826,90.69999999999912
420,0.22782900177,-1.84126300063,-4.28287012476,-8.3648210566,90.69999999999912
421,0.693023233526,1.2892376552,-10.9893990699,-13.2917827636,90.69999999999912
422,0.906530342295,7.47165740641,-10.2542429983,-11.2797396617,90.69999999999912
423,0.369649387622,-1.6523686915,-4.97150600533,-9.54591639319,90.69999999999912
424,0.116353211638,35.483605757,4.94993092675,-25.6308939497,90.69999999999912
425,0.388036707814,6.03281729401,10.4485131863,-7.12611077933,90.69999999999912
426,0.135731405806,1.36936516336,-2.37026815965,-10.1730118389,90.69999999999912
427,0.136871193705,2.11704327292,-3.34584956029,-7.09618433395,90.69999999999912
428,0.497040712882,0.548003481129,-4.3548047472,-10.5954628047,90.69999999999912
429,0.148544454275,-12.5810606476,-8.60517594555,-14.3997324255,90.69999999999912
430,0.16573946442,6.68486360066,-3.891539962,-5.64872699644,90.69999999999912
431,0.597884776509,1.13291165362,-3.68173425355,-9.89912240436,90.69999999999912
432,0.161572423818,-1.71767894959,-3.41733887921,-10.4882254663,90.69999999999912
433,0.364134219159,-0.581388137406,-1.46884382202,-10.93582825,90.69999999999912
434,0.114781531167,-2.53158814228,-3.57848123386,-10.5272338538,90.69999999999912
435,0.410448005562,17.5834493147,-80.4882780902,-74.8295579985,90.69999999999912
436,0.362183054261,3.20590965767,-0.25920504171,-9.9578722538,90.69999999999912
437,0.101347801362,-12.996849336,-12.8156886789,-6.04660104286,90.69999999999912
438,0.464959652507,-0.239718995218,-4.61540979227,-12.9387340795,90.69999999999912
439,0.835776110981,-6.73194970842,-4.89476985166,-7.13758053971,90.69999999999912
440,0.159477388741,-7.76902276369,5.38635363401,-28.4831193306,90.69999999999912
441,1.2293023729,-4.66520058218,-7.54707345188,-8.25663590104,90.69999999999912
442,0.105429492544,-33.8585618876,-12.0800626631,56.0089822178,90.69999999999912
443,0.131153756657,-2.0492054787,-2.53410783166,-11.6216325196,90.69999999999912
444,0.125211929201,63.4115526496,-8.34639393391,-80.8324749869,90.69999999999912
445,0.529433895785,3.24422880509,-5.50981881111,-7.51005115311,90.69999999999912
446,1.36573603611,-4.76580842273,1.397804103,-11.4600346381,90.69999999999912
447,0.115017422218,-2.64727840795,0.267659523771,-11.5184829126,90.69999999999912
448,0.109661001502,-4.6277869609,6.17065645278,-6.47154509625,90.69999999999912
449,0.227248628541,-1.68130265543,-2.22737751315,-13.4395159158,90.69999999999912
450,0.46663280804,-1.5294185713,-2.45082304681,-11.2962992944,90.69999999999912
451,0.787112811209,3.220607527,3.18928430155,-11.331061463,90.69999999999912
452,0.451669584027,-1.7099283532,-6.55172648252,-12.1669839617,90.69999999999912
453,0.280667963515,-12.6383568813,-3.09686826229,-19.7954517814,90.69999999999912
454,0.554222046931,-10.1788407403,-2.86536438365,-9.25337471838,90.69999999999912
455,0.642558623493,-2.14072608173,-3.32558708893,-9.57355969022,90.69999999999912
456,0.292148184771,-3.48453270037,-2.75359547846,-12.8814095164,90.69999999999912
457,0.211589076519,2.53213168001,5.01940572024,-24.1777332475,90.69999999999912
458,0.840005070754,-2.38265855153,-6.00056924507,-15.932144633,90.69999999999912
459,0.215080915857,1.67233131626,8.07625126408,-0.0176000570352,90.69999999999912
460,0.327115108579,-5.86835306242,-3.8854166256,-12.8088742775,90.69999999999912
461,0.226571362842,-4.71229850198,-0.55054233766,34.7345908402,90.69999999999912
462,0.108528398879,-2.32107298728,-1.88108691186,-12.0484785846,90.69999999999912
463,0.279905833905,1.16596407245,-2.25625906521,-10.9977504012,90.69999999999912
464,2.45005199607,-1.30688455634,-3.09532161599,-10.6399320413,90.69999999999912
465,0.553903844646,-2.86249472334,-0.257779948923,-11.6422860665,90.69999999999912
466,1.44366490309,14.0004052246,-17.3141073788,-2.27874779817,90.69999999999912
467,0.103021096675,-5.57768811267,-1.20648653009,-13.9063935506,90.69999999999912
468,0.121440497836,-0.884689606648,-1.75060745378,-8.45634714936,90.69999999999912
469,1.06408067546,0.107012631577,-4.52261267269,-13.2115156893,90.69999999999912
470,0.194203938037,-2.74996545651,-3.27569958671,-13.9571993908,90.69999999999912
471,0.602449172978,-3.12132450478,-1.81839775024,-14.6304150858,90.69999999999912
472,0.209436711825,-2.94849204972,-1.66939455698,-11.0202906857,90.69999999999912
473,0.325873831684,-1.70987998122,-2.27600116142,-10.4449220958,90.69999999999912
474,0.42154471327,-1.31382658747,-2.80825088558,-7.79473007226,90.69999999999912
475,0.197910054031,-3.97138447735,0.556329184543,-11.0599018663,90.69999999999912
476,0.282960450617,1.26093686392,-5.93475412336,-16.4295747862,90.69999999999912
477,0.117838870377,0.288252950568,-4.6791960226,-15.0245953386,90.69999999999912
478,0.671462482324,-24.2929780341,34.5172089483,62.4974402259,90.69999999999912
479,0.248417032254,-1.79324050967,-4.52244094172,-10.6567332798,90.69999999999912
480,0.224072617901,-1.14291233409,-2.62272245723,-12.8479061802,90.69999999999912
481,0.144926212083,-2.89538280294,-1.54803154079,-10.5506311409,90.69999999999912
482,0.14376665721,0.23076595325,2.20947662248,-6.94392586417,90.69999999999912
483,0.763236693806,-1.68637013774,-3.90401057216,-9.57173429656,90.69999999999912
484,0.120958350054,3.41288290014,-5.62084779397,-15.7514803629,90.69999999999912
485,1.01077330143,-2.13506201626,2.34799977211,-11.8665983486,90.69999999999912
486,0.436300032641,2.74537060793,-5.7247240932,-10.9325130137,90.69999999999912
487,0.604665899933,13.4339980952,-3.60893661369,-3.66892128107,90.69999999999912
488,0.636881800086,-1.89499503185,-6.50294417146,-14.4023647865,90.69999999999912
489,0.111086589081,-0.913747775937,-2.24094389652,-10.3276807746,90.69999999999912
490,1.18566780697,-1.32652579769,-4.3033283945,-11.6504647029,90.69999999999912
491,0.655866815817,-5.61088497375,2.31137810676,-18.4898589825,90.69999999999912
492,0.107668851997,39.402778353,7.6940775107,-48.2475249948,90.69999999999912
493,1.05944165592,-0.786269367444,-2.79651312535,-10.3257329233,90.69999999999912
494,0.478654074623,0.202653166102,-3.57736758556,-10.5158405987,90.69999999999912
495,0.620704623795,-5.1578172852,-2.64610532954,-8.71190541647,90.69999999999912
496,0.596518510834,-2.4702375554,-2.68634944483,-11.068634986,90.69999999999912
497,0.623196887958,-1.32268350148,-5.50793919884,-5.04983033067,90.69999999999912
498,0.399580514066,-2.59926728741,-4.52338752186,-11.4160860629,90.69999999999912
499,0.139943136839,-1.85907959817,-2.38815711443,-11.1088323974,90.69999999999912
500,0.110545474186,5.25844611437,12.4677906603,-0.670012431659,90.69999999999912
501,1.65414912435,-19.1991208429,23.0626554966,-43.9481880672,90.69999999999912
502,0.488661479165,-55.5491112396,-57.0335376697,30.0627345959,90.69999999999912
503,0.496755504131,-3.12287826339,-2.41614901476,-10.6245283863,90.69999999999912
504,0.309085791032,-121.239565629,141.27664534,25.8936437003,90.69999999999912
505,0.132721284982,-5.59760961293,-6.98726537123,-10.0932519571,90.69999999999912
506,0.340820674164,-0.961075493926,-6.28119674486,-12.7572854023,90.69999999999912
507,0.363984851987,-1.21253183845,-6.62883895469,-5.98885920589,90.69999999999912
508,0.287172118731,-1.85255696284,-0.577863215943,-14.4734744665,90.69999999999912
509,0.14076834168,-1.04840317092,-11.2815151323,-15.4970052934,90.69999999999912
510,5.43191120281,-1.8948278659,-2.62701445061,-11.614161699,90.69999999999912
511,4.74599477634,-0.38990094222,-0.543369187116,-11.6081966923,90.69999999999912
512,0.6211397487,-2.37508654352,-8.22517987291,-8.65161967992,90.69999999999912
513,0.421813892901,-3.71597433006,-2.22958732711,-8.75113015242,90.69999999999912
514,0.610516419685,-4.66125512188,-3.21250263953,-7.09575503557,90.69999999999912
515,0.249599538486,12.7455761852,35.771484166,34.5622709703,90.69999999999912
516,0.239814514299,-2.43183388409,-3.71637476199,-12.9505274682,90.69999999999912
517,0.544499207617,1.16055575978,-1.43561845657,-13.2203216673,90.69999999999912
518,0.116390073108,-1.10524128534,-6.38254850132,-6.18915879981,90.69999999999912
519,0.790564165763,-3.12705957992,-5.65073157113,-13.0259781763,90.69999999999912
520,0.120694405222,0.885741784003,0.759442902266,-12.8923803423,90.69999999999912
521,0.13972011564,-0.894750209147,2.90595196463,-10.9199321869,90.69999999999912
522,1.41851720606,-7.96546495817,3.39416189127,-10.394432662,90.69999999999912
523,1.21558199107,-0.777603827174,-7.26183735078,-9.63637607182,90.69999999999912
524,0.289009312225,-8.75665190692,-4.13884517331,-9.95371580652,90.69999999999912
525,0.144738757127,0.662843681209,-1.6767690237,-10.689115176,90.69999999999912
526,0.117144295631,-4.92331586462,-9.11006430886,-13.7326596463,90.69999999999912
527,0.19623473972,0.889554009615,-4.36608503391,-12.9635674765,90.69999999999912
528,0.147449216498,0.492270805471,-9.08934737237,-16.6591640274,90.69999999999912
529,0.59721093708,-10.185742918,-9.64158243932,-10.5738805177,90.69999999999912
530,0.310378222459,-5.80205515824,-1.83821034625,-17.2787265632,90.69999999999912
531,0.403336104781,-3.38283709717,-3.49979697151,-12.0736280627,90.69999999999912
532,0.105558332285,-2.15705977912,-3.43542135853,-13.2319386901,90.69999999999912
533,0.276199004949,-3.88818152283,-2.37151103194,-9.03274241852,90.69999999999912
534,0.1457384101,0.6988925135,-23.3791256834,6.19100397055,90.69999999999912
535,0.128284612461,-3.2308696157,-3.98520234454,-13.940185967,90.69999999999912
536,0.217611921698,-4.22953892783,-9.74310635147,-10.6918773049,90.69999999999912
537,0.461247496157,-6.39459637712,-5.38921767485,-12.353873074,90.69999999999912
538,0.436438188566,-0.186844483635,-0.964585728123,-11.452775947,90.69999999999912
539,0.543981271329,1.86424209982,-0.162589011168,-7.49632947265,90.69999999999912
540,0.39137520298,2.10851533352,-5.81233193628,-10.8891420486,90.69999999999912
541,0.130338165773,-3.40957944284,-6.4379163692,-11.9062770508,90.69999999999912
542,1.62773035285,-0.684327208467,-8.65955297263,-7.69499945844,90.69999999999912
543,0.310749019446,1.82175599429,-1.5163314612,-12.7614660708,90.69999999999912
544,0.179147118398,-1.64332961127,-3.3027662818,-11.2738423279,90.69999999999912
545,0.265205033395,-4.83769433859,-5.81319030081,-9.15417782454,90.69999999999912
546,0.81785537381,-7.04528507812,-4.94578814078,-14.6795301807,90.69999999999912
547,0.109966750286,0.801241487816,-4.23139776448,-11.1723987306,90.69999999999912
548,0.642525044519,-3.44237220036,1.57050881301,-12.9753370607,90.69999999999912
549,0.598660559993,-2.18040529201,-3.6652265182,-13.6182826237,90.69999999999912
550,0.363874923845,-11.4890572419,10.9757254211,-26.8344891462,90.69999999999912
551,0.121368574911,-3.41941628639,-7.35520292515,-9.99058076543,90.69999999999912
552,1.11649352,2.68220376657,-6.64320953748,-10.6906306403,90.69999999999912
553,0.110679479623,7.69119399094,3.56390568221,-6.14926634755,90.69999999999912
554,1.14194399019,1.56412825899,-8.66239532273,-18.0200494055,90.69999999999912
555,0.222702963626,5.50605471318,0.4000172024,-12.7161722636,90.69999999999912
556,0.439655551431,-2.31639355131,-6.95950726375,2.83913646533,90.69999999999912
557,0.276331124945,0.298138107165,-8.74664097005,-9.6388360203,90.69999999999912
558,0.132802845569,2.25561444185,-7.23722579399,-12.5576103403,90.69999999999912
559,0.453638561112,-1.98140181333,-5.60058597131,-14.3864419216,90.69999999999912
560,0.122589036082,-2.24577704893,-3.08937056806,-9.14933737237,90.69999999999912
561,0.138763579596,5.37712551819,-7.56208854502,-19.0529309719,90.69999999999912
562,0.225175468404,-7.35699001162,-3.27506130372,-12.9074539647,90.69999999999912
563,0.127066420574,-5.27344368267,-2.05069229641,-7.20433990423,90.69999999999912
564,0.343563604148,-2.61325178844,-3.39629036936,-12.4026818415,90.69999999999912
565,0.170527611042,-16.7931641513,-0.586521592785,-9.78124393707,90.69999999999912
566,0.183810197578,2.19378720687,-3.53047594153,-10.1155124399,90.69999999999912
567,0.166371684821,-1.37646983684,-8.88737005212,-10.684443234,90.69999999999912
568,0.117806299586,3.19679337966,1.89631286186,-18.8424539776,90.69999999999912
569,0.291231695374,-2.02161333838,-2.76882484411,-12.0895140988,90.69999999999912
570,0.21531356304,-1.05821129084,-4.36645438759,-12.5732455331,90.69999999999912
571,0.118183231061,-1.76131561409,-3.7379468205,-9.90541853607,90.69999999999912
572,0.176716974206,2.15322957907,-5.57990672347,-13.9780983944,90.69999999999912
573,0.416547020228,-1.55312161987,-3.45300057,-10.9673812892,90.69999999999912
574,0.116508301911,0.2796548961,-3.93674883327,-10.3981976644,90.69999999999912
575,0.497898632408,-3.385873482,-5.68007645529,-13.4008596885,90.69999999999912
576,0.226000702068,2.62949638132,-2.38893904386,-8.63735703439,90.69999999999912
577,0.597455168932,-6.76614014704,-0.947708533717,-12.7207780654,90.69999999999912
578,0.1279368223,-19.5867809351,-1.92405292613,24.3743781118,90.69999999999912
579,0.121488730341,0.0592513966845,-2.08646915726,-10.4405867629,90.69999999999912
580,0.687207432471,-0.863598963572,-5.30735313328,-11.6162351234,90.69999999999912
581,0.146857866965,-0.207472868557,-13.5190596825,-14.1883091008,90.69999999999912
582,0.52965785384,163.518138341,28.665869643,-80.9808605553,90.69999999999912
583,1.9897840931,-3.27967386886,-3.56474811467,-11.1683600236,90.69999999999912
584,0.262995481444,-6.65808824391,-6.07404499558,-12.0794598564,90.69999999999912
585,2.56998148784,0.489144973006,-2.89253718238,-11.2985602341,90.69999999999912
586,0.258838758141,5.37736096172,-5.42236518197,-9.62521149768,90.69999999999912
587,0.102772374439,-1.30400856607,-3.01799197986,-11.2822299275,90.69999999999912
588,0.109219464936,-0.14864651165,-0.275706284058,-12.4712697192,90.69999999999912
589,0.301665265842,-8.52194911957,0.509418304902,-0.798469135957,90.69999999999912
590,0.868938757621,-3.2907697833,-3.70241544543,-11.2888085018,90.69999999999912
591,0.823905230767,-4.28362463988,-0.692970952334,-11.1833188243,90.69999999999912
592,1.14096764913,-0.877639750741,-5.52784069491,-13.3893991425,90.69999999999912
593,1.15193216933,-0.312088653726,-0.673306083887,-11.5757157151,90.69999999999912
594,0.406813030928,-1.56085578465,-7.21691908853,-11.168823706,90.69999999999912
595,1.95819127767,-6.69866239039,-0.442704245667,-11.1918602084,90.69999999999912
596,0.103260340941,1.53943066296,-5.13437759421,-12.3966663082,90.69999999999912
597,0.112826049775,2.43708824504,-5.62299329939,-13.584406516,90.69999999999912
598,0.80939722177,4.17262498608,-3.88599305113,-10.287349717,90.69999999999912
599,0.409051991911,-3.57371058105,-4.8196026487,-14.3255230672,90.69999999999912
600,0.474045284926,0.576227778671,-9.86179989294,-15.0134835211,90.69999999999912
601,0.12902887207,-3.74867652805,0.649251267065,-13.9038977367,90.69999999999912
602,0.16922953363,-7.84538551442,-5.66624328809,-4.51495094491,90.69999999999912
603,0.831589774372,-7.16725540408,-3.1355921191,-7.75678137097,90.69999999999912
604,0.17401374661,0.232857284018,3.01036247051,-15.1616275777,90.69999999999912
605,1.92809072571,1.13938907537,-6.14092878814,-2.55031126362,90.69999999999912
606,0.119481765555,31.1567633527,25.7850858626,-8.02269971113,90.69999999999912
607,0.357517288729,1.22291244935,-0.98066163422,-13.36781415,90.69999999999912
608,0.344681475625,5.42634752068,-7.73697468138,-10.3840535998,90.69999999999912
609,0.23892019421,-11.0161401309,-8.78547737168,-1.84516429721,90.69999999999912
610,0.452375601354,-5.18942599885,24.4472900567,-4.83932123028,90.69999999999912
611,0.120861626741,-4.24802915394,-4.32165989208,-10.9837205909,90.69999999999912
612,0.305888939382,-4.18138118435,-4.86686183749,-13.0478563532,90.69999999999912
613,0.258773301839,-6.08388665375,-2.45723780605,-5.75483394433,90.69999999999912
614,0.155943867123,-0.855921196479,3.69651189515,-21.2380751045,90.69999999999912
615,1.34638917515,-1.66618646145,-3.17910263385,-13.6078264787,90.69999999999912
616,0.13314890832,-11.2212320853,-12.6364783266,-16.2063150254,90.69999999999912
617,0.188751713756,40.4901301915,-24.1566435272,19.5909407109,90.69999999999912
618,0.230999841157,4.92989533542,-4.84613975308,-20.3185373082,90.69999999999912
619,0.166555650405,-5.64971474007,-7.05300500309,-8.35213812891,90.69999999999912
620,0.205620942532,1.29637621329,-1.02247268443,-13.1063493293,90.69999999999912
621,0.261633846129,10.0335481181,-66.91458292,21.7382308307,90.69999999999912
622,0.227703755622,-2.03782197569,-3.16947526351,-11.4021845979,90.69999999999912
623,0.4283689162,-3.77249588745,-3.17932468907,-11.1494649531,90.69999999999912
624,0.248147101184,-6.81569480057,-2.55315749673,-6.5034384414,90.69999999999912
625,0.385152946879,0.842991318973,-2.03075861957,-7.96964885094,90.69999999999912
626,0.670490527315,-0.371098866882,-3.88343032238,-13.686170881,90.69999999999912
627,0.139404173527,1.750309793,-9.82747295106,-16.8795583482,90.69999999999912
628,0.124687655808,-4.83712390439,-10.3897804929,-7.14853578983,90.69999999999912
629,0.685222798609,-0.981865504092,-4.43931570763,-5.50065932962,90.69999999999912
630,0.496372542203,-3.4113711989,-0.265759795299,-9.45267317688,90.69999999999912
631,0.137847005665,-1.85818943987,-7.04185585235,-12.1420883803,90.69999999999912
632,0.113231427801,4.1441122209,-5.45455076983,-3.1194350992,90.69999999999912
633,0.179679800452,0.771988101918,-6.22312034233,-8.82825653299,90.69999999999912
634,0.482075062774,4.10491190278,-7.56047527977,-12.9292079812,90.69999999999912
635,0.11213854992,-1.65671910046,-1.45126182041,-10.6824716361,90.69999999999912
636,0.284394493793,-0.897117832959,-8.7462883094,-8.39934965235,90.69999999999912
637,0.113736881,1.02825393954,-2.64627968918,-10.5420948133,90.69999999999912
638,0.528513104617,-2.18416462387,-4.24411596472,-9.59598204273,90.69999999999912
639,1.31885894946,-2.32068713875,-5.25314505503,-11.4829522139,90.69999999999912
640,0.169833477216,0.53678185639,-5.02471870498,-5.18161306376,90.69999999999912
641,0.13685651225,-2.51365069019,0.217861375964,-8.87065360349,90.69999999999912
642,0.320207081349,-0.855654161468,2.81353260525,-7.58964418118,90.69999999999912
643,0.335128553862,81.5993952608,49.3003566735,-127.373838795,90.69999999999912
644,0.503862355148,2.92739774593,-17.1919072422,-13.8780785582,90.69999999999912
645,0.181544599893,-6.16402740263,-8.84843327739,-11.9613189011,90.69999999999912
646,1.45500592755,-153.462078837,-121.712065224,95.7960237187,90.69999999999912
647,0.761027860857,-2.06024247417,-0.99803855759,-11.4899546268,90.69999999999912
648,0.295157132658,-1.7313961369,-1.26164874426,-9.25146298047,90.69999999999912
649,0.139496329409,-6.05287197701,-2.05041031542,-8.94416497617,90.69999999999912
650,0.685032742347,-18.8634019471,36.4501827451,20.8688992342,90.69999999999912
651,0.203361346259,-4.22464657247,-8.61222959633,6.92670552889,90.69999999999912
652,0.297468619975,-0.130477777181,-2.32629285476,-12.6275833598,90.69999999999912
653,0.289666261516,-2.03320048375,-4.62355582736,-12.5504022542,90.69999999999912
654,0.716789845516,1.20438086051,-5.36131748304,-14.8165373456,90.69999999999912
655,5.01033882622,-1.73074575942,-2.88691740849,-11.7090209674,90.69999999999912
656,0.368907916163,1.73821220464,-4.60511494895,-14.8562591211,90.69999999999912
657,0.226227975014,-6.57478920771,-3.49524855468,-8.45050194988,90.69999999999912
658,0.495477891161,8.25178894954,-8.08819547322,-14.7890702497,90.69999999999912
659,0.11133808284,-2.64793868594,-3.0255656402,-14.5716666201,90.69999999999912
660,0.347011099438,-2.74488982559,-2.43707205791,-14.3061466026,90.69999999999912
661,0.613916185783,-1.89341558143,-3.23234742303,-10.8334520297,90.69999999999912
662,0.52835043037,-0.974146304609,-1.77858233309,-10.7487017468,90.69999999999912
663,0.153932746639,-3.16458411406,-2.46648309479,-13.0541330792,90.69999999999912
664,0.629070612194,15.0202845734,21.8899322053,5.2048433677,90.69999999999912
665,0.182450154361,-2.56515541643,-2.47142453028,-12.1904901321,90.69999999999912
666,1.91177539727,-0.239905641636,-4.44969573829,-15.1179313655,90.69999999999912
667,0.378197298085,-2.47569012857,-6.47794497181,-7.1346516911,90.69999999999912
668,0.131510961587,-2.04241803805,-3.28571577706,-11.2322865198,90.69999999999912
669,1.08579253959,-0.0382858164917,-0.995160721204,-10.2225712381,90.69999999999912
670,0.953412763834,-6.49474619744,11.9313102847,-14.3400991097,90.69999999999912
671,0.263781864591,-0.321051717025,-6.25885960025,-12.722734873,90.69999999999912
672,0.237942842079,13.5870355056,1.13787033105,4.38591743899,90.69999999999912
673,0.640761605395,-3.29597056322,-2.45089274682,-12.1713859102,90.69999999999912
674,0.146013240678,-6.59397789654,-4.48059885199,-10.5650128347,90.69999999999912
675,0.191241426231,8.26797142998,-9.99479127513,-10.0057028476,90.69999999999912
676,0.163611015728,1.42669956069,-7.48304073031,-7.45113878695,90.69999999999912
677,0.115510148362,-7.39667000896,-2.61931663613,-13.893125627,90.69999999999912
678,1.6362323432,2.24910839967,-1.52311084119,-18.0658926813,90.69999999999912
679,0.776727890634,14.6563711595,-10.8303646914,-13.3979732302,90.69999999999912
680,0.258338628285,-2.86494238201,-3.35602774359,-3.68889243193,90.69999999999912
681,0.101529355195,-2.72801983337,-3.54649429929,-10.973889009,90.69999999999912
682,0.151306658539,2.09525233568,-8.48609873019,-23.0649860917,90.69999999999912
683,2.68356015002,-0.663854283265,-4.33278724693,-13.2940107511,90.69999999999912
684,0.392513210529,-6.08775977858,19.1177396245,-32.6508360782,90.69999999999912
685,0.304887442218,-2.8798890764,-2.17646061138,-9.78337224798,90.69999999999912
686,3.90655111462,-6.83709346049,-5.95052451822,-12.8816232979,90.69999999999912
687,0.51756671683,-3.4837543639,-5.29675066218,-14.6308669816,90.69999999999912
688,0.341149340529,2.27306188184,-0.38848320818,-9.22044522318,90.69999999999912
689,0.214886944468,-1.49718965814,-4.38406193494,-10.1219915265,90.69999999999912
690,0.683428273114,0.360715440088,-3.90873710987,-10.6373271439,90.69999999999912
691,0.153764681474,-0.469115249184,-0.951005058046,-15.4315121482,90.69999999999912
692,0.17850111402,-1.70283189162,-3.64663638354,-9.96542886621,90.69999999999912
693,0.409846617165,-0.922271070178,-1.66685320887,-10.847649784,90.69999999999912
694,0.19828745701,-1.3118498042,-3.46941252225,-13.4663682015,90.69999999999912
695,0.159755724664,0.668545787879,-17.3983794305,-11.915353313,90.69999999999912
696,0.337614714395,0.259230613832,-0.62979601927,-16.4214110555,90.69999999999912
697,0.397774595012,2.34462658721,4.52147938853,-5.04979567602,90.69999999999912
698,0.127644396874,-1.4682036501,-4.68042887147,-10.684586415,90.69999999999912
699,0.10198411317,-14.2589550913,-11.0324035345,-5.95653958078,90.69999999999912
700,0.182084099563,9.15566010111,10.0274011095,-10.4896916579,90.69999999999912
701,0.33316070297,-4.43925602893,3.11757873764,-18.0238156721,90.69999999999912
702,0.101942141601,-1.22974246767,-1.53487468481,-11.7947976972,90.69999999999912
703,0.113832460778,-1.18896742597,-12.2087947455,-3.55687714587,90.69999999999912
704,0.833088446111,-2.41928103382,-4.61515393941,-13.3253421736,90.69999999999912
705,0.175326488381,63.2110883652,38.80188915,-86.7431933456,90.69999999999912
706,0.154085549043,-2.05528220502,-2.75065028771,-10.9920708211,90.69999999999912
707,0.175666108819,-2.09282327634,2.78264265864,-12.9831666939,90.69999999999912
708,1.42695550151,-15.8826260106,4.44005266775,-19.5869648613,90.69999999999912
709,0.22554148786,74.0608790197,-7.82220243399,-29.1390486055,90.69999999999912
710,0.127384394385,0.974286082003,-2.95994278087,-12.873118499,90.69999999999912
711,0.920371950527,0.759875064049,-4.78939422652,-16.1869083043,90.69999999999912
712,1.6164234312,-17.725406908,49.5432058705,-1.9007508855,90.69999999999912
713,0.139048095989,-45.3407577072,-14.1707253286,-14.7889848255,90.69999999999912
714,0.195709372091,-3.0991228742,-6.20112338942,-9.69832518152,90.69999999999912
715,0.306852692893,0.373001572369,-10.8740407827,-12.8500176598,90.69999999999912
716,0.118956271609,-1.6160961916,-2.03214146841,-11.0788720903,90.69999999999912
717,0.171001886209,2.14489809575,-5.67219813227,-11.9556892516,90.69999999999912
718,0.587575777824,36.5057310095,28.497367059,-19.0727139642,90.69999999999912
719,0.111569384556,2.46650747473,-5.30334743351,-12.2892030278,90.69999999999912
720,0.883507543846,0.760784709444,-5.20274266095,-13.1606052511,90.69999999999912
721,0.218629133087,-7.67941753467,-2.58099319645,-15.6265892627,90.69999999999912
722,0.215356068578,-4.24909584459,-0.425392054888,-13.5779042369,90.69999999999912
723,0.244296653956,-6.77484716319,-25.2891019331,-2.0031461528,90.69999999999912
724,0.547820655143,-0.90578419048,-2.32676267651,-11.9419603463,90.69999999999912
725,2.99924018272,-1.79780348373,-2.99936101954,-10.1104167825,90.69999999999912
726,0.630021169787,4.62271539012,-4.44173967394,-14.4193360145,90.69999999999912
727,1.11893762825,-0.709369027932,-45.0893697,-40.19431511,90.69999999999912
728,0.328356926379,-3.39906275852,-3.06556754178,-10.8987695849,90.69999999999912
729,0.494291233283,-1.33135293261,-14.5656303829,-9.37265508525,90.69999999999912
730,0.464462338584,-3.88107295533,-3.45600263801,-10.0941135653,90.69999999999912
731,2.77006492034,-0.84885804713,-4.59280862309,-13.9517037382,90.69999999999912
732,0.386997083285,3.70060388134,-4.82291168573,-9.85861209365,90.69999999999912
733,0.139964803942,0.111214902594,-2.31975195126,-13.4629007678,90.69999999999912
734,0.422167282744,4.19423497025,-2.10635298211,-6.87567005136,90.69999999999912
735,1.0484920383,-4.44290101149,-3.65092215443,-7.80478936458,90.69999999999912
736,0.128169100493,-1.44279961458,-4.0220933765,-10.0881657488,90.69999999999912
737,2.68526295451,-0.929258928602,-5.33781546617,-12.8018760464,90.69999999999912
738,0.33590182567,2.15986484769,-3.57223680657,-9.56587623637,90.69999999999912
739,0.141549102628,-6.69301413202,-1.89476500119,-14.2946588759,90.69999999999912
740,0.414295220457,-53.5924000971,-87.0606071032,1.7580937504,90.69999999999912
741,0.112297583294,-1.84454570639,-1.5107274198,-15.5864464712,90.69999999999912
742,0.110535138102,-1.32495002721,-8.26636720201,-16.5863635346,90.69999999999912
743,0.117276722067,-4.57899666963,-2.3451916243,-13.0629341377,90.69999999999912
744,0.75005468525,-8.0756218098,-2.04079208499,-8.5640939652,90.69999999999912
745,0.138207109899,-2.64718778289,-4.06363487669,-14.0184962527,90.69999999999912
746,0.381835526702,3.61109854874,-2.48447345466,-15.0626939521,90.69999999999912
747,0.2241553159,-12.7933623241,-19.8063048571,-18.6238456553,90.69999999999912
748,0.118899369139,-5.79632949494,-14.5784371158,-19.5174009084,90.69999999999912
749,0.62813833848,-1.36841259059,-3.8317529491,-10.9883433891,90.69999999999912
750,0.320672557817,-1.08881740108,0.908264303264,-9.76195984809,90.69999999999912
751,0.64366392369,-4.61855967247,-9.04570244164,-18.2541670505,90.69999999999912
752,0.162999543482,3.60943791405,-3.87731007934,-13.441700174,90.69999999999912
753,0.216745469991,0.6238838513,1.32302997256,-14.0698187524,90.69999999999912
754,0.347141796632,2.15111786514,-0.551467590159,-7.75465788109,90.69999999999912
755,2.43390999709,-1.48505168151,-5.24375156435,-12.0444049632,90.69999999999912
756,0.154025074586,-2.88354273554,-3.33922613849,-10.8347165469,90.69999999999912
757,0.537387214431,-7.72013112405,-4.50906943824,-11.9746761337,90.69999999999912
758,0.445478478378,-0.973098452208,-0.669705342891,-16.7231732129,90.69999999999912
759,0.323778904511,3.18134294643,1.81748576511,-11.0944821607,90.69999999999912
760,0.189550116308,-54.1488026926,-78.1822513479,91.0615656584,90.69999999999912
761,0.107556152225,10.5833429166,0.781659989764,3.259842742,90.69999999999912
762,0.126266363988,-2.90440862809,-2.13385764975,-10.8670331202,90.69999999999912
763,0.324382412341,36.7339683543,4.05037793601,-2.46493255389,90.69999999999912
764,0.136582720824,-5.7989148361,0.738123528707,-16.2878526598,90.69999999999912
765,2.19660590135,-2.91546760759,-4.00626420134,-11.2677369621,90.69999999999912
766,0.3500453182,-3.43472616719,-4.98020207507,-8.48392611916,90.69999999999912
767,0.995889102645,-11.1599581083,-8.67419715425,-2.57867078213,90.69999999999912
768,0.164538631035,-3.95276694313,-3.92489446746,-17.7686601014,90.69999999999912
769,0.591169949989,-21.0804393815,-30.0781702963,-7.7949871879,90.69999999999912
770,0.106727403461,-3.38453117161,-6.62656681205,-12.9585755493,90.69999999999912
771,0.836681780278,-2.30500338337,-1.08443456794,-10.6279877491,90.69999999999912
772,0.234089269456,-3.25062943496,-29.6888813988,-29.0136562983,90.69999999999912
773,0.197768251407,0.375925317735,-6.53687403947,-10.844568296,90.69999999999912
774,0.101647968322,-4.34012143112,-9.68649347168,-2.71811337076,90.69999999999912
775,4.73307513923,0.640889073269,-3.73507122385,-12.7017993429,90.69999999999912
776,0.190163327615,-8.0534906396,-4.13769450224,-3.62953579266,90.69999999999912
777,0.393122270829,50.3921245716,-66.6975881046,17.490955095,90.69999999999912
778,0.194710412643,0.507454337012,-1.44019595914,-11.8815962768,90.69999999999912
779,0.271553474222,-5.81090743727,-11.9181992777,-20.174142353,90.69999999999912
780,0.448454918947,-3.07249000893,-3.28973326586,-13.0724916072,90.69999999999912
781,0.134051103436,-1.96456373198,-0.668574669282,-23.6319777707,90.69999999999912
782,0.165112737955,-6.41817122213,1.93632725194,-12.1378317878,90.69999999999912
783,0.379785341326,-9.35721621601,3.3885420667,2.7423129898,90.69999999999912
784,0.908060731849,-0.742545258529,-4.16992230111,-15.2197686719,90.69999999999912
785,0.222660763614,-75.2959940609,0.595109903106,85.0752505582,90.69999999999912
786,1.49870391798,-1.6791910176,-4.67909425534,-14.0849920575,90.69999999999912
787,0.117187526022,-6.55534071328,0.256048861477,-13.288605188,90.69999999999912
788,0.180725992062,2.55252232753,-5.10435568287,-13.9186192139,90.69999999999912
789,0.588753877843,0.957444635339,-6.51301455301,-12.2489831642,90.69999999999912
790,9.11756045975,-1.52528510323,-2.98331548876,-11.0491137321,90.69999999999912
791,1.11773343093,17.3136952367,13.1055805423,-6.83345960066,90.69999999999912
792,0.432370474736,-9.40604784135,-5.30317060552,-8.56002742272,90.69999999999912
793,0.219969422624,-1.2540016568,0.334024666664,-5.42781235458,90.69999999999912
794,0.27556128655,-3.96464612545,-4.73716101043,-13.2394057123,90.69999999999912
795,0.149739047795,-0.453989648927,-3.43359216133,-8.63162961491,90.69999999999912
796,0.31486379528,2.75808471691,3.89527445773,-8.69968259473,90.69999999999912
797,0.508831788586,1.4255240498,-2.34074437375,-14.8877558778,90.69999999999912
798,0.506855479081,-0.953694970874,-2.91994336789,-4.77905729961,90.69999999999912
799,0.106169558708,-7.04843836847,1.02009557721,-11.3526702076,90.69999999999912
800,0.194063798871,-0.765091887551,-0.629908327255,-16.0650191692,90.69999999999912
801,0.186876986505,-8.44219920986,-5.4108393757,-13.3972626609,90.69999999999912
802,0.183231670498,-7.41933410085,-2.14328726317,-11.1911822676,90.69999999999912
803,0.12983989292,-3.41206120895,3.42572921215,-8.64591932896,90.69999999999912
804,0.15394666362,-5.90176442998,1.03057655111,-15.8575156338,90.69999999999912
805,0.341027513162,0.82823364106,-1.89542389563,-11.9477620636,90.69999999999912
806,0.71412061524,-0.204427743161,-5.20249480763,-11.4148161065,90.69999999999912
807,0.211889361034,-3.89563668917,-5.61197130125,-12.3745449704,90.69999999999912
808,0.116982614194,0.767730421771,-0.488880959172,-9.61713752736,90.69999999999912
809,0.101457369099,-0.515503829701,-1.28223202883,-17.3156217546,90.69999999999912
810,0.666546253716,-8.02197769827,-0.38644326646,-12.6003065221,90.69999999999912
811,0.143609825299,-1.77817431805,-3.09445401567,-14.1103318238,90.69999999999912
812,0.647934300069,-15.5836688027,-26.6796586554,-32.3271612169,90.69999999999912
813,2.04492994256,3.04447357998,-6.84132524332,-12.5598347453,90.69999999999912
814,0.292949182491,-2.02243383475,-3.10757449898,-8.57473793499,90.69999999999912
815,0.195449535583,2.17991965263,-0.619958173273,-11.4677805948,90.69999999999912
816,0.430739450403,0.414627610869,-2.05148544691,-9.63026611826,90.69999999999912
817,0.112900810814,-3.14009642423,-3.12119356312,-7.80781679136,90.69999999999912
818,0.558282818952,-0.0329571044072,-4.17950539762,-17.584263311,90.69999999999912
819,0.109209697803,-4.24044127494,-18.0270935467,7.69940104523,90.69999999999912
820,1.90622004099,-1.57325019944,-3.25534324997,-10.9821700171,90.69999999999912
821,0.255883583437,3.07760835373,5.48175353015,-18.2436926075,90.69999999999912
822,0.931149353233,-1.83367631282,-2.76095017207,-11.550812663,90.69999999999912
823,0.139187553279,-7.14128099126,-1.5194675556,-8.05584349481,90.69999999999912
824,1.18279762628,1.35839974155,-2.34370006367,-16.8242033616,90.69999999999912
825,0.133239654021,7.76048626924,10.6138803071,-19.0284474977,90.69999999999912
826,0.184590186903,-0.673995206171,-2.15729064739,-11.2434570701,90.69999999999912
827,0.684365042793,-5.08712504932,-10.655474627,-25.1651769845,90.69999999999912
828,0.184806451258,-6.4512434035,-6.40979573526,-14.4785289773,90.69999999999912
829,0.60582545469,-3.0041548326,-8.67341601046,-14.4787073555,90.69999999999912
830,0.381827635029,-4.40236626867,4.04999866106,-18.0668493258,90.69999999999912
831,0.174025933933,-0.96785801715,-3.77132885003,-10.7890606662,90.69999999999912
832,0.186749893567,-2.46100207407,0.759427225403,-16.8092405573,90.69999999999912
833,0.106225592633,-0.303972051492,0.64032639375,-8.90941364036,90.69999999999912
834,0.239788143604,3.58642020466,-14.3444508951,9.36052564531,90.69999999999912
835,1.1938159233,-1.47992319636,-2.39943819152,-11.0959931718,90.69999999999912
836,0.965735722896,-0.996973600255,1.59914001746,-6.2262324173,90.69999999999912
837,0.519855144176,-1.53876884,-5.72635981257,-11.0285297615,90.69999999999912
838,0.99054412789,-2.82716645874,-4.81163412647,-3.15828028225,90.69999999999912
839,0.58832369346,9.63700660097,-10.6199249378,6.62093262019,90.69999999999912
840,5.40149959444,-1.81025623806,-2.97603224864,-11.312862863,90.69999999999912
841,0.473967394834,-2.51385914936,-0.0633528768925,-7.32316655174,90.69999999999912
842,0.106597182751,10.3294425438,-19.8591196194,-13.9169107981,90.69999999999912
843,2.46984111509,3.37917939395,-6.75409887957,-9.38687954246,90.69999999999912
844,0.115962965921,-3.89223431712,-2.81962008494,-16.0276834367,90.69999999999912
845,0.362334369889,2.37074499516,-1.16390683004,-18.2639600262,90.69999999999912
846,0.192652024461,-3.53876035573,-7.35964015614,-11.3269403152,90.69999999999912
847,0.405590173257,-2.72493419553,-4.23858155018,-11.8290286446,90.69999999999912
848,0.342647419065,9.1619892656,2.61917853964,-3.8704467435,90.69999999999912
849,0.235814504182,-0.944248859897,-2.24287854708,-9.52574987663,90.69999999999912
850,0.412073068243,-8.27936260146,-7.81167102402,-3.12868085051,90.69999999999912
851,0.215170295486,-29.3826288254,-12.1876907157,-17.1705929962,90.69999999999912
852,0.480951593755,-1.78902966341,-1.19414466371,-10.1033138562,90.69999999999912
853,0.649325724467,0.985274080828,1.85304132067,-8.65104879278,90.69999999999912
854,0.653691689033,-3.57701800367,-4.34106941868,-11.0574507492,90.69999999999912
855,0.986417935672,-2.08194556819,-1.00575891021,-10.5599578165,90.69999999999912
856,0.242771319589,-3.77685301826,-6.34588659664,-15.0394794764,90.69999999999912
857,0.34519243968,1.32297511769,-7.33069148627,-11.2119390899,90.69999999999912
858,0.166926507934,-4.29610250464,-3.46945381227,-7.82439260471,90.69999999999912
859,0.604045902543,-5.26775283213,-4.09104694585,-12.6785800326,90.69999999999912
860,0.122450675387,-3.08157652014,-10.480029133,-8.52354300279,90.69999999999912
861,0.670436864118,0.72256570526,-3.51801826437,-11.0838440983,90.69999999999912
862,0.551801437377,-29.0163314444,-30.383708106,13.2755642656,90.69999999999912
863,0.605344672706,-1.64562973085,28.8015910328,49.165417224,90.69999999999912
864,0.10898840046,-16.2689009394,-19.7163488656,43.1581947957,90.69999999999912
865,0.104450424361,-3.6394999652,1.17554142849,-15.2034519198,90.69999999999912
866,0.266398246877,-0.741830136841,0.480791366348,-9.65972928222,90.69999999999912
867,0.52923517602,-1.8870725029,-3.83010243396,-11.856996972,90.69999999999912
868,0.249563275217,-8.54570500879,0.841540720151,-12.6944478721,90.69999999999912
869,0.432883575155,0.504290424253,-0.518080817314,-8.78020841342,90.69999999999912
870,0.220666641343,-1.6169638874,-3.18918037631,-11.7194119218,90.69999999999912
871,0.262429010743,-1.66964354321,0.770795425844,-15.9244964567,90.69999999999912
872,0.107693931666,-0.408374867028,-8.40806816959,-7.60034566198,90.69999999999912
873,0.102452000228,-3.28357650844,-2.95704626615,-12.9069310691,90.69999999999912
874,0.214846445374,-2.5007533345,0.225827658356,-16.3242334472,90.69999999999912
875,0.574748983466,-73.8531274159,3.79134005151,-0.678829082341,90.69999999999912
876,0.226167170729,3.64721478383,-11.4451996018,-7.60218700969,90.69999999999912
877,0.395284193959,0.154555850284,3.86038845429,-12.0137844634,90.69999999999912
878,0.152456006415,-1.21785836178,-2.18068991009,-11.0457265823,90.69999999999912
879,0.111062361977,-14.563282365,-11.9053576721,-25.0021396898,90.69999999999912
880,0.117719695317,4.28374471317,3.51725422587,-16.0153511776,90.69999999999912
881,0.46065604736,8.86911628615,-1.33913838041,-7.4279399248,90.69999999999912
882,0.22717766048,-3.55870277046,-3.62327001086,-11.0080207785,90.69999999999912
883,0.501884303375,-2.42983390408,-6.09402433888,-14.2219581846,90.69999999999912
884,0.117735562384,-0.995799869693,-11.5391279601,-11.2862541271,90.69999999999912
885,1.46346561484,20.0604672076,8.78077806615,42.3598963649,90.69999999999912
886,0.101059987018,-3.24077228225,1.37767808369,-9.71425085736,90.69999999999912
887,0.168469827111,-0.684474018783,-2.04207369975,-11.7688048898,90.69999999999912
888,0.133270809547,-0.989867233698,-1.95045795115,-10.3945616216,90.69999999999912
889,0.352973995012,-1.92902336885,-3.76873809848,-10.8590360151,90.69999999999912
890,0.419849509506,-6.1298880217,-5.31516432649,-27.9872142096,90.69999999999912
891,0.785240424583,-0.190427702473,-8.94989421356,-12.9114414224,90.69999999999912
892,1.41288528305,-0.431598976989,-4.71750082862,-12.4527093855,90.69999999999912
893,0.22693152363,-1.50629004773,-5.84162988571,-5.3373707809,90.69999999999912
894,0.294034419845,-10.3252804249,-6.70512541364,-20.539343972,90.69999999999912
895,0.335508374861,-3.43570652817,-1.06710222785,-13.1493957867,90.69999999999912
896,0.260032314681,-0.727599624714,-3.25886099832,-10.0984935476,90.69999999999912
897,0.118549105982,-1.86545691972,-0.843236846142,-8.77577591114,90.69999999999912
898,0.104715963947,-0.408960391963,-0.156952262535,-9.44719823427,90.69999999999912
899,0.274803338007,0.151105991066,-3.9877493557,-11.9387824936,90.69999999999912
900,1.09134895758,-1.73880596076,-2.71783519068,-10.7391505744,90.69999999999912
901,0.78887917706,-3.29668119779,-4.30293514515,-11.2427548064,90.69999999999912
902,0.640410135901,-3.82230778754,-0.957825669215,-12.2181729614,90.69999999999912
903,0.140643315475,-4.39011024538,-10.2774099056,-15.1075921585,90.69999999999912
904,0.457479633309,1.53801813029,-6.14105924333,-17.0653543605,90.69999999999912
905,0.117597306192,-2.1933713791,-4.14104682466,-8.6909222111,90.69999999999912
906,0.174417009035,-2.95506293349,-2.70032873201,-12.8584300197,90.69999999999912
907,0.153703621297,1.25701854804,7.86052793452,-9.26402946022,90.69999999999912
908,0.198244506819,-5.60100401766,-3.83501917024,-8.91375985491,90.69999999999912
909,0.10746800415,-2.21991639527,-1.82035471473,-7.27166151949,90.69999999999912
910,1.34963582865,-0.544904953826,-1.25356901945,-12.2375169165,90.69999999999912
911,0.150157453746,-1.45132642391,-5.77828230749,-19.4900806769,90.69999999999912
912,0.173585999435,-42.0625756502,-21.6745511809,-46.6762035991,90.69999999999912
913,0.121028003444,-7.62808575799,-9.27598362124,-8.9681854638,90.69999999999912
914,2.18687907991,-0.620433702534,-1.79843814841,-11.8869516408,90.69999999999912
915,0.178085347185,-2.99804462227,-3.64451397321,-11.9927150238,90.69999999999912
916,0.267257560579,-5.65437940467,-3.14489244927,-8.01316278302,90.69999999999912
917,0.259832573187,3.77233750357,-12.1035201308,-12.4815451691,90.69999999999912
918,0.166730327894,-4.06213907792,-3.96267632299,-11.1863896133,90.69999999999912
919,0.102165553536,-2.783783074,-5.90285056632,-15.4709930785,90.69999999999912
920,0.112189802804,-1.75979472245,-5.57713748867,-11.9814267191,90.69999999999912
921,0.981822763216,1.38392262953,-6.05651872956,-12.366792905,90.69999999999912
922,0.173345352374,-5.41875910034,-10.43789971,-8.19137945877,90.69999999999912
923,0.253046542574,-7.68612229627,-6.62991386972,-14.6136410027,90.69999999999912
924,2.24980611799,0.434242331848,-2.37257295117,-10.933776982,90.69999999999912
925,0.288934409222,0.13545260867,-6.6898636976,-9.77949468749,90.69999999999912
926,0.315483853556,53.5111541841,28.2193593928,-45.3631065019,90.69999999999912
927,0.255327411694,-1.53060991254,-4.45525413753,-13.6406997393,90.69999999999912
928,0.161568519615,8.59511517969,26.7327998908,5.86203015152,90.69999999999912
929,0.392475035629,-12.5702730071,-3.3315546185,-6.7662091066,90.69999999999912
930,0.421524389552,55.6216534237,-27.3637181253,-42.6556223447,90.69999999999912
931,0.147298665012,27.110477154,-28.5801792216,82.2989613564,90.69999999999912
932,0.503827526669,-0.803477008413,-9.94440402897,-14.4584949852,90.69999999999912
933,0.105262148066,1.46964173062,-2.04834704648,-17.3134928787,90.69999999999912
934,0.255992149852,0.20813502562,-6.28442401229,-13.5474915309,90.69999999999912
935,0.171511820894,-1.4539583131,-3.92947601494,-11.6625257116,90.69999999999912
936,0.584382169114,-1.84037797104,-0.0889189574227,-12.0721296055,90.69999999999912
937,0.35289031069,-3.48193464568,1.15501295328,-7.0629391698,90.69999999999912
938,0.294339542603,-2.51309080485,-9.34403402334,-3.37587210447,90.69999999999912
939,0.447108437467,-2.18485058696,-2.97852190984,-13.0524843229,90.69999999999912
940,0.100302352207,-1.65136421934,-6.4278580812,-16.1545084526,90.69999999999912
941,1.15255919739,-0.500818034432,-2.51601007486,-10.4784197996,90.69999999999912
942,0.351448565026,-3.40844391414,0.17757385703,-10.0990722776,90.69999999999912
943,0.972880353271,0.136784376373,1.27066989373,-12.2816663582,90.69999999999912
944,0.48268359733,-2.09453974733,-1.87844127738,-16.1741910084,90.69999999999912
945,0.556562366945,9.50173142572,3.33802251389,-29.8601140774,90.69999999999912
946,0.362614746202,-5.16296411545,-4.26565096279,-24.9084699866,90.69999999999912
947,0.16446335528,-4.45369208618,-1.04557377136,-8.66551464879,90.69999999999912
948,0.232088176829,-4.16109918692,0.070149063102,0.0417939137519,90.69999999999912
949,0.288242974523,-20.1582115473,6.3369581174,-9.49030638273,90.69999999999912
950,0.134709447113,-10.1321534026,-0.0680629940085,-14.419170612,90.69999999999912
951,0.114541718002,-3.33870671006,-3.85992944284,-4.30603723109,90.69999999999912
952,0.330576436284,-3.67201402448,-9.41545999647,-7.16665090281,90.69999999999912
953,0.101030255119,-7.02364103224,-4.23643368752,-9.51171439043,90.69999999999912
954,0.242675380388,1.20502108113,-3.80707429485,-8.76902792252,90.69999999999912
955,0.703692541814,-17.0499478396,-8.87838878546,-18.3295028379,90.69999999999912
956,0.272562839736,-0.410644035668,-5.5665817706,-8.85287248994,90.69999999999912
957,0.481667646005,0.772772143596,-6.63303451984,-6.42032157135,90.69999999999912
958,0.136812232507,-1.02226020223,-2.23676408691,-10.4031896273,90.69999999999912
959,0.219570989605,-6.05284376759,-2.2860633586,-7.68753797617,90.69999999999912
960,0.171667281264,-2.54239236581,-2.56886423438,-8.70334107683,90.69999999999912
961,0.221320565613,-2.47758830535,-5.1785390086,-14.7702272401,90.69999999999912
962,0.479469241008,-3.50110770585,2.63292891502,-13.1570256332,90.69999999999912
963,2.24114513889,3.37598859379,8.38469129628,-6.79168417899,90.69999999999912
964,0.639840701146,-6.4702655216,-11.1281633096,-27.4899578524,90.69999999999912
965,2.22104755299,0.495379830489,-2.98217440828,-5.77815885659,90.69999999999912
966,0.182601730527,-3.9799276447,-3.18855342605,-17.5218693789,90.69999999999912
967,2.71829416921,2.91243795764,0.186945150775,1.2624125535,90.69999999999912
968,0.132009138993,-2.23465615773,-4.19841960873,-11.075426075,90.69999999999912
969,0.145029166428,-1.94302292233,-5.93743100526,-8.3632602847,90.69999999999912
970,0.914377721951,-0.616911040125,-3.64189558609,-8.15454018237,90.69999999999912
971,1.00790298347,-2.64745292935,-2.67514605843,-10.3136777794,90.69999999999912
972,0.655347928879,3.41771859384,-1.02119772742,-8.38694718778,90.69999999999912
973,0.243739537749,-1.75267976688,-3.0346419952,-11.2445381853,90.69999999999912
974,0.832477799787,-3.03275856,-2.52892242205,-10.1529332602,90.69999999999912
975,0.192816446323,0.970211452412,2.70366176124,-14.0721775158,90.69999999999912
976,0.179064288516,2.3242772607,-3.88141612088,-7.95774016329,90.69999999999912
977,0.170956387679,-4.89723618655,7.62914472786,10.6612140631,90.69999999999912
978,0.118704503093,-4.39287151098,-4.6414097975,-11.8044341382,90.69999999999912
979,1.12579157276,-4.75846686362,-5.75508756575,-11.9594798268,90.69999999999912
980,0.187465570052,1.33816299703,-6.32089236424,-6.51041625278,90.69999999999912
981,0.471766260043,7.16296032465,-0.0996850100066,-7.63730310876,90.69999999999912
982,0.235170072819,-3.34681064336,-7.25786198822,-9.13995647528,90.69999999999912
983,0.150436020893,-2.84306016404,-2.41054959966,-13.4894941073,90.69999999999912
984,0.850132718511,2.29282218123,-4.68615858809,-15.2177320955,90.69999999999912
985,0.103746871426,-1.52145669445,-3.83368552871,-14.0324955597,90.69999999999912
986,0.584282073787,0.298331046053,-1.43838834052,-7.20887212659,90.69999999999912
987,0.35526931002,63.3338005276,43.3517686495,85.591496226,90.69999999999912
988,0.164525296428,-4.08704687091,-5.20033262847,-16.3276704673,90.69999999999912
989,1.58766418099,0.245132030119,-9.32169305981,-15.0397667987,90.69999999999912
990,0.984447077709,-0.129874975395,-0.938405668014,-9.59954007065,90.69999999999912
991,0.145838472426,-2.48645762088,-1.6956822105,-11.0715127275,90.69999999999912
992,0.142312009419,12.7251656813,0.115682336266,2.28026495751,90.69999999999912
993,1.95286652042,9.85362129719,-18.369567083,31.9569294876,90.69999999999912
994,0.202125190409,-0.120528585057,4.34594040505,-14.5526741611,90.69999999999912
995,9.28271448941,-1.51773804966,-3.12053390593,-11.0747584764,90.69999999999912
996,0.103524519981,-5.31604440697,-7.91257015444,-7.29852291134,90.69999999999912
997,0.560038574157,-9.15725260571,-4.31218492363,-5.66129048747,90.69999999999912
998,0.353972265586,0.700025654713,-5.12766428174,-15.5983091369,90.69999999999912
