Star_ID,Mass (MSun),X (pc),Y (pc),Z (pc),Simulation Time (Myr)
0,0.116033427836,6.84579244461,68.3437567993,6.43312655905,74.20000000000006
1,0.101185965423,-6.63951412463,0.869072657398,12.8674081224,74.20000000000006
2,0.439976980469,-9.76614386119,4.40054935159,10.9129388007,74.20000000000006
3,0.19347562696,-6.21676439468,1.01768400921,12.2796857525,74.20000000000006
4,0.391794973018,19.5818290976,13.6306258991,17.8571050317,74.20000000000006
5,0.100569288483,9.65160524373,25.2322516213,-5.49251618691,74.20000000000006
6,0.163112577387,31.5053677773,-2.12136405701,15.760813462,74.20000000000006
7,0.495638863568,-5.70595786677,13.6100835744,34.5000793566,74.20000000000006
8,0.439952867021,-4.73594396256,-1.26150812176,10.0949077096,74.20000000000006
9,0.177085718719,-7.45008088079,-0.418204004268,10.858504765,74.20000000000006
10,0.214069348379,-12.7807671206,-17.0991890756,12.8430189007,74.20000000000006
11,0.308474632313,-3.79661705526,0.755650343545,11.1594879428,74.20000000000006
12,0.275780448487,-3.31826633071,2.34217276682,1.61078026484,74.20000000000006
13,0.169675518879,-4.9235362552,0.494727102387,10.0346373416,74.20000000000006
14,0.666066396241,1.3950304045,4.65152263857,10.2204297426,74.20000000000006
15,0.213145325895,-8.02749954242,2.94016370485,12.0961869304,74.20000000000006
16,0.537649849779,-4.77122540046,1.31563279668,10.8981364074,74.20000000000006
17,0.103388743595,-4.84675972006,-3.79759534008,9.82491179949,74.20000000000006
18,0.146136314501,-5.56467074159,0.20957795291,9.75962957215,74.20000000000006
19,0.125193478975,-2.46230491956,2.29865245183,11.4475663929,74.20000000000006
20,0.862403939736,-2.60742745196,2.01727591132,11.5224578504,74.20000000000006
21,0.151135761565,18.3809425408,55.2838569111,28.5301526669,74.20000000000006
22,0.225307779223,2.91933753766,3.51003558284,12.2380321356,74.20000000000006
23,0.746600664627,-8.08456567761,3.50233059356,9.39416963829,74.20000000000006
24,0.159091267785,-3.11683011149,6.86130689083,13.9619716056,74.20000000000006
25,0.627070569059,-23.2708255328,8.19052615877,17.8944123647,74.20000000000006
26,0.358875405941,10.1236101954,-2.98457210258,-1.24685196142,74.20000000000006
27,0.301261494156,-23.1236771803,45.9104007477,78.5224900479,74.20000000000006
28,0.241461046435,-7.51265654918,-1.72666337652,11.256563962,74.20000000000006
29,0.110178911131,-6.39103534871,4.06158425283,10.6415776906,74.20000000000006
30,0.16804408973,-3.99001918146,-1.40741673512,10.8187266989,74.20000000000006
31,0.119276317094,-7.13396839025,-0.601209701816,8.45617362979,74.20000000000006
32,0.282427684564,-1.51646262024,0.299326865462,9.21130182063,74.20000000000006
33,0.110692762713,19.5802135075,0.950593564923,1.02682834292,74.20000000000006
34,0.438475898243,-6.45674498037,0.801689297438,11.341634232,74.20000000000006
35,0.132148711908,-6.55536702106,-1.05598907695,12.0437641496,74.20000000000006
36,0.444994002799,-5.34529553387,-0.325705765066,10.526041676,74.20000000000006
37,0.155489423248,-6.75194365691,0.803410582687,7.02470721061,74.20000000000006
38,0.425142232584,11.6997357445,8.44975585328,-9.36655982214,74.20000000000006
39,2.04158964925,-8.47185972448,0.469077578865,13.5020452625,74.20000000000006
40,0.177369382606,-2.67347502335,23.6278534485,-6.34126923162,74.20000000000006
41,0.459343622909,-6.71932805374,0.918701163217,8.86926927408,74.20000000000006
42,0.110832200247,-8.99625684113,-3.53136993642,9.0624270727,74.20000000000006
43,0.107746621148,-4.69096886282,5.85237980732,17.1304247778,74.20000000000006
44,0.420739986113,41.8953118592,-49.7478402286,-83.0049903016,74.20000000000006
45,0.594979033401,-2.91603199474,1.02246991488,4.58937935559,74.20000000000006
46,0.190221626783,-21.865814061,-1.88086153869,-15.3871160158,74.20000000000006
47,0.187572521225,-9.89353341501,-0.837555286488,12.6569863511,74.20000000000006
48,0.1499913582,-40.0063198506,-28.2116388198,-23.0847093736,74.20000000000006
49,0.112720150045,-4.57430278925,-0.805265347163,9.51300576151,74.20000000000006
50,0.112810731776,-6.95808407999,7.93761705802,13.3544506045,74.20000000000006
51,0.348751191188,-2.78024707171,1.773212302,4.2715867305,74.20000000000006
52,0.146830200849,-12.3734841256,0.520167413917,24.6311011174,74.20000000000006
53,0.131941237231,6.04934587384,-32.5661276064,22.3690078986,74.20000000000006
54,0.115368479881,-6.66784311449,1.22600733859,6.48535382493,74.20000000000006
55,1.24126391509,-4.47107064267,0.887842555781,8.85513944017,74.20000000000006
56,0.162898006863,-1.87587625496,3.02524578046,9.92998441923,74.20000000000006
57,0.216126415296,-7.07580579484,0.452640513968,7.40084835551,74.20000000000006
58,0.285508284663,-33.6153551786,-32.4093098651,-2.59132377389,74.20000000000006
59,0.330117663538,-4.74793075671,-3.30117127047,15.7493147851,74.20000000000006
60,0.110128204164,-10.0330352074,-3.85052709132,13.441127621,74.20000000000006
61,0.411621196789,-14.1763941799,-69.057862531,1.42403648174,74.20000000000006
62,0.638152602196,12.7120160981,-15.5490405721,-19.4823688983,74.20000000000006
63,0.104323171496,-8.72194267055,1.76384738122,20.0467396045,74.20000000000006
64,0.105903956558,-4.83903154008,-6.1538016916,23.7959530036,74.20000000000006
65,0.265906303814,3.06592286472,-4.03915968859,21.2309422057,74.20000000000006
66,0.123231006257,-2.24936160972,6.83204929536,10.378088349,74.20000000000006
67,0.259533176865,-6.45319465669,-1.43082908616,9.66982909245,74.20000000000006
68,0.693044406864,-4.03726977443,1.05823885053,8.76927922206,74.20000000000006
69,0.205355420679,-88.3215170796,-36.7017872269,-40.1022807079,74.20000000000006
70,0.179550346488,-5.38436743287,0.328824391269,9.35356347494,74.20000000000006
71,0.219202178299,-26.5388774363,-45.1968633326,3.35501653491,74.20000000000006
72,0.397747708341,-9.89504225371,-1.35022512208,6.46156793946,74.20000000000006
73,0.347239683129,-5.39748835602,-0.133470322452,8.8457281306,74.20000000000006
74,0.140144413034,8.4296587408,-37.8824045096,10.7504508714,74.20000000000006
75,0.376995847132,-4.53364178914,1.61358493995,7.40910535012,74.20000000000006
76,0.185119300537,-32.1912352779,44.0285978518,-7.19415853625,74.20000000000006
77,0.632877205724,-17.8656667433,-28.7146591352,12.317091858,74.20000000000006
78,0.336408792354,9.07511801202,-2.29045211671,10.7035786449,74.20000000000006
79,0.801217014717,-6.09358516161,0.91168620676,13.0862603599,74.20000000000006
80,0.218819193911,-14.0050759525,-17.6496034737,26.8989109208,74.20000000000006
81,0.233990457825,-6.52348319582,0.605564103117,8.46016191162,74.20000000000006
82,0.539383345343,-1.52972284864,0.080388995618,11.7067355842,74.20000000000006
83,0.202402564111,-5.63672156328,-1.96566000217,8.48460118519,74.20000000000006
84,0.166464395596,-14.4039067974,17.6777956167,14.8897780647,74.20000000000006
85,0.786987957217,-3.85152839127,1.0702644298,11.9223114684,74.20000000000006
86,0.538336347955,-46.7504205791,-28.1344908771,-34.070081283,74.20000000000006
87,0.101333909641,2.56707781245,0.293653630143,0.826887406691,74.20000000000006
88,4.38423926841,-1.00447145558,-8.92918151465,11.7917883813,74.20000000000006
89,0.408893277017,-6.75989120188,2.56968409873,16.5319260102,74.20000000000006
90,0.377960065998,-1.39101006499,-0.0564402511713,7.98468247901,74.20000000000006
91,0.119600047605,1.95178999473,-0.111907354307,18.3633146728,74.20000000000006
92,0.690461010689,-8.49288344164,6.93400066159,7.43519222598,74.20000000000006
93,0.335289359063,-6.2668694817,-0.23668097559,10.3863577333,74.20000000000006
94,0.158792185478,-5.32683760564,-1.799128165,11.0957308122,74.20000000000006
95,0.27019742019,-33.811716129,49.3356713407,33.7630937111,74.20000000000006
96,0.129006202447,-15.7335992986,-59.4969652115,-26.6403292972,74.20000000000006
97,0.479299584393,-5.82479531564,1.83357986341,10.3211582994,74.20000000000006
98,0.1051781572,-3.08561121632,5.13058782312,-3.07573808041,74.20000000000006
99,0.414131630834,-1.04961437631,0.716309241902,7.26478948201,74.20000000000006
100,0.782951760931,-10.5774181677,0.356917097062,9.62967816829,74.20000000000006
101,0.25412556211,-7.00422896651,1.20435813179,10.7527514738,74.20000000000006
102,0.465999852765,-0.867423472447,-3.90099351846,11.1552313238,74.20000000000006
103,2.81057652784,15.0387074591,42.0158541818,39.9003647264,74.20000000000006
104,0.160776568555,-17.2189925451,-37.8924417621,8.95294612023,74.20000000000006
105,0.368331668385,-6.67836065796,-3.51118019174,5.87684003148,74.20000000000006
106,0.718012702081,-4.73685234526,0.635664910065,9.67630037646,74.20000000000006
107,0.426608142693,-6.88868412013,-0.397520444633,9.0373744739,74.20000000000006
108,0.698499443026,0.0389416618952,0.767145226917,14.6607655442,74.20000000000006
109,0.205611367042,-10.7467466175,-2.27003728772,11.2794861799,74.20000000000006
110,0.403798960866,-24.269436091,68.8151331046,-82.3734514614,74.20000000000006
111,0.153782538236,-5.33068633067,-6.02286503023,11.2919245914,74.20000000000006
112,0.498185195462,-2.87376080324,-0.785724219984,11.2387986702,74.20000000000006
113,0.159418566304,-18.6552296909,18.8973118661,17.8609234137,74.20000000000006
114,1.07537359861,-1.91167444736,-4.61579330927,14.132659676,74.20000000000006
115,0.48795041029,12.3743036345,22.4392225825,-67.3451792445,74.20000000000006
116,0.159616667883,-6.15152709427,0.0706188975047,9.37848603891,74.20000000000006
117,0.347949853573,-6.03456407998,2.4704789213,10.2118345178,74.20000000000006
118,0.574144745565,-5.13093776632,-0.910677782426,18.8222391745,74.20000000000006
119,0.200978991656,-0.0750478066161,4.48719422044,9.45447353895,74.20000000000006
120,0.753967808555,-7.14171601381,1.08299839292,10.4679332617,74.20000000000006
121,0.221113658621,-5.52891808393,3.02210681433,12.7771281988,74.20000000000006
122,0.105096498464,40.5739133493,39.8411673413,95.9701751004,74.20000000000006
123,0.176878589697,-6.04801261761,-1.18075667809,9.76767619639,74.20000000000006
124,0.377516866325,-21.869212884,-15.7853073237,9.18216191108,74.20000000000006
125,0.283598127359,-7.29994061447,5.06401720449,7.77486512162,74.20000000000006
126,0.35702469398,-3.19724031742,0.598855016403,10.1762029544,74.20000000000006
127,0.269807165119,-97.0633684998,191.421383144,-2.60141801325,74.20000000000006
128,0.129923332731,94.5437317149,-25.1319685378,-25.1316535097,74.20000000000006
129,0.413646623144,-2.8197660098,7.57776997674,16.381204767,74.20000000000006
130,0.774782573742,15.6445283156,-19.4262691278,-48.3821533221,74.20000000000006
131,0.422089200451,-4.89767680121,2.76990732707,10.9286094872,74.20000000000006
132,0.120744770852,-4.77686635312,-10.0468769434,-40.8901200898,74.20000000000006
133,1.01255832473,-4.70459248002,1.25464737283,7.27021259045,74.20000000000006
134,0.395035211906,-7.50897024888,-5.976439573,-0.402470486328,74.20000000000006
135,0.165114115442,-10.70653771,-4.82765185283,8.24650192513,74.20000000000006
136,1.75900888906,-0.866782370929,1.93208366867,5.73338886695,74.20000000000006
137,0.978118354588,0.32434449973,1.32295058456,12.3178742558,74.20000000000006
138,0.324717836286,97.6745527891,-42.618246222,-76.2222971826,74.20000000000006
139,0.345885108249,46.3863972241,-8.91681948559,37.1314183521,74.20000000000006
140,1.22784641709,-3.94157513124,0.835420746814,8.57307816542,74.20000000000006
141,0.108009474483,-9.59911337695,3.73376696945,12.6451319251,74.20000000000006
142,0.656988340215,1.130408495,4.23598448339,68.9888442119,74.20000000000006
143,0.301649835008,-7.96021723553,-2.25996473145,10.6469306326,74.20000000000006
144,0.297438994758,-2.98539939939,-0.774022148818,12.1779001092,74.20000000000006
145,0.110246505425,-3.8558681627,-29.6533290783,-18.3780552319,74.20000000000006
146,0.111869283236,-6.6664317441,0.942280833303,11.6390142416,74.20000000000006
147,0.378259616771,-7.48466697073,3.20397785714,9.07744128965,74.20000000000006
148,0.101410492547,14.192374736,-9.61590028816,7.91695251463,74.20000000000006
149,0.360182221,-3.9796727141,0.280106045945,9.83752087755,74.20000000000006
150,0.264104965712,-8.50173208455,4.75223660115,12.6993369774,74.20000000000006
151,0.302299702098,55.0532896767,25.9806199564,-14.1083729882,74.20000000000006
152,0.112604496264,-2.55157888449,0.815830314841,10.7025523478,74.20000000000006
153,0.926271724409,-7.07465609128,-52.8280330819,23.3474628665,74.20000000000006
154,0.6046430478,-4.33588485733,-0.107984747309,10.5506850934,74.20000000000006
155,0.875206526219,-6.89205799255,-0.281669197451,10.3045885447,74.20000000000006
156,0.192031415286,-4.75067450386,-0.541850363572,8.49757708402,74.20000000000006
157,0.197921922169,-3.43733483866,2.43360579866,5.4590761669,74.20000000000006
158,0.108827667319,-0.613562458016,6.78609841793,19.2654237285,74.20000000000006
159,0.132479198627,-7.75210913712,6.94911082651,30.4744073883,74.20000000000006
160,0.212845434197,-2.88869516051,2.77261010219,7.04422955665,74.20000000000006
161,0.107285758104,-27.6750181378,38.0398386036,63.2586167794,74.20000000000006
162,0.245211589902,-1.2833983186,-2.32842746109,11.0923679988,74.20000000000006
163,0.349500673343,-4.30224317882,-2.57357607964,11.7907975733,74.20000000000006
164,0.214668051083,-5.02962437344,0.150807328058,9.91388234105,74.20000000000006
165,3.0409903839,-49.030911604,-19.1634684217,-3.49541825488,74.20000000000006
166,0.91882211418,-3.40211801167,-3.30676846158,10.9365088033,74.20000000000006
167,0.107543748215,-5.52028770666,-2.875017787,21.6671054034,74.20000000000006
168,0.34269584605,-4.43021639739,0.304279931992,13.875452653,74.20000000000006
169,0.583109268073,-2.93501844832,-0.366960649048,8.57351173878,74.20000000000006
170,0.45225945333,-3.72332507946,3.63026076633,12.7230593925,74.20000000000006
171,0.911727936265,-3.8569786505,0.892053982577,8.3893103339,74.20000000000006
172,0.29733280536,-7.67920150492,1.23349574877,9.01757455969,74.20000000000006
173,0.228982804032,27.8115049807,-1.68626848549,2.30070522278,74.20000000000006
174,0.290109890276,-6.55323957992,-4.36064752176,12.5174337543,74.20000000000006
175,1.10323698854,-4.5772816456,0.816279074048,9.68997964063,74.20000000000006
176,0.434669261775,-7.73036267846,2.01914313214,11.5962311721,74.20000000000006
177,1.23820339692,12.1645146521,-31.9774576562,-19.5862521125,74.20000000000006
178,0.393220563801,-3.07225492737,1.89304832618,19.0005169954,74.20000000000006
179,0.27510476778,0.635305250063,6.41909890797,10.902813346,74.20000000000006
180,0.318777842411,-7.25229889404,7.86580389575,-1.77331376795,74.20000000000006
181,0.112853478314,-4.71505086701,-1.20864747158,12.5375776045,74.20000000000006
182,0.617176116389,-2.17180085426,4.27495888505,10.8310726153,74.20000000000006
183,0.460828977498,11.3269264305,-2.13446441018,7.70793387313,74.20000000000006
184,0.134555198331,-4.13729936079,-0.554446491874,10.6079044182,74.20000000000006
185,0.802570907322,-3.20567876102,2.45788591327,7.3390359044,74.20000000000006
186,0.140156717974,16.6311027564,13.1895713486,16.7598934767,74.20000000000006
187,0.365106914005,-2.38861574258,2.86750959866,5.52879003202,74.20000000000006
188,0.232769604068,-5.56719460761,0.815205389876,11.7848052359,74.20000000000006
189,0.10649307294,-5.55568749741,-1.46725790859,13.4557901595,74.20000000000006
190,0.104424318686,-7.35324496153,1.79171132759,12.1717612247,74.20000000000006
191,0.262761884069,4.15705448708,21.2652365988,98.1918552073,74.20000000000006
192,0.130560440868,-2.67333221015,-2.00568344096,10.9617490101,74.20000000000006
193,0.155807776502,-7.23030111723,1.80565310867,9.53597633765,74.20000000000006
194,1.36758269681,38.561538169,-11.5742123711,30.5911443413,74.20000000000006
195,0.340705893786,-3.35188790041,-8.66811438495,13.6572585289,74.20000000000006
196,0.597082288558,-4.07537780342,0.611282272014,9.49894326201,74.20000000000006
197,0.108766278791,7.65866173717,2.50440063639,7.28239347171,74.20000000000006
198,0.576062280272,-15.7544577634,-2.37545230558,16.5174532941,74.20000000000006
199,0.823083679828,11.6183049286,9.05300151809,-16.8203678431,74.20000000000006
200,0.362438107948,-2.65579688219,4.14203535738,11.4525098112,74.20000000000006
201,0.171454261783,-9.36469303072,-1.68907243643,13.1908819058,74.20000000000006
202,0.991243176495,-12.0584780162,3.17793620171,17.0437622619,74.20000000000006
203,0.609815217408,-7.48939963514,0.157346880414,9.73198745365,74.20000000000006
204,0.33298604458,34.6141612196,49.2998502006,-37.0765431282,74.20000000000006
205,0.122814824179,-3.92612697043,1.70781369482,11.1812061558,74.20000000000006
206,0.119275459371,-1.31361232427,-6.60398101194,6.00015322043,74.20000000000006
207,0.183185354475,-7.2125846489,1.37322108625,14.2490176266,74.20000000000006
208,0.171089820128,-1.69685440336,-2.48245476994,10.1508250186,74.20000000000006
209,0.476438913165,34.0360931015,41.8567139398,-56.4831418452,74.20000000000006
210,0.618141780692,28.4095782192,10.6670119316,-36.323927166,74.20000000000006
211,0.828625394562,11.7634219527,-63.8960889919,45.00989225,74.20000000000006
212,0.274829814289,-4.21426022435,2.45604388825,8.15036779013,74.20000000000006
213,0.187653953554,15.662648761,-5.75928389422,1.11687597531,74.20000000000006
214,0.10191677114,-2.65126373413,1.41051305264,9.99431922539,74.20000000000006
215,0.640126088095,-6.4098767061,1.29259396981,10.0173762744,74.20000000000006
216,0.66139842361,-8.03174238604,-1.54458175028,9.82158607556,74.20000000000006
217,1.41408029182,-5.52723472402,0.631616291373,4.82307401075,74.20000000000006
218,0.416068290893,-27.3800124571,-56.7666524268,-21.161298852,74.20000000000006
219,0.100805629278,-5.16180617858,0.549224116766,10.6592904465,74.20000000000006
220,0.145175654796,-5.82437021736,-1.34046026261,9.18208482053,74.20000000000006
221,0.613584886194,4.71351541485,-28.2324411574,-10.1610719615,74.20000000000006
222,0.915649791612,-7.31992290345,-8.49989664442,-1.38710890082,74.20000000000006
223,0.191577543133,2.42228338516,-20.5865367577,-3.84435434445,74.20000000000006
224,0.876198549088,17.5982234498,-12.1274260355,-3.8451640293,74.20000000000006
225,0.552859927094,-5.25825760211,0.531145486983,7.74333449157,74.20000000000006
226,0.117065039812,-6.29157287884,-1.91084326027,13.2957744614,74.20000000000006
227,0.100698448075,53.4682220473,-77.0945526331,21.1730199253,74.20000000000006
228,0.172083975807,-7.55318331474,-1.96097340911,10.3088851127,74.20000000000006
229,0.205688175732,-1.48913491179,-3.88201420501,12.0253769394,74.20000000000006
230,0.327362866727,-8.08285476635,0.312604625486,9.05670113573,74.20000000000006
231,0.147214994692,-7.9156868802,-0.246206468553,19.1160438598,74.20000000000006
232,0.109878187422,-1.07473357057,10.3321289008,-1.90973353329,74.20000000000006
233,0.122938623824,-12.3574705233,14.0186703042,21.1584941436,74.20000000000006
234,0.212860954719,-4.36206585478,-4.54368629141,10.304567283,74.20000000000006
235,0.133396072321,-8.46265230072,1.01312142741,13.7439567069,74.20000000000006
236,0.463301499071,-3.12943846151,1.29625455115,11.1994019068,74.20000000000006
237,0.169335457224,-4.26104859827,1.4317242328,11.1267624363,74.20000000000006
238,0.279619551356,-69.6566886948,95.5497832834,-6.14901400116,74.20000000000006
239,0.103656364011,-26.4375817698,-14.975927749,18.7725393288,74.20000000000006
240,1.31756353717,-7.49010828827,-2.31890930077,10.3426355164,74.20000000000006
241,0.273876514192,1.26213755524,-3.70005684413,48.854761343,74.20000000000006
242,0.195867302743,-5.62920694225,2.24111755761,12.6510089518,74.20000000000006
243,0.246473656853,-6.70546760532,-0.534094596437,13.6329364237,74.20000000000006
244,0.222806600108,-5.75910436008,-0.132084853274,11.161402133,74.20000000000006
245,0.124039700503,-10.8499954349,-5.89574079605,22.7080513009,74.20000000000006
246,0.331186988081,-9.62678524322,53.7894338014,15.5453273031,74.20000000000006
247,0.175350403156,29.7746300127,30.0385527908,79.1637531934,74.20000000000006
248,0.148719729852,-44.0693455709,36.5099056323,-31.4218039937,74.20000000000006
249,3.38431758262,-4.37034501461,-0.324706414678,9.43468366768,74.20000000000006
250,0.554746586113,-9.14272765869,-2.90887676499,3.01820145947,74.20000000000006
251,0.188588130614,-7.92527713816,7.67786941604,8.47050332651,74.20000000000006
252,0.762496784941,6.19055170623,-0.316136437744,13.0306575003,74.20000000000006
253,0.796666442179,-52.0720956872,-0.798183652221,-25.6612383344,74.20000000000006
254,0.393038212767,8.78890426099,-1.23073529586,41.6260134949,74.20000000000006
255,3.54637186137,-3.87050199106,0.714389680327,8.74237955018,74.20000000000006
256,0.585127709358,-4.02072037682,2.08164016672,8.56715363625,74.20000000000006
257,1.02524421195,-5.12554520845,1.25620716096,11.3704774823,74.20000000000006
258,0.478165033778,-4.20118551023,5.3692918491,13.2080675572,74.20000000000006
259,0.109761947674,-9.30183042581,-2.84783711196,7.28076082639,74.20000000000006
260,0.143863329176,-3.83252641181,1.94215306878,10.7957556351,74.20000000000006
261,0.379906169536,-2.41175728254,0.737713568282,11.5247983974,74.20000000000006
262,0.457384719885,-8.50629658493,2.08335166621,11.913671481,74.20000000000006
263,0.206449427674,2.29677918279,-20.0066614514,-4.70340904619,74.20000000000006
264,0.246051973599,-6.45483678476,0.911866001346,7.54842631166,74.20000000000006
265,1.15477666229,-83.9255636262,9.04057567636,44.0486597601,74.20000000000006
266,0.250802777714,-7.37936647741,-2.50592840681,7.75111192316,74.20000000000006
267,0.210806225224,-4.5612036366,1.53845545066,9.02207875699,74.20000000000006
268,0.176081576208,-8.34749114963,-0.42322383683,9.69434636581,74.20000000000006
269,0.17080893425,-0.341665726889,2.230851736,3.49868978299,74.20000000000006
270,0.477853317146,-7.30086145933,2.25267986095,9.13220775433,74.20000000000006
271,1.3069065356,-9.63752061523,-7.4142457133,9.16437994098,74.20000000000006
272,0.353153470707,-2.2717658729,0.216897989321,7.84510722142,74.20000000000006
273,0.703780651597,-2.00411546837,-3.69378925532,15.9030826502,74.20000000000006
274,0.135077472537,2.70649603631,-4.39889574561,8.67816071115,74.20000000000006
275,1.17828165545,-14.65057305,18.4712975601,18.1362420279,74.20000000000006
276,0.166178874132,-5.90404235561,-4.72432438269,9.19390457912,74.20000000000006
277,0.901580382332,-1.63502999677,-75.8811831497,-43.0139046377,74.20000000000006
278,0.144961988513,-3.76225261931,-0.185749579224,8.94736966467,74.20000000000006
279,0.127403686707,36.4497276711,6.7446810268,-66.6185211924,74.20000000000006
280,0.271371739996,-2.44531590794,0.52838783143,13.8754861436,74.20000000000006
281,0.243187341987,-29.7598361894,-9.26533640923,-17.4043890239,74.20000000000006
282,0.514968652645,-5.77315777238,2.34960665601,10.7382261576,74.20000000000006
283,0.109652139825,-14.378281078,10.704215142,15.2636324009,74.20000000000006
284,0.304262199125,-3.7830361388,1.48555611748,12.4097300954,74.20000000000006
285,0.357758485695,-4.51211526017,-0.856851994884,10.7678403616,74.20000000000006
286,0.651803695598,6.25641485139,13.3150517802,23.0520785415,74.20000000000006
287,0.465317906739,-3.48427221702,0.788441019562,6.97408889343,74.20000000000006
288,0.107956769659,1.43585858014,-9.75202289497,12.3036626736,74.20000000000006
289,0.107787082355,-6.98568513825,0.811865454381,11.9467890529,74.20000000000006
290,0.533437534023,-7.46425589152,0.162601956845,5.66382424897,74.20000000000006
291,0.174861966515,35.1590342484,-1.3996761652,-36.4651161333,74.20000000000006
292,0.628837411183,-4.79367589016,-0.342621363295,12.7806927252,74.20000000000006
293,0.136824448896,-7.11325136569,2.75706052204,6.0810448558,74.20000000000006
294,0.506965640422,27.1530578429,55.642787285,-28.9245166874,74.20000000000006
295,0.560981821362,75.247010622,7.93292804571,1.38945655409,74.20000000000006
296,0.469652900547,-9.37110971516,4.66873970344,6.80451890109,74.20000000000006
297,0.552139069105,7.66040638108,-7.84190819216,-36.7445195988,74.20000000000006
298,0.14870318128,-38.8959349611,15.5893769353,1.50012573108,74.20000000000006
299,0.362320703948,-7.00902266863,-17.4082223928,9.71134486896,74.20000000000006
300,0.761622694273,-6.64449612607,-1.47668710144,3.75554627414,74.20000000000006
301,0.144704964649,-7.19578459095,15.9035893413,13.2826282406,74.20000000000006
302,0.546021023013,-4.7828634202,1.77357322411,11.3208611486,74.20000000000006
303,0.137046502841,-5.56995229029,2.52228760408,10.8946321702,74.20000000000006
304,0.121454332385,-5.0377329963,-7.41994871871,27.5862745411,74.20000000000006
305,0.171093376478,7.30319523929,15.323846956,6.14731789279,74.20000000000006
306,0.672933009704,-5.45022699529,3.42696372607,10.1403417302,74.20000000000006
307,0.349128834133,-6.61220602605,1.25817129501,6.78835643995,74.20000000000006
308,0.327733594285,-52.3477181104,44.6940364187,-13.6322849705,74.20000000000006
309,0.278596233748,-36.9741259331,-6.56708434475,-27.9285400398,74.20000000000006
310,0.104486824698,-7.33564839476,1.29735820094,10.4111435924,74.20000000000006
311,0.135054413759,-12.2743378916,1.26436237424,8.67850944679,74.20000000000006
312,0.373709662261,-1.870952245,0.0744760874153,11.3151552569,74.20000000000006
313,0.158327530342,-3.52186460856,2.81680928565,9.91635839821,74.20000000000006
314,0.259701621101,-7.84156571043,-3.89209602274,13.7532366062,74.20000000000006
315,0.746932565488,-6.45097767768,0.785509880866,8.88444282597,74.20000000000006
316,0.580344717485,-5.40417590009,0.524613057922,10.4314004099,74.20000000000006
317,0.578001588278,-50.2190634657,44.0212945657,43.9021221461,74.20000000000006
318,0.538462262741,-3.68704339302,1.7925289273,12.7205650704,74.20000000000006
319,0.191385065683,0.731969282685,9.16461409975,12.2772157765,74.20000000000006
320,0.570529224944,-4.59294673281,2.58848644182,10.4692127498,74.20000000000006
321,0.152754253697,-76.2842837035,-27.8386153361,-19.5554809596,74.20000000000006
322,0.345183683823,-3.04083521907,-1.64389042248,9.9956662117,74.20000000000006
323,0.800579656851,-2.66004993971,0.112183657824,8.81596815612,74.20000000000006
324,0.359825118061,-4.3253571276,-2.03449484511,5.18454611027,74.20000000000006
325,0.428406083777,-10.8747999938,-5.02999509593,8.09524371332,74.20000000000006
326,0.665216992309,-2.02433997311,0.105266328677,7.30541663513,74.20000000000006
327,0.601439941679,-31.5744408462,93.4304363864,27.0633595833,74.20000000000006
328,1.3085501429,-22.1803046269,-105.466669485,-45.20010957,74.20000000000006
329,0.259062287807,0.0946254974879,6.13209306148,15.0872717353,74.20000000000006
330,0.449931676089,-5.88827037448,-5.07575449463,11.1445748638,74.20000000000006
331,0.748544316429,-3.85571844382,0.946340981535,8.5351718238,74.20000000000006
332,1.2454490237,-4.0804449105,0.81499482431,8.38596969455,74.20000000000006
333,3.56464118692,-4.78235340526,0.753473221522,9.8135796745,74.20000000000006
334,1.13849773303,-8.88759196467,2.35461604804,11.9084159951,74.20000000000006
335,0.10824704532,-5.56712277822,0.734144629621,10.2637492989,74.20000000000006
336,0.296292219299,-4.21923700968,2.58782025237,10.9588382933,74.20000000000006
337,0.442082993493,-4.56288491583,-4.40548742911,11.4036984176,74.20000000000006
338,0.277109674352,-5.90057046412,-1.06116870176,7.38580159673,74.20000000000006
339,0.197903077497,-6.96283723991,0.581333588362,13.2660757545,74.20000000000006
340,0.798423834129,-3.82167922856,0.741362367402,5.84678897248,74.20000000000006
341,0.278174542476,-3.28360374,-3.04073730978,8.52462654721,74.20000000000006
342,0.306435240666,-3.77596517006,3.10079723305,10.5444368256,74.20000000000006
343,0.403766733823,-14.1706066714,-20.8113409852,-16.9818421452,74.20000000000006
344,0.123081571711,-6.95952425168,3.10854161402,8.68677617588,74.20000000000006
345,2.16445176232,-25.295218015,7.08448036846,-75.0271488099,74.20000000000006
346,0.185874433127,47.3996582976,31.8013184663,-42.1005094995,74.20000000000006
347,1.07898771721,-5.5916404031,1.59011708441,8.30175239897,74.20000000000006
348,0.173055471746,-4.69192418314,1.01942185288,8.47252604654,74.20000000000006
349,0.151457999773,-3.87144318797,1.16314989746,7.40687891366,74.20000000000006
350,0.337282224288,-6.34014683351,0.879775431251,9.32533962481,74.20000000000006
351,0.113571342717,-21.5837788843,7.04727680468,30.6173386698,74.20000000000006
352,3.57438370379,-8.04483667521,11.338505149,6.68993595623,74.20000000000006
353,0.122724154283,-5.22087680041,1.24200335512,8.99049902123,74.20000000000006
354,0.693423936112,-6.67251677815,-48.7507360433,17.1290926686,74.20000000000006
355,0.114966708105,-1.06259905301,-6.42558775969,17.4446675614,74.20000000000006
356,4.49522063601,-5.6999676717,0.688357033218,10.594060747,74.20000000000006
357,0.132021037407,-2.13721851238,4.18889363271,14.0697759797,74.20000000000006
358,0.146292579608,-5.84659373225,8.28551632786,4.28967552606,74.20000000000006
359,0.506618238974,-8.06767769079,-1.79272101698,14.8655443804,74.20000000000006
360,0.135784656812,-17.7874867811,25.878333659,24.4990820013,74.20000000000006
361,0.11087950225,16.6138417384,3.88088806959,41.0639268803,74.20000000000006
362,0.782119010427,-3.04511875869,-0.338673110849,15.3762002734,74.20000000000006
363,0.758234082286,-1.29823892407,21.4229378015,-8.81678351099,74.20000000000006
364,0.231547699616,-2.93716145622,-1.38101580963,8.89268163125,74.20000000000006
365,0.145558794029,-3.38683476575,-2.90819957364,8.06149835338,74.20000000000006
366,0.177181817169,-5.73105585614,1.50645608382,6.78255783668,74.20000000000006
367,0.135888565614,-10.0879130545,-0.0589906838612,6.98003597425,74.20000000000006
368,0.118645358383,-8.52544589167,-0.741372312999,3.65235027738,74.20000000000006
369,0.460934389072,-3.50258686668,-0.604517549574,8.92692568781,74.20000000000006
370,0.640466074381,-21.4868686258,-22.153063356,1.20839024429,74.20000000000006
371,0.470562767417,-0.552405183407,-1.59022289025,7.42552239109,74.20000000000006
372,0.116578706516,1.75400617432,5.32355260396,12.6685722098,74.20000000000006
373,0.241170368519,-8.6089506804,-0.200586642483,11.3311992056,74.20000000000006
374,0.484228671607,59.8351479747,32.7639010245,-22.2367026768,74.20000000000006
375,0.737313110428,-1.71020463084,2.73296231919,12.3420926255,74.20000000000006
376,0.911199752591,14.0051352162,-8.77729818606,18.0843552305,74.20000000000006
377,1.20117953379,-4.93034496842,0.986068359313,10.6134052015,74.20000000000006
378,0.122272847942,-7.45306754387,1.17149735774,9.57158993414,74.20000000000006
379,0.546700593745,-4.029006821,2.27527764967,10.2112216615,74.20000000000006
380,0.130297772821,21.549381082,-11.9461447942,3.21798489689,74.20000000000006
381,0.157195319135,-16.0589502239,-60.5855713431,10.9731881156,74.20000000000006
382,0.237632806383,-4.05103393948,-2.44209495123,10.905424924,74.20000000000006
383,0.557918366066,-5.22040277898,9.37167473225,20.7363998422,74.20000000000006
384,1.42468447323,-7.39462692782,0.556822860161,9.87151297729,74.20000000000006
385,0.103700987942,26.2483151926,6.20758020229,-18.5662213015,74.20000000000006
386,0.618184727566,-6.63336240726,-1.36659297927,11.3833550754,74.20000000000006
387,0.220530768224,-4.65382676294,5.00727290622,-1.49876808803,74.20000000000006
388,1.50362738492,-6.38466496103,-0.335149221738,10.850254041,74.20000000000006
389,0.498374539757,-4.89266137011,0.529093142291,9.57745302577,74.20000000000006
390,0.392878745927,-13.2671934676,-0.729200537759,17.8401170266,74.20000000000006
391,0.867589651705,-11.9020384918,-74.57798682,-59.9131924713,74.20000000000006
392,0.59524612029,9.11121699935,-52.3171567946,35.1209798125,74.20000000000006
393,4.27988612664,-3.7716765339,0.868601280835,9.99693449862,74.20000000000006
394,0.383532356603,26.9918659603,-9.88050507356,12.9833001967,74.20000000000006
395,0.235891751033,29.6637794963,0.565871967286,20.7178430726,74.20000000000006
396,0.451403155721,-5.08398717071,1.74699106621,10.315676378,74.20000000000006
397,2.1217234359,-8.65503282007,3.34557591878,9.50401553159,74.20000000000006
398,0.387735032738,14.7453547974,-6.1448742177,-14.6116078251,74.20000000000006
399,0.119627157897,18.2851664421,-38.6957912121,19.4934469046,74.20000000000006
400,0.362248972834,-5.53904859021,-1.8751885459,10.4611782887,74.20000000000006
401,1.06157881545,-2.63298771639,2.27566279141,5.00575738034,74.20000000000006
402,0.202261438951,-5.7915830486,3.97833911737,12.3285657403,74.20000000000006
403,1.60659672985,-6.39413169885,1.04405268366,10.6773104593,74.20000000000006
404,0.176339013025,-55.6471538556,2.78692311276,22.5310032364,74.20000000000006
405,0.163566378048,0.29020294803,0.00750291985434,12.305039653,74.20000000000006
406,0.732530229935,-3.9455707928,-1.95763977602,12.5173350015,74.20000000000006
407,2.99533716387,0.77157346945,-38.2711309781,23.2081818543,74.20000000000006
408,0.276415425124,-4.15239667284,2.53801153694,11.6115944307,74.20000000000006
409,0.18069658817,-5.52096159282,-13.5332561408,1.36909666248,74.20000000000006
410,0.769280139519,9.62048721414,-55.2599374072,33.9940264444,74.20000000000006
411,0.570506984604,-5.39253392768,47.2990194974,34.4049969195,74.20000000000006
412,0.21904509871,-3.81190250359,-5.25223188568,15.4217155857,74.20000000000006
413,0.945862888101,-14.5851568212,-7.62128293445,-3.93626294194,74.20000000000006
414,0.938797154088,-1.05216753734,62.8832978844,40.106091032,74.20000000000006
415,0.15331000176,-7.4987110515,3.61351013971,9.66268117473,74.20000000000006
416,0.383574223658,5.51936788197,8.49213777814,30.1431509508,74.20000000000006
417,0.170115865567,1.21880684333,9.39562519822,6.10726378377,74.20000000000006
418,0.487848818254,-40.3742143496,2.73752427317,14.7646013762,74.20000000000006
419,0.631752996399,-11.6152104553,85.7802205732,-15.6087389482,74.20000000000006
420,0.274815115827,-5.69329629148,0.0699567800913,8.18657452288,74.20000000000006
421,1.18049648,-6.36467486458,2.91986401299,9.59267456534,74.20000000000006
422,0.397207024082,-5.4409331033,-1.12748741457,9.57007133385,74.20000000000006
423,0.119147286613,12.1122244219,-27.529273087,-7.25676544381,74.20000000000006
424,0.216507387254,-3.31780566082,1.88635143498,7.75247362378,74.20000000000006
425,0.13491248702,-20.4936205116,-2.65274929176,20.8877833416,74.20000000000006
426,0.4504631845,-8.49001859926,-2.21818063006,10.6136223125,74.20000000000006
427,0.220135860817,-18.0287803419,-14.3310797624,17.2844458054,74.20000000000006
428,1.43615318286,-5.01463790762,0.946889332421,9.36305305713,74.20000000000006
429,0.634138724415,0.407379329464,1.89159629431,9.42986268349,74.20000000000006
430,0.286408059538,-24.2215210938,3.59839097424,-19.0670148532,74.20000000000006
431,0.212502993464,-5.69050743759,0.821617610438,11.2939598265,74.20000000000006
432,0.161843073191,-2.02595609231,1.49313303713,11.9744213037,74.20000000000006
433,1.52534093244,36.3891302574,10.3539532498,71.2715664976,74.20000000000006
434,0.187329475757,-4.00158864461,-0.297043616778,8.9760316997,74.20000000000006
435,1.03160928569,-3.13392850016,10.2882874843,10.9728096498,74.20000000000006
436,0.236542759564,0.313175943429,10.3157404552,9.78126814314,74.20000000000006
437,0.185234678583,-7.05068848357,-85.8292091388,22.2816232553,74.20000000000006
438,0.106346159795,-7.00042700939,-5.48779535614,1.36114190134,74.20000000000006
439,0.381702452329,-6.55406486375,-4.59852513959,16.2222909903,74.20000000000006
440,0.417619154439,-93.8663944083,41.7759615004,4.3242903557,74.20000000000006
441,0.613047085715,-6.99685816868,0.452292993891,6.69225357961,74.20000000000006
442,3.95450546601,-25.8478338258,-10.8294897698,-73.2998688846,74.20000000000006
443,0.391138777019,-17.2639914771,0.610087812908,-87.7149748779,74.20000000000006
444,0.380084984362,12.723654378,17.2677564498,-3.57845858244,74.20000000000006
445,0.136004462353,67.4372097856,-16.709014898,33.9253842497,74.20000000000006
446,0.583748505723,46.6188804542,-11.1092968268,-54.8933803381,74.20000000000006
447,0.253035381326,-7.3285031384,-0.46886081418,10.5280585337,74.20000000000006
448,0.138465287491,-2.11158299191,10.1935028414,8.53304335656,74.20000000000006
449,0.599518154585,-7.59903503075,1.94597114629,10.3960426428,74.20000000000006
450,0.253624921824,-0.886948766164,6.15941295395,10.1236081511,74.20000000000006
451,0.13787615269,-3.32044423309,1.65806127917,10.0714101821,74.20000000000006
452,0.130564605799,-7.94011488747,-1.91694874722,11.8278527495,74.20000000000006
453,0.44720061468,-15.9047004682,37.1488436488,7.95439132878,74.20000000000006
454,0.189605118856,-7.80135314547,6.88053179234,2.07229227889,74.20000000000006
455,0.18693105938,-48.34979316,-7.70572870107,2.60898359385,74.20000000000006
456,0.103568565441,2.71295304182,16.3064231929,23.2235760979,74.20000000000006
457,1.76158933883,1.17656824114,-0.557603233611,12.4840221672,74.20000000000006
458,0.274416205582,-6.49383153344,-0.362031328885,10.9352282436,74.20000000000006
459,0.171050253059,110.138152797,-47.7355826311,78.0069246435,74.20000000000006
460,1.44849709532,-0.287421581305,-0.520996157052,12.5749946122,74.20000000000006
461,0.251661776105,0.242331060929,-3.97450105789,10.0860711143,74.20000000000006
462,0.376236541615,-5.46912737919,0.899223615574,9.8450569508,74.20000000000006
463,0.18756561159,-9.57540078375,0.919638784153,8.13436130356,74.20000000000006
464,0.621901471259,74.0457336769,39.9813021556,10.7150773763,74.20000000000006
465,0.232407831471,-4.71718390414,0.0525315483538,9.0353821073,74.20000000000006
466,2.13628806093,-20.3464068308,-6.9608342095,3.32788259879,74.20000000000006
467,0.50674315637,-6.41692567879,4.96714782668,11.6430687116,74.20000000000006
468,0.189201776689,-26.9825364227,-2.86621658036,-11.3354114046,74.20000000000006
469,0.734108733165,-16.2375049025,-3.98389523746,6.60751999335,74.20000000000006
470,0.712214953717,-12.6651730643,-41.7067315494,-41.5218361559,74.20000000000006
471,0.556065508218,-4.23622054454,-2.11048197998,8.7836338726,74.20000000000006
472,0.245734358889,-5.05790082197,-9.08080896574,2.75362001243,74.20000000000006
473,0.467493121872,-3.1248777221,0.852221731301,9.6749124401,74.20000000000006
474,0.223547864452,-1.17412747442,-22.5396697135,13.562341182,74.20000000000006
475,0.135235182153,35.5215528936,16.5519553338,49.6608000813,74.20000000000006
476,0.401108491136,-3.73017954067,1.59340953744,9.38056150419,74.20000000000006
477,0.258412872452,-6.4052556177,-0.156579586702,9.27053068813,74.20000000000006
478,1.00539498916,-6.06981242567,0.586515605563,8.70850704926,74.20000000000006
479,0.134597060068,-5.23069409612,-3.7006850772,10.2312088302,74.20000000000006
480,0.107141685753,-2.91573266969,2.37140778029,10.5721939588,74.20000000000006
481,0.328557375314,-3.85842703899,0.224868443458,8.98252906239,74.20000000000006
482,0.155656523055,-3.15422963978,2.45851622778,8.28671611283,74.20000000000006
483,0.892989264018,-5.70676988112,1.04353758494,8.8574844521,74.20000000000006
484,0.563551352218,73.2156682167,-17.2299666346,27.9220991091,74.20000000000006
485,0.286345150349,-5.45325827109,1.41151288695,11.0458954927,74.20000000000006
486,0.850228001907,-5.0559822232,-4.44190409919,11.4333735369,74.20000000000006
487,0.660817348828,-8.9999701473,-1.85871617347,7.12160192872,74.20000000000006
488,0.295291173295,35.2033859574,12.7104306278,49.15443278,74.20000000000006
489,0.129346762443,-8.15345538727,-0.965779615347,7.85145939802,74.20000000000006
490,0.41800755065,0.61248244578,9.9401664251,14.336313574,74.20000000000006
491,0.23091462967,-8.94542982292,-2.75633517695,9.72207432639,74.20000000000006
492,0.154567475567,1.71447044451,-1.18484279435,11.9970055383,74.20000000000006
493,0.113628214632,-2.32468687966,-1.07905113844,9.67068462489,74.20000000000006
494,0.262130805093,-3.3681585386,0.0769209031948,8.57175588178,74.20000000000006
495,0.109811116419,-6.36765815301,3.69475799401,11.7963555819,74.20000000000006
496,0.155239953777,-3.89529477805,3.85071196957,12.1515695471,74.20000000000006
497,0.367980701566,-7.41826681203,-29.0793278131,-21.9125475675,74.20000000000006
498,0.43883661506,-5.85413770626,-0.561806684998,7.63736695607,74.20000000000006
499,0.359828578288,-8.61559410697,-2.2774416384,12.7664206677,74.20000000000006
500,0.139404209496,-3.05330420976,-5.59902021917,6.21865797562,74.20000000000006
501,0.197199209873,-5.15727871738,1.96371507905,9.33076681839,74.20000000000006
502,1.31386997284,-6.84104121513,2.74242978267,12.2453853146,74.20000000000006
503,0.1172514441,-3.16271336919,6.79881625124,9.44735639081,74.20000000000006
504,0.380406034607,-5.78765505669,4.17253096373,12.4791237821,74.20000000000006
505,0.181352597987,-5.79490761849,-0.792238232536,5.89925740688,74.20000000000006
506,0.437545074048,1.15167098967,12.2812895146,1.80384443526,74.20000000000006
507,0.165725145165,-32.4590259836,-10.6671576129,-7.62049192259,74.20000000000006
508,0.857195789645,-7.57719663441,-2.72276573782,11.1978349543,74.20000000000006
509,0.310348002579,-32.1966450656,-2.12586478252,38.0643301001,74.20000000000006
510,0.166254085703,-5.73835384728,-2.44819712261,14.65410153,74.20000000000006
511,0.43272687637,-0.752605986984,-29.4988214817,-1.13963688899,74.20000000000006
512,0.345170553217,-2.01065183261,1.12112544782,12.0793334671,74.20000000000006
513,0.324409668929,-4.16399178153,-0.830481324656,9.82649448371,74.20000000000006
514,0.29128509973,-7.74227719879,0.231522843436,8.84219445839,74.20000000000006
515,1.5797150337,-5.04663392228,1.22020331012,10.1562887453,74.20000000000006
516,0.50928480123,-5.7586334079,-0.250331612307,8.85473741448,74.20000000000006
517,0.534237506265,-21.0421750121,12.79377695,48.7449196146,74.20000000000006
518,0.299987087691,-9.49453538806,8.85776027091,11.153340147,74.20000000000006
519,0.140678692555,-5.0836219281,0.393964613414,12.8388054465,74.20000000000006
520,0.185510311171,105.425401993,-40.5750770157,68.1437220176,74.20000000000006
521,0.535176729691,-3.66304818346,-2.41378497649,5.6704069532,74.20000000000006
522,0.366764779884,107.438599686,23.6420046846,-63.9289760041,74.20000000000006
523,0.269772760004,-5.97734951553,-0.309189470335,21.4796358547,74.20000000000006
524,9.18133998117,-4.23802361025,-11.335959057,5.50652016405,74.20000000000006
525,0.12559625809,89.3178216138,-14.3215834576,-19.1381054358,74.20000000000006
526,0.328932049307,-4.89574653306,1.3029460081,11.6514434258,74.20000000000006
527,0.539303117245,2.7987722139,-3.45242979461,15.712618248,74.20000000000006
528,0.121805557641,-1.22189008038,4.55870981844,11.8134482407,74.20000000000006
529,0.470400066645,-35.0149295966,3.00299863601,-57.6656442273,74.20000000000006
530,0.436093089803,-2.02299161779,0.609822495368,11.7422428062,74.20000000000006
531,0.304242559506,-4.06938386018,2.04062563363,8.2778386651,74.20000000000006
532,0.106159439726,-32.1552864142,-16.0701401547,-29.6324038289,74.20000000000006
533,1.52103868678,6.96072657925,-34.2328347024,23.504313485,74.20000000000006
534,0.151409355453,-10.3594106541,4.39366397167,12.7913246696,74.20000000000006
535,0.13860684866,-6.976194891,-2.60678808707,14.5936865277,74.20000000000006
536,0.159212540523,-4.55159274145,1.33804576755,10.5896443536,74.20000000000006
537,0.577060541258,-12.6822688383,-3.88856462587,75.6744786628,74.20000000000006
538,0.106876101306,-17.4438644358,-20.1714822083,-3.92029718265,74.20000000000006
539,0.178231235087,-6.11986474162,45.5836480751,-58.5447490287,74.20000000000006
540,0.143601171434,-10.1350132257,0.574248556233,9.56766148027,74.20000000000006
541,0.124659117511,-36.4570858315,-38.1840505917,-16.2631577017,74.20000000000006
542,0.199688796413,-7.05925216045,-2.6762683882,10.6661810272,74.20000000000006
543,0.570697872231,-6.30932098326,7.28732552738,10.3346231668,74.20000000000006
544,2.28233105187,-6.39296593635,2.89861434099,8.7102184598,74.20000000000006
545,0.106626750018,7.13352840052,10.2483949641,-3.86303741255,74.20000000000006
546,0.994667951491,-21.0589356876,7.46274267092,93.8947455377,74.20000000000006
547,0.269220281238,-5.21146211495,-4.88567129421,11.4788950157,74.20000000000006
548,0.193841632797,-5.24947557582,-5.95109289392,13.5422530203,74.20000000000006
549,0.140793050044,-8.09448409014,8.01800692168,4.11813538692,74.20000000000006
550,0.465270384502,0.157484998143,46.2258355211,-60.6635948788,74.20000000000006
551,0.198916319109,-4.72946309139,2.93557088609,12.105759023,74.20000000000006
552,0.100271893594,-100.811590331,8.80181055362,117.131985619,74.20000000000006
553,0.13477849837,0.978185510515,-5.73002322743,0.421969820792,74.20000000000006
554,0.83213913006,1.35278409184,-0.185873841671,6.68108963711,74.20000000000006
555,0.294550091596,-9.73223694287,2.63677484728,8.19375974872,74.20000000000006
556,0.192992616068,-49.5901745381,42.3549632413,-42.6894832281,74.20000000000006
557,0.304549499921,-3.14231428686,-4.0159718982,1.13960618008,74.20000000000006
558,0.141486506973,-20.4410191441,-28.1510686981,10.3380857831,74.20000000000006
559,0.118992540274,-0.834289070784,-3.75137520524,5.71849432054,74.20000000000006
560,0.133896591078,4.36810053925,-0.950752147507,16.4093165818,74.20000000000006
561,1.2135615474,-5.45720957429,0.979750991882,13.6068000466,74.20000000000006
562,0.203560390813,-7.47652350601,0.185480451332,5.67946507403,74.20000000000006
563,0.318427194849,-4.95524774119,-11.0776834927,-14.8064501879,74.20000000000006
564,0.193309844266,-2.85068523502,12.4992095989,10.3716348137,74.20000000000006
565,0.119176388441,18.8913864915,-3.26124163207,-5.24882139862,74.20000000000006
566,0.130157916287,-13.7720071517,21.8587101175,16.3384096934,74.20000000000006
567,0.923193530591,-3.11896554169,-1.15996952118,4.48402867291,74.20000000000006
568,1.47543398035,68.397391724,59.6343175718,-52.2810521373,74.20000000000006
569,0.458527068347,-4.48891045262,-0.183509701199,8.13952510559,74.20000000000006
570,1.42985318511,-5.47423173409,-0.828580925772,9.24747099409,74.20000000000006
571,0.67301064521,-4.08975995599,-2.82940087137,5.80885466452,74.20000000000006
572,1.02551810787,-4.21544622803,-0.0219952583314,11.9178655852,74.20000000000006
573,0.132789529799,-9.46489743538,-1.20973262295,8.70390826039,74.20000000000006
574,0.401122970157,-0.757614128254,-0.674229350137,10.7073790101,74.20000000000006
575,0.160189954457,-1.11540915795,-9.13008356211,11.7589308778,74.20000000000006
576,0.304386817402,-7.53300877084,5.37184942013,12.3121584927,74.20000000000006
577,0.167446529722,-4.35580587023,2.91511439776,9.71163927747,74.20000000000006
578,0.516973309423,-9.36618179928,2.46018743746,11.4362510896,74.20000000000006
579,0.256743553089,-7.54119082205,-0.327108109731,8.89340333017,74.20000000000006
580,0.531304701791,8.3705896069,-13.6203384594,17.0146886658,74.20000000000006
581,0.215448068871,-0.278670274751,23.0696322692,44.2010555984,74.20000000000006
582,0.122411818534,-8.87481047062,0.762480379832,18.5358087791,74.20000000000006
583,0.439759189713,-6.18697778317,-16.2395696634,3.61196233712,74.20000000000006
584,0.221035752506,0.394439272598,-1.34610719225,12.3570970443,74.20000000000006
585,0.157192888557,56.505773849,-12.0049057525,10.3488838171,74.20000000000006
586,0.112971488329,-4.19033999377,0.654713916971,8.36563534931,74.20000000000006
587,0.103609479113,-10.1972684485,32.1565928358,-31.9752827731,74.20000000000006
588,0.226069435404,-2.10198064004,4.3518471409,12.0152833451,74.20000000000006
589,0.103453527246,-3.54690340751,0.101266618111,8.82421894605,74.20000000000006
590,0.366262619335,-33.5757692829,24.5295894261,29.9326513457,74.20000000000006
591,1.21228849009,-6.5519953277,1.60079383169,11.5927224553,74.20000000000006
592,0.12254061673,-6.38052034991,3.54339889474,6.81402834094,74.20000000000006
593,0.17755705465,32.8057319445,-38.4586200457,-72.4099472281,74.20000000000006
594,0.137056853952,86.3772646526,-7.3482784199,35.9318233833,74.20000000000006
595,0.177741361446,-11.5374101367,-1.4821506449,7.70735856923,74.20000000000006
596,0.116290184727,-6.730786143,0.597888463107,10.123373359,74.20000000000006
597,0.731790255644,-99.139402019,-15.774698733,-3.16496536527,74.20000000000006
598,0.376804206359,-3.94225315386,-1.03279007055,12.3285168182,74.20000000000006
599,0.550780878144,-9.58600581665,13.7369083857,-8.54642987278,74.20000000000006
600,0.117852779858,-4.46296448738,-1.2165979202,10.3199783066,74.20000000000006
601,0.422410328005,-1.66312925068,0.464176902621,11.0984266755,74.20000000000006
602,1.180024966,-5.82994241486,-0.446220746202,9.52489744902,74.20000000000006
603,0.453289098017,-6.74477915825,-0.00672681755114,9.726730315,74.20000000000006
604,0.556881537585,1.03929650948,2.63416706124,14.9111324034,74.20000000000006
605,0.143207382443,-4.67023713787,0.74652569983,14.6779013815,74.20000000000006
606,8.56341119552,-4.7151820247,0.678019673746,9.94501906822,74.20000000000006
607,0.209695440595,-4.43533856861,3.9902611754,12.1799630567,74.20000000000006
608,0.251859468849,-6.53137876621,1.90914375802,10.4838068759,74.20000000000006
609,1.04308336431,7.29804805581,26.8912861265,8.78108177688,74.20000000000006
610,0.175536820807,-2.28925079693,2.78864625021,10.5265602713,74.20000000000006
611,0.929708716251,-3.49036818255,-2.94933158176,10.3917262099,74.20000000000006
612,0.266084716215,-16.8142458441,-2.05798641199,12.8580598455,74.20000000000006
613,0.146880293557,-6.55297985523,63.6420902302,17.689503676,74.20000000000006
614,0.233356029357,-3.83883830666,-4.25819740045,10.7102411931,74.20000000000006
615,0.275083175352,-8.24775669571,0.345795188369,11.5096610633,74.20000000000006
616,0.158629930681,-4.45825496247,-1.40514466614,11.3036609217,74.20000000000006
617,0.685194055922,-0.00362892960147,-34.0509247006,-0.482263298814,74.20000000000006
618,0.185456086581,-7.28474739773,0.212706808479,5.62960297429,74.20000000000006
619,0.119546690751,22.4981317303,-41.2990802261,-4.83376403823,74.20000000000006
620,0.886892721531,2.03608920822,12.8928058279,-0.814914663054,74.20000000000006
621,0.13717599467,7.15438957037,45.2125682064,-34.7195915289,74.20000000000006
622,0.152437395764,-6.63886558273,0.688156578344,17.5882061124,74.20000000000006
623,0.592029984871,-4.81248113963,-0.129024097526,10.4101252082,74.20000000000006
624,0.116625586501,-5.29301283831,-1.72710373242,9.77328279976,74.20000000000006
625,0.584596475646,-9.07310000057,6.72596599612,4.37540716487,74.20000000000006
626,0.572360228119,-1.85370848212,5.75940299422,67.2777680656,74.20000000000006
627,0.102612624233,32.7863279926,67.3289770818,-10.1084727132,74.20000000000006
628,0.542251437499,-3.52109777361,-3.31572222622,7.13798935117,74.20000000000006
629,0.306147415794,10.2716407089,13.2878856025,-3.37219469182,74.20000000000006
630,0.182038248768,-11.3590825151,5.57264604135,11.7327786143,74.20000000000006
631,1.38428079028,-4.4365253264,-1.4395918935,9.66504381885,74.20000000000006
632,0.478936186606,-2.66483900463,-1.13231021515,9.66016718763,74.20000000000006
633,0.228672379601,-5.09948514776,1.56931309998,9.84029965481,74.20000000000006
634,0.113744709551,-7.08619809412,0.03282725752,9.62005575265,74.20000000000006
635,0.163483063502,-6.9038423958,2.09563049771,12.8535780361,74.20000000000006
636,0.956376189658,-6.2424249118,-2.55424735363,21.3654626635,74.20000000000006
637,0.426231566967,18.1859663638,24.2268995921,-12.1024050469,74.20000000000006
638,0.199558534374,-14.0363085353,4.28506283974,8.24137810828,74.20000000000006
639,0.473906957807,-39.6344003195,42.8757613366,-2.32325452961,74.20000000000006
640,0.252303656192,-18.1685642525,-40.3919681092,-14.3208987852,74.20000000000006
641,0.251976740235,-3.95416307208,1.19645396158,8.38068547076,74.20000000000006
642,0.612443196002,-3.48933479495,-0.501296924668,8.41987014231,74.20000000000006
643,0.254056548964,-1.28261605629,0.173222579827,6.13133746907,74.20000000000006
644,0.974523913743,-26.7717925955,-56.4187062083,-22.8524134492,74.20000000000006
645,1.72586310766,-5.15035266273,2.14112749882,10.2536106683,74.20000000000006
646,0.64745730789,-32.6347597143,25.2966649419,48.6890059869,74.20000000000006
647,1.17061460849,-6.62931070167,0.305427139467,9.41144997474,74.20000000000006
648,0.171560160259,-3.8386094603,-0.545247819783,4.58018012851,74.20000000000006
649,0.235854284357,-10.1581884139,29.6981974977,6.85406873881,74.20000000000006
650,0.34839924628,-3.62008432799,2.18416731711,6.69147619117,74.20000000000006
651,0.316653732248,6.00548130215,-6.89486930467,10.390334106,74.20000000000006
652,0.170395581748,35.3934403545,27.8729820732,7.05424462195,74.20000000000006
653,0.700973232782,-4.79672683502,4.87201478018,14.4220005581,74.20000000000006
654,0.942076579921,-5.92534571665,0.0139855584372,8.39476809249,74.20000000000006
655,0.450055021139,-3.5745332936,-3.43151785758,8.66102023795,74.20000000000006
656,0.125677175338,-11.3327263891,1.80547522812,10.8322764606,74.20000000000006
657,0.120697426458,-21.8310503228,20.9789564616,5.95878394392,74.20000000000006
658,0.201112447178,0.435105532159,-11.3729611968,11.8935699166,74.20000000000006
659,0.126783345163,5.34754825369,8.6812022331,-12.2778244135,74.20000000000006
660,0.255763635344,-7.98534578628,-2.14033049511,11.2966625246,74.20000000000006
661,0.18301338509,-75.1732016801,-15.1749450399,-31.1069304483,74.20000000000006
662,0.325583291491,-2.63717902424,7.95021835358,7.16350382634,74.20000000000006
663,0.264143687638,-5.52903885336,3.72164202795,12.4310348394,74.20000000000006
664,0.434656619362,-4.98045605785,-8.67996133361,-3.23431360276,74.20000000000006
665,0.138005173356,-16.3908308806,-1.03844819066,-9.76112070548,74.20000000000006
666,2.36804975781,4.7248819976,-15.9695791211,-7.93753546534,74.20000000000006
667,0.119193689494,9.51039208757,26.5588206704,-16.3557480688,74.20000000000006
668,0.184976161584,-4.80523474576,-0.0454902934185,7.44613596578,74.20000000000006
669,0.21648111176,-10.7896654731,-53.5329099977,-60.1144690659,74.20000000000006
670,0.317054183077,-4.62584912436,3.4531374275,5.64883905096,74.20000000000006
671,0.183269401185,-5.23747148794,36.8911097994,-64.3649445853,74.20000000000006
672,0.231872160183,-6.48362369791,1.82958149913,10.8541796718,74.20000000000006
673,0.117769455139,-6.01639662049,-8.97723085813,18.2116121575,74.20000000000006
674,0.125001078412,27.9062734148,31.2044936509,-37.0833385947,74.20000000000006
675,0.149417544054,-44.3772638318,36.7175166191,31.1340633954,74.20000000000006
676,0.472702986723,-1.86071568747,1.41338896406,7.86064194874,74.20000000000006
677,0.125495534578,-2.79455376789,3.37887951619,13.8097430599,74.20000000000006
678,0.166382764163,-34.2259704601,6.21284956636,56.9558067578,74.20000000000006
679,0.201674852893,0.274277239936,8.10354240172,12.4986226814,74.20000000000006
680,0.267603761724,-5.18317510952,-0.105100635237,8.7354959118,74.20000000000006
681,0.39393878706,-3.76769139089,1.02371732192,9.94608519616,74.20000000000006
682,5.80830271279,3.4543251751,-3.66313168775,9.98909564706,74.20000000000006
683,0.665637978735,-4.33772637832,0.579381269236,8.60524970608,74.20000000000006
684,0.10044259071,-43.290104556,43.4413108635,81.254112486,74.20000000000006
685,0.106100388713,-1.68551545244,-1.42355190006,9.23400204535,74.20000000000006
686,0.109041709013,-3.61524121097,-3.55883388526,8.45615199403,74.20000000000006
687,0.456637553627,-5.23186262731,-1.71053339944,10.0068573034,74.20000000000006
688,0.228556999333,-7.88175549709,0.316692238368,9.63508535482,74.20000000000006
689,0.757029629969,-30.9587087231,1.55335691083,-70.5696745823,74.20000000000006
690,0.356668997781,12.1518193897,22.5242183411,29.0593505531,74.20000000000006
691,0.329515269987,-3.48665327904,3.16857439446,9.89349585913,74.20000000000006
692,0.145819122815,-4.15738945839,-0.0737540035436,8.72666578857,74.20000000000006
693,0.133419901852,-9.44425706951,-1.48619529164,7.72635456408,74.20000000000006
694,0.10972098135,-3.9879879335,1.48815317491,8.48724771391,74.20000000000006
695,0.381666362298,111.818627758,-15.4803102954,31.4161409836,74.20000000000006
696,0.275868972096,4.81026132607,-3.89344454435,16.6391068906,74.20000000000006
697,0.770837365584,34.5027753573,53.734316658,26.5405033401,74.20000000000006
698,0.21850021305,-3.02496190042,0.535136424437,9.79581024666,74.20000000000006
699,0.222815570181,-0.277096468936,2.90801887992,12.2087873866,74.20000000000006
700,0.375989749113,-37.9959741478,56.5898044075,-33.6148742907,74.20000000000006
701,0.832530834675,-4.64617974726,1.08633694751,7.04039793379,74.20000000000006
702,0.141292622775,-3.87412128181,5.09903717245,5.99253644131,74.20000000000006
703,0.118926225407,2.36988581873,10.6622178581,37.5312431616,74.20000000000006
704,0.330228014357,-12.735328987,10.0399873883,-0.445685148111,74.20000000000006
705,0.101336513946,-7.02195360017,-2.76995824185,10.7910920837,74.20000000000006
706,0.568038239238,-3.37246228866,0.199197476071,6.03878453567,74.20000000000006
707,1.18480502551,-6.39691811565,-0.289485442923,10.6792895604,74.20000000000006
708,0.236334476212,-5.88118318477,-0.970879073388,9.02106869408,74.20000000000006
709,0.228134488776,-6.03697829256,1.07580254995,5.49701435061,74.20000000000006
710,0.139553992489,-2.92632532393,-10.3498100699,-6.70878195105,74.20000000000006
711,0.133185691065,-5.96045483417,1.15298920899,8.61099609693,74.20000000000006
712,0.197720459296,5.41343834207,-18.9504597593,-18.2820030459,74.20000000000006
713,0.43499309692,-7.14152755633,1.2613927453,12.7553621459,74.20000000000006
714,0.295004308528,-6.06385871599,1.94096307659,9.69015029819,74.20000000000006
715,0.78241325353,24.6664552377,-33.5410961827,-33.4816501175,74.20000000000006
716,0.241036050859,-4.63122751992,0.85969441084,9.65620712522,74.20000000000006
717,0.659458316246,-2.90754037441,-1.03738939719,7.8999233165,74.20000000000006
718,0.265814053909,-4.61019837615,1.88454439488,10.178046332,74.20000000000006
719,0.277614524692,-30.7398222131,-18.9354085502,-79.4549585738,74.20000000000006
720,0.942961952531,-4.60935941168,0.533577706617,12.5796306047,74.20000000000006
721,0.173071919555,-10.8812116487,3.53374255718,19.7083837047,74.20000000000006
722,0.144619788147,-6.93567566065,2.08137111126,10.2095868874,74.20000000000006
723,0.925191117488,16.9522149349,18.9537943872,12.9681256453,74.20000000000006
724,0.175429003635,-5.26387435299,-0.360553545474,6.74179990126,74.20000000000006
725,0.2243829085,-27.1660834917,18.8095655342,-76.9214836806,74.20000000000006
726,0.465123455753,-7.96226942064,0.94456262767,6.63762543655,74.20000000000006
727,1.80640372014,-92.9499792305,-30.9848555322,-13.2743250627,74.20000000000006
728,0.212246923433,-6.08376089995,0.849276853676,10.1037802263,74.20000000000006
729,0.142478346552,-3.76917049947,1.77488199255,6.52460918211,74.20000000000006
730,0.103958686628,-17.7921641294,-16.551956838,22.7442089156,74.20000000000006
731,0.468513198797,-5.70747245828,3.18110869856,14.0022983389,74.20000000000006
732,0.370958286749,-22.1468645168,-0.0179393026661,-4.88894939105,74.20000000000006
733,0.496909489501,-5.78641086903,-0.37953187695,8.9990258507,74.20000000000006
734,0.263416345991,-5.83137977359,4.81555037533,8.00095244867,74.20000000000006
735,1.05898863587,-6.47604277286,-1.85108403771,10.4652438925,74.20000000000006
736,0.266303864571,-63.5713911478,-77.8316127732,-38.6745396364,74.20000000000006
737,0.429377092094,11.5015564175,-29.4762552421,-2.23547719471,74.20000000000006
738,0.329102711667,-4.67556542842,0.642164208824,9.95254658466,74.20000000000006
739,2.75245306463,61.3483083995,-11.9417278089,31.8945448223,74.20000000000006
740,0.895150289294,-6.41913162341,-0.449526442111,9.72841275742,74.20000000000006
741,2.04520605373,-4.91548612865,2.33111771701,5.28895560836,74.20000000000006
742,2.27381776098,-4.47180392823,0.975203438388,10.0866409811,74.20000000000006
743,0.107738519545,2.17020740584,4.73816885784,10.0570553968,74.20000000000006
744,0.101100799537,-0.491799113873,-1.25595699605,15.6446979371,74.20000000000006
745,0.171178849729,-20.2439706062,-16.1373727442,-38.4609064975,74.20000000000006
746,2.03677117986,-5.88935687737,0.953387116463,10.4457806066,74.20000000000006
747,0.314716622792,-3.87660251357,7.33076620465,13.0652484326,74.20000000000006
748,0.217655838163,-0.0167243655333,-0.710760107866,6.87539208905,74.20000000000006
749,0.115216346043,-6.12829516987,15.5798472756,15.0069932077,74.20000000000006
750,0.208881998326,0.554975439522,-1.68955065266,25.3329310448,74.20000000000006
751,0.375690615834,-4.98536424744,0.338898168345,10.7456775526,74.20000000000006
752,0.292416365736,0.128386125511,4.13082414478,10.736383002,74.20000000000006
753,0.100345238641,-6.19741543044,3.35481236687,11.1308530706,74.20000000000006
754,0.121610628727,-19.7359784544,-47.8970240471,30.3290676099,74.20000000000006
755,0.246210254791,-6.81962365758,-0.615493381719,10.6486717963,74.20000000000006
756,0.321767220692,-4.89939504878,-3.58852491539,3.92760654232,74.20000000000006
757,0.237972000555,23.0254105504,31.0824678668,-2.23670194494,74.20000000000006
758,0.503951275395,8.35902787979,-14.8467819331,-34.6205048743,74.20000000000006
759,1.72275280432,2.70167192403,11.1133522581,41.725647277,74.20000000000006
760,0.25040836751,2.59697143742,-137.13644984,4.88980429564,74.20000000000006
761,1.40338587057,-3.32597104785,1.29222430708,11.5494319427,74.20000000000006
762,0.24499400373,-3.21206401355,0.977052481975,7.98247010735,74.20000000000006
763,0.938060708513,-2.40512507574,4.66371796682,5.9499969382,74.20000000000006
764,0.158853199773,11.135297206,-5.65642610831,4.89946985051,74.20000000000006
765,0.200849156357,-4.66306456363,1.90166355733,9.80588265141,74.20000000000006
766,0.97105144225,-74.8411476354,-100.302290728,-29.8140848525,74.20000000000006
767,0.917559101853,-23.2448444268,-39.6613682005,33.9014014183,74.20000000000006
768,0.122126567106,-1.44407769604,-2.59325622046,6.92339155434,74.20000000000006
769,0.523793931238,-5.26670760214,2.21314417444,5.32277156817,74.20000000000006
770,0.465182758156,-5.25158682135,-4.19487782589,5.92626799906,74.20000000000006
771,0.342109702796,-99.4235280821,56.1838248986,-15.4860396159,74.20000000000006
772,0.653151771635,-8.21159783808,-2.75827717848,7.83623788107,74.20000000000006
773,0.920785745543,-3.76978112532,2.0243176907,9.97958785616,74.20000000000006
774,0.255546621122,-1.0332879691,-0.186061357697,8.20240994497,74.20000000000006
775,0.750678538813,16.3968988339,27.649022769,55.7570324451,74.20000000000006
776,0.723642352505,-43.508150027,-28.2408541785,-16.9552626351,74.20000000000006
777,1.62727286534,-8.55005444337,9.17018206996,29.5493778745,74.20000000000006
778,0.198505181668,-3.3805928575,-0.971808618566,11.6060693097,74.20000000000006
779,0.194709050054,-7.95264619649,-58.8625636082,-2.24253593785,74.20000000000006
780,0.149245526724,-5.00001235162,-0.0765875093586,12.0565797627,74.20000000000006
781,0.141068610532,-5.82539269443,0.671010779378,10.1476900408,74.20000000000006
782,0.156153751951,-4.83384336129,-5.76324809307,16.7010347209,74.20000000000006
783,0.619364393805,-3.15406520245,1.08994046342,8.74372187831,74.20000000000006
784,1.26943890701,3.45440757783,46.1800191805,-61.52517758,74.20000000000006
785,0.110768699883,-2.92626445322,4.83406388067,12.4068765884,74.20000000000006
786,0.468366545285,-1.89307914009,0.0933263936651,13.0187207088,74.20000000000006
787,0.504076250691,-5.86331746579,-5.50717461862,9.22713303685,74.20000000000006
788,0.239866450204,-2.32898498449,-1.76719349033,10.4390807633,74.20000000000006
789,3.1816581372,-6.55324648166,1.39966698569,12.2941144137,74.20000000000006
790,0.262084146868,-7.63631490903,-10.7365794853,13.1754615751,74.20000000000006
791,0.50489907091,0.709989998129,-1.6285479163,3.45676930583,74.20000000000006
792,0.471788913161,-6.46837667932,1.96313369643,10.3746581724,74.20000000000006
793,0.679061004926,-4.7866088852,-0.0901922264861,9.68999994594,74.20000000000006
794,0.224515700767,-6.13474780678,21.5623859339,-9.11509407587,74.20000000000006
795,0.183681210294,-4.17914704356,6.73588993034,5.56799284292,74.20000000000006
796,0.1359515142,-39.361425434,-28.6649626399,60.4559275229,74.20000000000006
797,0.119679648567,-5.39315836967,4.89284724416,9.80488728889,74.20000000000006
798,0.22655232942,-8.1765608943,-37.9713591559,17.3717899184,74.20000000000006
799,0.143851624604,-17.5659211292,153.774781048,-49.554923451,74.20000000000006
800,1.38007464656,-6.95375468744,2.46876630366,12.2394125526,74.20000000000006
801,0.106193379845,-9.20840188602,4.39772636537,5.22055861826,74.20000000000006
802,0.105294252268,46.3711302963,-73.0179430469,29.5527111093,74.20000000000006
803,0.309611583087,-3.32657738418,0.191016551313,9.4289081273,74.20000000000006
804,0.244065378041,-7.08702361426,-4.46089610456,6.56208838298,74.20000000000006
805,0.210696856472,-11.6603929466,-24.9373982733,10.5477459132,74.20000000000006
806,0.113130385268,-6.81317146634,-0.146932845923,10.1634600764,74.20000000000006
807,0.283355409031,-6.2764612407,2.18700705039,3.74263843211,74.20000000000006
808,0.148629682062,0.329626457239,6.54595159049,10.0344428228,74.20000000000006
809,1.40638789755,-4.48933123805,-0.367036093414,9.59203593912,74.20000000000006
810,0.164425345132,-5.70535852302,13.148508777,13.5224541184,74.20000000000006
811,0.68965845031,-6.54265408363,-0.928876454764,10.1047023701,74.20000000000006
812,1.18638401025,-4.79843820489,-10.0348359505,-5.76927566103,74.20000000000006
813,0.380265255963,-8.96249960965,4.41666035353,7.62585557891,74.20000000000006
814,0.147040170307,2.43323153185,-1.08188864291,9.03305068293,74.20000000000006
815,3.78872595636,-3.80899165733,0.930035296164,8.65304117699,74.20000000000006
816,0.126725790724,-3.46891925061,-2.92870223039,7.02771768293,74.20000000000006
817,0.398372901664,-0.471769048964,-1.03210802859,8.83296637754,74.20000000000006
818,0.145222223355,1.3903176321,-0.691474636669,10.0623700485,74.20000000000006
819,0.276451636915,8.51416492675,-31.1483238997,23.6596415139,74.20000000000006
820,0.289071094047,-4.93411953337,1.00815108665,10.5161994736,74.20000000000006
821,0.376498974651,-4.89666327878,-1.0557413632,10.3434373327,74.20000000000006
822,1.32150501233,-4.67584870923,2.96972156045,9.84333932033,74.20000000000006
823,0.312260973224,-5.23741268457,-0.857227640821,10.6810002327,74.20000000000006
824,0.133269544286,-1.97402556197,1.16112385898,8.945569118,74.20000000000006
825,1.12267363477,-9.57296582344,0.723234496093,10.6240395556,74.20000000000006
826,0.448733282412,-1.55441780295,-2.54756362751,9.37707823395,74.20000000000006
827,0.199634969246,-86.8622368928,51.169409856,-50.9876743438,74.20000000000006
828,0.13904356332,-5.20871885625,0.698531986127,14.2725158237,74.20000000000006
829,0.119040425554,-6.20000325904,0.489647039529,6.36635779262,74.20000000000006
830,0.10576291709,-3.27546524091,10.0424225467,19.5417012039,74.20000000000006
831,0.65306737464,-34.201759204,-33.0944531614,42.6338383601,74.20000000000006
832,0.105182409461,-3.0185195467,4.83437801714,8.49534893053,74.20000000000006
833,1.15738618087,-49.5980637989,-16.0588188159,-13.746182666,74.20000000000006
834,2.76218743536,-6.85841758676,0.426344819735,9.10623404849,74.20000000000006
835,0.505100869442,12.5183680402,-3.48412934167,27.9441782924,74.20000000000006
836,1.12193204889,-5.32236921878,2.40776685753,9.28566357765,74.20000000000006
837,0.142376605695,-5.22156093244,0.633035989937,10.7823030454,74.20000000000006
838,0.907484784991,-3.21743147395,-1.859325739,10.0374330294,74.20000000000006
839,0.739543506556,-5.43786938604,-4.46484397115,11.3958864868,74.20000000000006
840,0.103628195781,-6.2071405271,-0.729675775826,13.4373169055,74.20000000000006
841,0.161184158329,25.2616044326,38.3575572318,-30.3928969483,74.20000000000006
842,0.208864303581,-29.8455026564,5.0074945134,20.1612782318,74.20000000000006
843,0.24883220743,-34.2355364974,-10.3696234943,14.5757342914,74.20000000000006
844,4.33159498702,-4.20338541657,0.45514390476,9.7457156281,74.20000000000006
845,1.25590744517,27.0297013071,-83.1115043416,-93.890215424,74.20000000000006
846,0.178737648312,-10.1189194834,0.00966867277384,8.32590408385,74.20000000000006
847,0.18964314059,-4.77781512806,-2.58465604541,10.7054560457,74.20000000000006
848,0.471837045482,-7.55017498912,-0.158125454454,-0.226596827209,74.20000000000006
849,0.223058600427,-2.86433283937,2.61126688905,14.200527208,74.20000000000006
850,0.369484277168,13.3840325793,7.34809320995,42.3094861032,74.20000000000006
851,0.10965772214,-3.59591805505,3.9731398313,7.51692651216,74.20000000000006
852,0.238843475292,-6.6583210449,0.8733799822,12.5614873373,74.20000000000006
853,0.301947357659,-0.650310635369,7.67712529315,7.01886298881,74.20000000000006
854,0.170907088966,-6.40379905793,9.18154183962,21.154583752,74.20000000000006
855,0.779901439779,-6.4976924005,0.310032765006,11.3967474697,74.20000000000006
856,0.493305189747,-3.56042820276,1.6149446334,7.73473733383,74.20000000000006
857,0.16799257307,-6.64829702426,-1.34740819173,5.00758578456,74.20000000000006
858,0.133163080039,3.74714384391,-7.87854794418,9.93937398512,74.20000000000006
859,1.44992869224,-2.26893270315,0.541292199243,7.96411020248,74.20000000000006
860,0.215280294786,5.84943147967,-41.942491127,-2.98854410524,74.20000000000006
861,0.208778038315,3.97266025975,-5.08566390732,12.5055682441,74.20000000000006
862,0.478230893173,-12.0012323006,-1.70932073197,9.96844042112,74.20000000000006
863,0.616435278771,-2.26647353029,-1.94977949928,9.44625410357,74.20000000000006
864,0.174111854928,-6.27263549846,-0.155119751022,7.55453239052,74.20000000000006
865,1.23486986752,-8.25174226864,1.52630910491,9.79343695202,74.20000000000006
866,0.32097816498,-6.03808932781,4.20092414889,14.1490827636,74.20000000000006
867,0.121610370398,-6.33951534035,-0.163846733119,12.3783165627,74.20000000000006
868,0.314353013911,-2.8189103446,3.84750249119,11.8252159016,74.20000000000006
869,0.165780570727,-0.76217172479,-6.11612354322,9.28562747649,74.20000000000006
870,0.10621221823,-6.29447202859,0.0545466342007,9.35109897334,74.20000000000006
871,0.232011158906,-52.0323366855,29.4876415021,52.751768541,74.20000000000006
872,0.224666584135,-7.93551230486,13.567885768,-17.4675647765,74.20000000000006
873,0.130129948649,-10.8176858374,1.29138546989,9.81703470211,74.20000000000006
874,0.257645713738,-10.7741345811,-24.6802040004,-17.997437228,74.20000000000006
875,0.183545867179,-5.38154932637,10.1806543456,13.6679844589,74.20000000000006
876,0.203086593305,-4.62594957982,0.28229575703,10.3838129639,74.20000000000006
877,0.159301788193,-3.28314537472,2.77782108076,11.6273238484,74.20000000000006
878,0.13102069896,-7.21845318618,0.117301998225,11.1676804204,74.20000000000006
879,0.153603676211,101.970415582,-13.1106321513,-29.5589539909,74.20000000000006
880,0.160034759228,-2.48225391199,0.688001007031,9.19301095082,74.20000000000006
881,1.82417282142,11.026618913,-24.9890883907,-22.2273953584,74.20000000000006
882,0.132341372639,-3.5722098814,0.153872062529,11.2069343215,74.20000000000006
883,0.233548817633,-6.89695246731,-1.60238758563,3.52611607719,74.20000000000006
884,0.212426356109,-4.55784424417,-0.0945218417498,10.7448506483,74.20000000000006
885,0.102465285399,-3.20098345769,-2.80660497951,6.05458915679,74.20000000000006
886,0.13432160574,0.107808918947,7.96189173763,10.0456466063,74.20000000000006
887,0.14530516642,24.2030791941,-19.368295353,35.0446819819,74.20000000000006
888,1.68676777855,-11.4377195894,33.709541361,9.7965146863,74.20000000000006
889,0.729909098206,-0.825220452968,20.0185688719,7.49501212135,74.20000000000006
890,0.354585301801,-4.62523978184,0.277903218321,10.0676680452,74.20000000000006
891,0.341418939501,-3.14709893333,0.127387835721,8.5729315099,74.20000000000006
892,2.6944415378,-4.73009505957,0.334650009372,9.45960067393,74.20000000000006
893,0.464127748535,-10.4675724382,8.59389907098,5.78045255864,74.20000000000006
894,0.920525337676,-4.96052015853,1.44590977401,10.2702702611,74.20000000000006
895,0.297376942122,-2.3466857455,2.86802977484,-8.46934029878,74.20000000000006
896,0.512263628726,-37.4950849077,22.0159787737,91.6644879571,74.20000000000006
897,0.500704557205,-6.38825349252,4.97222540721,12.3812457417,74.20000000000006
898,1.71117375035,-30.8182770652,-32.5907813273,26.6736804583,74.20000000000006
899,0.322647187671,-5.30690867713,4.39975559219,12.463350193,74.20000000000006
900,0.576968815259,-5.67859696204,1.11498598847,8.94213802241,74.20000000000006
901,0.139808109323,30.9820674653,-56.0133194161,-19.1223361061,74.20000000000006
902,0.372327709267,-4.19839074866,1.01543791658,9.77357609624,74.20000000000006
903,0.133022600711,-5.38469996733,0.372835582583,11.6324527496,74.20000000000006
904,0.303942142798,-10.8778616679,-19.0742938561,0.181204577214,74.20000000000006
905,0.100945932904,54.1305840909,-9.53088627935,10.8865672841,74.20000000000006
906,0.804682987537,15.5403717834,54.6234123107,18.2438440954,74.20000000000006
907,1.19218838978,29.0974715528,10.7955092763,22.7524091657,74.20000000000006
908,0.26862052207,-14.3972056068,14.6769296202,17.3129351031,74.20000000000006
909,0.942770084224,33.7866600479,25.3798343034,10.7413578103,74.20000000000006
910,0.257335314995,-5.04411863471,-6.48283036051,7.35817142816,74.20000000000006
911,0.330641499316,1.21408146377,8.43226568299,19.951115344,74.20000000000006
912,1.39770017747,-5.03289929118,-0.356343134844,9.33529415978,74.20000000000006
913,0.300962712212,-4.94043431141,-6.33157059924,12.7843636489,74.20000000000006
914,0.272334173791,6.70102520565,-27.3342542268,-3.19044464078,74.20000000000006
915,0.12922358116,-34.2754611996,39.4858107738,52.3729647491,74.20000000000006
916,0.213229495468,-2.87610953932,-1.14340040795,12.2583628007,74.20000000000006
917,0.1797914889,9.24661076813,-25.4143059287,53.0729299079,74.20000000000006
918,0.337803161536,-67.4299944284,14.9100554421,-108.409878797,74.20000000000006
919,0.684573872533,-39.6439275285,-19.2618362649,38.0267816302,74.20000000000006
920,0.198798667406,29.0707264331,63.1048003454,77.1014008452,74.20000000000006
921,0.217839465405,-4.46610473007,-5.89790868201,10.7990489969,74.20000000000006
922,0.11280580065,-3.5257158443,3.98968969652,19.6909366087,74.20000000000006
923,0.104293879449,-12.9668869922,-65.855522038,-17.9136833107,74.20000000000006
924,0.191212379726,-1.79552244754,-2.69587719692,9.30255321059,74.20000000000006
925,0.109293430229,-14.252228907,-16.7392546374,-40.4253330429,74.20000000000006
926,0.369001244335,21.7792169439,34.4046920447,2.67734174816,74.20000000000006
927,0.101577355439,-4.74467510208,0.394727559063,8.59421854185,74.20000000000006
928,0.459564798007,13.8883737273,-53.8425746438,80.892204282,74.20000000000006
929,0.148063458205,-1.9495838077,1.9863120634,7.85466213,74.20000000000006
930,0.670156715004,0.815646855098,3.96497637757,13.4829934057,74.20000000000006
931,0.189271545343,-2.40134069601,-0.489181617264,11.8612340694,74.20000000000006
932,1.87259298401,-1.43302090998,0.665201633976,11.3539039816,74.20000000000006
933,1.51318513994,9.35612599596,9.99422784265,-14.8558075,74.20000000000006
934,0.387206801707,-4.35907464027,0.364507836634,10.1209257583,74.20000000000006
935,0.127429445427,-8.71805045459,-2.01629193136,10.3224411767,74.20000000000006
936,0.348985226991,56.2522732553,-45.5109722301,-69.4123351621,74.20000000000006
937,0.10377894857,-4.13552160502,0.907154613722,10.4123844953,74.20000000000006
938,0.232562779258,-25.0089136008,85.1645280986,57.6441311555,74.20000000000006
939,4.3328639526,-6.9561266929,-0.00666831192562,10.0424143277,74.20000000000006
940,0.152513710143,-8.57583562284,-1.44506893534,11.5094780943,74.20000000000006
941,0.732762633126,-7.66835149901,-0.0822717436526,9.65968893342,74.20000000000006
942,0.364973321361,26.1415090597,6.70199150953,-9.74638921073,74.20000000000006
943,0.10813568007,-7.01665786477,3.97752504481,8.26444735918,74.20000000000006
944,0.279442292322,8.15953682677,-67.6002805778,-64.5861599255,74.20000000000006
945,0.18090436379,-5.02017657008,-0.149467935183,7.87044845419,74.20000000000006
946,0.534807628514,-6.40808339206,-0.560129012287,11.7354802476,74.20000000000006
947,0.262285084559,-14.8360235053,5.33551784289,12.0421693153,74.20000000000006
948,0.303754406813,1.64272078401,-5.28534361171,2.51178045385,74.20000000000006
949,0.244075096153,2.09785105871,-3.91346873307,7.82422232998,74.20000000000006
950,0.522945092022,-4.64372380617,-2.4598916507,6.39996178667,74.20000000000006
951,0.635028439762,48.0199750192,30.3057048241,-10.2939643276,74.20000000000006
952,0.143677676617,-2.72993648537,-4.12861195763,5.29437319563,74.20000000000006
953,0.318909897405,11.1839194533,5.02131917138,2.02357527743,74.20000000000006
954,0.129035867118,0.212428748311,29.5047196742,-2.66045211477,74.20000000000006
955,0.676603453718,-6.35252628738,0.484507093241,10.4111583219,74.20000000000006
956,0.22709200929,-2.17231926783,15.0309888696,-38.4341497284,74.20000000000006
957,0.459072740443,-5.36948747976,-0.462831446859,9.2274495023,74.20000000000006
958,0.524957814414,-5.44838154231,1.18218009383,11.7427211459,74.20000000000006
959,0.101401871324,-7.75001511003,1.22627399141,11.9263391613,74.20000000000006
960,0.206425465836,12.633505481,-37.3798540843,9.17500492666,74.20000000000006
961,0.148564456196,1.45687852081,-4.1175158402,10.1761231073,74.20000000000006
962,0.214608702593,-1.34610327776,3.20935089913,8.94613087394,74.20000000000006
963,0.571998144668,-13.3814610617,5.38511641199,2.01150000717,74.20000000000006
964,0.324223572344,14.5013282696,-22.2424584702,-29.3387885141,74.20000000000006
965,0.118481381287,-12.2765084422,12.7375741355,9.73975816631,74.20000000000006
966,0.277041823418,14.4520105368,-41.165052882,28.4808746241,74.20000000000006
967,0.109536933096,-6.40681235265,-1.70945855187,3.5563154356,74.20000000000006
968,0.219231778336,-3.2592983695,0.934879528312,11.5728252888,74.20000000000006
969,0.559772462044,-10.3060901686,-2.32495433791,16.2563589363,74.20000000000006
970,0.382167400146,-13.0113877984,-3.09157814302,1.26232513517,74.20000000000006
971,0.140230988764,69.8817783578,-33.1253483335,-3.50046050568,74.20000000000006
972,0.384385472568,-41.2551758576,23.4357363205,-11.0230618535,74.20000000000006
973,0.623416906086,17.1766283525,-15.5955785845,-13.0569491364,74.20000000000006
974,0.276794892659,24.2079667925,21.1138615537,20.765910439,74.20000000000006
975,0.226467806969,-2.264808228,1.09352067679,8.30263933429,74.20000000000006
976,0.203745232868,-5.36612849315,40.0452605347,9.92406881354,74.20000000000006
977,0.44078136284,-5.09096182126,1.32360886037,10.0077794437,74.20000000000006
978,0.108555046833,-3.81993128428,3.52411605873,10.6267701049,74.20000000000006
979,0.29832507026,0.854845921576,-11.9945360092,11.2341691848,74.20000000000006
980,0.384944175942,-12.7272268554,0.132004496368,23.8912752009,74.20000000000006
981,1.07535947593,-2.59446026458,74.2200417004,98.0466548591,74.20000000000006
982,0.560592239802,-5.56447571918,0.145663954028,9.86517641096,74.20000000000006
983,0.123964538014,1.80064157432,-21.5246688347,-16.088986633,74.20000000000006
984,0.10093864304,-2.9105224165,-6.00186341173,5.18770697026,74.20000000000006
985,0.48674011495,48.3167268739,22.2109082182,-10.0158016341,74.20000000000006
986,0.148062319753,-8.97608276143,9.89595342512,4.39631632762,74.20000000000006
987,1.18022511429,-2.71075467367,0.219262505149,10.0123264848,74.20000000000006
988,0.130631146549,-27.927363582,-54.5025486055,-82.1842077859,74.20000000000006
989,0.155078544679,-27.2233588505,15.680109854,-9.24174055249,74.20000000000006
990,0.598342913019,108.834648617,-56.1556262427,-64.9422799402,74.20000000000006
991,0.309183694181,-7.49311909614,1.34706926832,12.0269702504,74.20000000000006
992,0.829134513285,-7.3550873865,0.652882320785,9.82691160141,74.20000000000006
993,0.16683195793,-5.39905781491,0.953593131116,7.93288208203,74.20000000000006
994,1.02026244623,-5.60307510151,1.04262999148,7.00441316919,74.20000000000006
995,0.228406924837,-3.00608286668,3.49230887857,9.70277548906,74.20000000000006
996,1.20765581522,-5.34979520244,-0.992457315623,12.7685329239,74.20000000000006
997,0.246945404535,-5.31499838327,4.14491570202,15.6103126947,74.20000000000006
998,0.18926955895,-15.3660103135,-31.7197903929,35.5246565974,74.20000000000006
999,0.142004211628,0.567918180475,-2.04735271077,9.15689247706,74.20000000000006
