Star_ID,Mass (MSun),X (pc),Y (pc),Z (pc),Simulation Time (Myr)
0,0.107791241943,-19.0556816262,0.903993773999,-4.03553239468,81.09999999999967
1,0.126714977362,-29.5412492456,-0.611764464274,-5.62080406124,81.09999999999967
2,0.129330845067,-23.2328213623,2.49586496569,-3.24659116184,81.09999999999967
3,0.365210014217,-9.20121059719,1.61682447802,-11.9173165588,81.09999999999967
4,0.414468400521,-22.0543927267,-1.07388139332,-5.70566143438,81.09999999999967
5,0.685503251604,-48.6622326419,-30.5768015708,44.6114545145,81.09999999999967
6,0.181637756348,49.9242306315,20.5920121629,-33.3649649576,81.09999999999967
7,0.198187117773,-19.6912917816,2.94568661391,-7.00567044056,81.09999999999967
8,0.173312339748,-19.4094260412,-2.07022235502,-5.15786169388,81.09999999999967
9,0.536320073366,-67.0856872053,-33.390995579,-109.874995849,81.09999999999967
10,0.879533199418,-27.6993699327,14.3511824063,-34.2293305968,81.09999999999967
11,0.121886982013,-21.0901052054,0.299213098925,-3.83562130791,81.09999999999967
12,0.157773082337,-1.67423615027,12.8813288313,-15.1000644986,81.09999999999967
13,0.127631548913,-15.1244008325,2.40127003679,-0.22467759957,81.09999999999967
14,0.129247191121,-10.2185905453,-3.20137909906,-11.9994525427,81.09999999999967
15,0.273121617045,-21.2689801991,-0.433491598751,-4.53159610233,81.09999999999967
16,0.115279440461,17.0442075809,1.07779696149,89.8854749901,81.09999999999967
17,0.209041196038,-20.4856202669,-1.34538377098,-4.83049835396,81.09999999999967
18,0.17027511784,-17.9101542452,1.87811487964,-3.20197129586,81.09999999999967
19,0.264187581738,-3.86307113461,-28.2253748259,11.3533162787,81.09999999999967
20,0.294848773557,-22.4872213218,0.37815186477,-5.90288669048,81.09999999999967
21,0.979267407495,-29.7025393918,-18.3599901284,-64.807275228,81.09999999999967
22,0.297988957312,-34.3208673614,-24.1946069615,44.8546950665,81.09999999999967
23,0.102142852595,-19.7055238128,-0.653315695785,-3.3087984601,81.09999999999967
24,1.18957192821,43.2129184205,98.9574258416,-37.5025463681,81.09999999999967
25,0.629024656795,-18.2744033919,-0.507993508169,-6.63578002532,81.09999999999967
26,0.391754411592,-18.5544346557,-0.481343563033,-3.83299798041,81.09999999999967
27,0.296513991811,-21.27018825,0.591849904572,-4.29693617133,81.09999999999967
28,0.457463169273,-19.7788208471,1.44582458012,-3.27625190215,81.09999999999967
29,0.261846878318,-26.2549592737,-5.69240970364,-0.625590639229,81.09999999999967
30,0.11428227691,44.5962188311,48.8391830261,-24.4028743056,81.09999999999967
31,0.203066008256,-19.0239279769,-1.32874442638,-7.57683032981,81.09999999999967
32,0.103884657555,-21.4484203647,4.8028439609,-1.16523413339,81.09999999999967
33,0.172409196877,-15.0494705045,51.7305773775,-92.5703757353,81.09999999999967
34,0.292591254336,-19.6441388024,-1.11084616616,-0.30518048316,81.09999999999967
35,1.03062250806,-21.8446421272,1.71449209471,-6.46382185643,81.09999999999967
36,0.406395899436,-17.4256280183,0.0133404791793,-4.00812593828,81.09999999999967
37,3.58760525536,-19.655899802,0.201654308905,-4.64923739455,81.09999999999967
38,0.10658591237,-21.1054322531,-1.98925616473,-5.12402671237,81.09999999999967
39,0.789358066732,-14.721032252,-0.0459899164711,-5.88958220983,81.09999999999967
40,0.540739620409,-18.326559376,2.85402413685,-4.74471051716,81.09999999999967
41,0.356203846666,-17.9446201604,3.60948618537,-4.40557365336,81.09999999999967
42,0.191014323067,-14.192613913,0.779402608124,-0.236628133974,81.09999999999967
43,0.132138855412,-25.2432476965,-3.29792980224,-3.66704082336,81.09999999999967
44,0.772765065865,-20.7263795581,-15.5873349636,-13.9161913578,81.09999999999967
45,0.141378384308,-17.4117536717,2.02657280217,-3.28319829446,81.09999999999967
46,0.108299961011,-3.04781592209,3.63044719023,8.40466465616,81.09999999999967
47,0.806699484591,-17.0027590972,-3.5958034529,-0.104046002701,81.09999999999967
48,0.363063190738,-19.3702836956,1.37761060451,-2.97653895991,81.09999999999967
49,1.18917078883,-18.8053604969,-0.612366685614,-4.22524754425,81.09999999999967
50,0.296119136988,-17.7729786559,-3.22948486524,-6.7982728337,81.09999999999967
51,0.144977771658,-19.7987885488,-5.53146793014,-3.91310233628,81.09999999999967
52,1.94261695458,-17.1131865745,2.37744321298,-4.4348590439,81.09999999999967
53,0.283172277532,-27.7521356938,-7.45994827914,-31.1912515785,81.09999999999967
54,0.168604511275,-13.0535967707,-32.456739072,-6.575218375,81.09999999999967
55,0.224035660604,-27.3399849793,-4.96450997328,-6.73457894146,81.09999999999967
56,0.23523343415,-18.8767889528,-7.26549896633,-7.34109163096,81.09999999999967
57,0.813072396191,-8.91780397899,-11.8956457009,0.160792226244,81.09999999999967
58,0.265946310077,-15.9633146153,6.27242873904,-7.19457129729,81.09999999999967
59,0.40136343178,-17.5229225242,-1.13800191151,-5.69968166013,81.09999999999967
60,0.194921312349,-17.425397456,-3.1267127519,-3.28936930223,81.09999999999967
61,0.114661541466,-3.39364935593,-0.339217820336,-5.42426133819,81.09999999999967
62,0.12465019753,-19.3154736122,0.903052116191,-3.69696084362,81.09999999999967
63,0.243925097668,-21.3341156994,-1.48381964677,-10.5962560875,81.09999999999967
64,0.236599604425,-24.5046546251,14.5278362428,-12.3292652,81.09999999999967
65,0.707654219206,-18.1808211892,1.15900395974,-5.6797837984,81.09999999999967
66,0.144384888144,-20.5536317677,0.301200651768,-5.17926229925,81.09999999999967
67,0.735406854411,-21.9540403878,-0.90991756425,-4.28872189714,81.09999999999967
68,0.526362777525,-17.7759964054,2.98161531228,-8.10421720646,81.09999999999967
69,0.121522664132,-17.1887649819,7.38299407174,-9.11964098973,81.09999999999967
70,0.164136757017,-4.13859260123,46.8727393149,7.74196779739,81.09999999999967
71,0.116871410396,-21.6383347207,-1.4351759424,-7.52105441336,81.09999999999967
72,0.20620520584,-19.4977860567,-1.37185812478,-7.67650280388,81.09999999999967
73,0.483974960677,12.6170310206,-15.8974936314,19.0595659126,81.09999999999967
74,0.683649224345,-15.8262168427,0.4080414581,0.779042737176,81.09999999999967
75,0.101043179946,-15.71377676,-3.06160876833,-9.53358591509,81.09999999999967
76,0.326751224223,-14.0818504128,-3.72455849974,-4.93360841447,81.09999999999967
77,0.200256059541,-20.1367264735,-38.832702511,-5.02899529551,81.09999999999967
78,0.360508532807,-12.7732764465,8.58162152097,-18.6654407425,81.09999999999967
79,0.482452069123,20.8289772382,-28.2438353248,-13.6381919414,81.09999999999967
80,0.565277985312,-17.6351335257,-1.55321661582,-5.94803932508,81.09999999999967
81,0.234359938944,-19.9646817603,-2.61927742342,-0.530124194005,81.09999999999967
82,0.452344132048,-20.3446532604,3.13954377947,-3.34015307634,81.09999999999967
83,0.283070427991,-35.8543292061,13.5567867007,-3.76505669591,81.09999999999967
84,0.144116718,-22.1067848281,6.13746227865,-2.60707777163,81.09999999999967
85,0.127825285324,-19.1545904481,-39.4303410657,38.8593178227,81.09999999999967
86,0.250119335773,-22.1910659462,-1.38082837365,-5.4396400155,81.09999999999967
87,0.510419153976,-14.5350803527,-0.165557290712,-4.91702156998,81.09999999999967
88,1.4582372735,-17.3058815635,-2.82500457228,1.91520817972,81.09999999999967
89,0.190793886472,-16.4736850457,2.63512705859,-6.51766190123,81.09999999999967
90,0.198564093694,-17.8489027016,-5.67568891921,-4.84000836041,81.09999999999967
91,0.168905370902,-15.1182525166,0.0430028556277,-4.93157206888,81.09999999999967
92,0.167657143695,-21.87618624,6.80044646307,1.9049995499,81.09999999999967
93,0.43668695072,-19.9830672313,-0.773812227795,-7.96492225314,81.09999999999967
94,0.276819144139,-15.1532581332,-0.373417212747,-3.83520677057,81.09999999999967
95,0.351234673098,-19.4074991065,2.21447049669,-7.83347695343,81.09999999999967
96,0.136096409764,-26.9814727664,2.21897358319,-6.38660954687,81.09999999999967
97,0.321015282994,19.6848543469,42.7738705163,34.4199090672,81.09999999999967
98,0.16046697493,-21.5764327233,2.69279221705,-1.82631341024,81.09999999999967
99,0.442430143608,-20.5073349022,-1.50238650298,-2.9338430465,81.09999999999967
100,0.219274348032,-17.7317250464,3.9191479119,-8.24070916134,81.09999999999967
101,0.229030790017,-18.9522412752,3.05816808437,-3.53207697818,81.09999999999967
102,0.23845625297,-11.9743397862,4.99919025518,-10.7030962891,81.09999999999967
103,0.18899266115,-21.7714933324,2.66389450222,0.227048327659,81.09999999999967
104,0.567115903186,-16.6882951703,-8.05249725535,-5.50185478877,81.09999999999967
105,1.07483762404,-19.1638279616,1.17559686209,-5.54212555072,81.09999999999967
106,0.384597627302,-16.2477209018,1.06378048485,0.1260742612,81.09999999999967
107,0.180090208859,-16.2627464285,-6.63342481611,-5.57247204958,81.09999999999967
108,0.113083222219,-20.6197610822,-0.282264296159,-7.02573332157,81.09999999999967
109,0.273620526254,-24.9194425985,58.661054043,121.673103699,81.09999999999967
110,0.157841283908,-17.043357041,0.715710924145,-5.48847986656,81.09999999999967
111,0.319600780011,-18.3946897171,-5.59682908271,-2.58438231156,81.09999999999967
112,0.229401284522,-8.92654314645,-9.29048899997,-0.177708444819,81.09999999999967
113,0.309875060575,-20.8070794304,-0.65469388914,-4.04733590703,81.09999999999967
114,2.87592615403,-21.2128187117,-1.52033694622,-3.9048881543,81.09999999999967
115,0.263308119226,-19.8294517871,2.82616904188,1.98510957211,81.09999999999967
116,2.06145795566,-20.1317457711,-0.409292679799,-4.91868996707,81.09999999999967
117,0.188915961802,-11.3872861497,7.32348977071,-5.96175923244,81.09999999999967
118,0.927734422315,-18.8613954151,-2.31626805186,-5.27297792785,81.09999999999967
119,0.381757978634,-12.9877822565,7.65193143201,-28.3264788919,81.09999999999967
120,0.121374257184,-21.3557304541,-8.75101757416,-9.17853164838,81.09999999999967
121,0.368647405307,-13.1761828267,-1.71679541238,-10.514569174,81.09999999999967
122,0.312824571316,-18.0068197508,-1.21048767362,-3.03481647366,81.09999999999967
123,1.0171894868,-20.0893405069,-2.49161593307,-3.60039771591,81.09999999999967
124,0.110064924857,-22.1250885623,4.78589136097,1.05299664713,81.09999999999967
125,0.170148565375,-21.130034182,-0.804239614505,-3.44525032845,81.09999999999967
126,0.121347996796,-13.7953429163,-3.96806598371,2.2062273105,81.09999999999967
127,0.642094917598,-17.0074218681,1.91187730779,-6.35502562851,81.09999999999967
128,0.654249886898,-21.5073370086,2.68785697711,-7.2731426114,81.09999999999967
129,0.903024466129,-18.1002977612,-0.871994128782,-2.89897557224,81.09999999999967
130,0.23090619647,-21.3154560996,2.76083697316,-7.5629018587,81.09999999999967
131,0.21634355549,-28.033412595,8.02041101247,-4.61267081192,81.09999999999967
132,0.165198155973,-23.6449685672,41.1110943578,24.2648268111,81.09999999999967
133,0.115732548632,-19.3731855313,-2.28064756044,-5.75955496952,81.09999999999967
134,0.446151298863,-14.7563680368,-1.86176190501,-6.11372226958,81.09999999999967
135,0.565338099383,-15.432411627,1.22731050356,-5.75718600454,81.09999999999967
136,0.562404112501,-19.629337863,1.5641769079,-4.62009200513,81.09999999999967
137,0.21205913152,-20.4911769536,-2.05267837609,-4.04368422675,81.09999999999967
138,0.327652847489,-20.3763853268,-2.41363852968,-3.19922004283,81.09999999999967
139,0.281214607039,-17.9935664057,-2.50438105665,-4.66839849912,81.09999999999967
140,0.389326624757,-65.3186849462,89.0517573301,-65.8656781499,81.09999999999967
141,0.356106433516,-18.0361106893,1.75771584027,-3.96891834025,81.09999999999967
142,0.139805124116,-19.3180870048,-3.93458896776,-6.44281298648,81.09999999999967
143,0.274783112866,-60.8394741616,4.11405968444,-64.7486437302,81.09999999999967
144,0.315016042896,-20.0983901432,-1.19415210527,-4.05367145912,81.09999999999967
145,0.166588791056,-15.0120005333,3.82780309571,0.0850305051876,81.09999999999967
146,0.376739303306,-16.4531992398,-3.08918614379,-5.44236488706,81.09999999999967
147,0.256370695642,-20.3607126258,-1.64717692941,-3.94583095269,81.09999999999967
148,0.782738282296,-19.4241515528,-1.88754395338,-4.16703958059,81.09999999999967
149,3.16793741247,-19.8006682709,0.222670532943,-8.23822005382,81.09999999999967
150,0.278310459055,-18.2231888482,1.83657570889,-5.95611686494,81.09999999999967
151,0.625489196796,-51.1903732549,17.0090965562,-10.4366607556,81.09999999999967
152,0.661031657905,-16.2914054443,-2.31315121126,-1.18393289117,81.09999999999967
153,0.383430884574,-22.9763276212,-0.857433158195,-11.1996433288,81.09999999999967
154,0.239992831219,33.1132525508,-50.4253517434,-43.6590826289,81.09999999999967
155,0.163742051148,42.9670102725,74.6161670026,8.98252358561,81.09999999999967
156,0.33210371203,-23.2315614391,-4.48510344491,-22.221583352,81.09999999999967
157,0.281694291644,-20.3060777655,-1.15934639697,-6.02398655438,81.09999999999967
158,0.188157055711,-19.9160235742,-3.62528176844,-6.57707434526,81.09999999999967
159,0.181088023832,-22.8571346401,-7.41608243747,-5.04897951312,81.09999999999967
160,0.252400315184,-19.6630184627,1.90048974444,-5.78755174596,81.09999999999967
161,0.887803713554,-20.6840262101,0.741236667341,-8.04833576668,81.09999999999967
162,0.46707517404,-17.3169950212,4.12240337861,-7.2369255758,81.09999999999967
163,0.139062036101,-11.6676731585,-3.32168145934,-6.62664312416,81.09999999999967
164,0.105995749072,-18.1873151495,0.021610850309,-3.58893556858,81.09999999999967
165,0.248191226642,-20.9661671908,1.25254846506,-3.93898443768,81.09999999999967
166,0.221775623333,-19.8534685541,15.7894254242,-14.0511071159,81.09999999999967
167,0.137187246419,-17.929775491,-3.66429242083,-2.11476882825,81.09999999999967
168,5.33538069972,-19.112742841,0.139610110247,-4.47705584015,81.09999999999967
169,0.107493071778,-19.8318323707,0.550955948225,-3.95148022625,81.09999999999967
170,0.317565124543,-18.4569643567,6.74574031188,0.861065883827,81.09999999999967
171,0.145639807039,-20.6223518609,-1.26791650949,-4.92900897324,81.09999999999967
172,0.15465904235,-23.3277637205,4.49465561815,1.06385221165,81.09999999999967
173,0.105958357241,-16.683812868,0.428844097701,-5.91735503092,81.09999999999967
174,1.25139106733,-34.8136910046,4.70770066869,21.6453988065,81.09999999999967
175,0.131298213083,-15.7232523097,-2.68636763295,-17.6707918516,81.09999999999967
176,0.645570630417,-20.1123212671,0.753433687848,-5.07738243675,81.09999999999967
177,0.110521164032,-18.4839083795,0.712522643466,-6.14813413045,81.09999999999967
178,0.116693333004,-3.45453972082,-43.2535556981,-43.4398609718,81.09999999999967
179,0.505631880113,-19.0373091909,-2.80816176461,-1.97406273381,81.09999999999967
180,0.204387384211,-19.7311286778,-8.63372057466,-8.83487965905,81.09999999999967
181,0.726122596875,-18.4968153535,6.30993051267,-0.683116019081,81.09999999999967
182,0.153149042355,-23.4751658316,-0.639855259554,0.266957849472,81.09999999999967
183,0.176593246613,-18.5333547385,0.148639214368,-6.93093075341,81.09999999999967
184,1.43913446116,-19.6712595321,4.87932802327,-2.55941509538,81.09999999999967
185,0.604517675327,-26.2419907485,1.82038490369,-1.16765531874,81.09999999999967
186,0.306734099177,-23.4337198339,-6.78178481084,-7.88273229046,81.09999999999967
187,0.267359414714,-16.5062684716,2.17707835244,-10.2829383028,81.09999999999967
188,1.11201010404,-7.38925412483,-1.39875932225,-5.93872647864,81.09999999999967
189,0.128788708416,-15.7486640722,-4.46258244155,-8.21997427398,81.09999999999967
190,0.356427324611,-24.4621570371,-0.00258212795487,-6.69148149691,81.09999999999967
191,0.358420378049,-20.4660784576,-1.17444624094,-3.9258187877,81.09999999999967
192,0.240243525835,-17.1357348993,-1.97626768518,-2.84877926678,81.09999999999967
193,1.12178865235,-19.0287471191,0.757790989823,-5.06179188675,81.09999999999967
194,0.101439594761,-22.5258507008,-2.22532126336,-4.23466018492,81.09999999999967
195,0.158038293358,-32.2724540696,-4.38127143047,-19.4466141152,81.09999999999967
196,0.561539364539,-16.5844605002,0.0145877518557,-0.351276559594,81.09999999999967
197,0.578918091902,-20.8259337842,-0.0486894961473,-6.43402654254,81.09999999999967
198,0.360983679974,-18.045751722,1.18464144684,-4.62061724834,81.09999999999967
199,0.158741230908,-15.8195617531,-3.63673922096,-7.40642432349,81.09999999999967
200,1.08940246273,-17.844726196,2.85570738803,-8.5144207807,81.09999999999967
201,0.145223893876,-23.1212771549,0.18627168461,-1.10410049413,81.09999999999967
202,0.476566850719,-22.0511623033,-3.82970594225,-4.03858229555,81.09999999999967
203,0.347969526854,-93.2597696037,-2.56370411685,-32.1963204402,81.09999999999967
204,0.206016498386,-21.623796166,-16.216188971,-2.76283139516,81.09999999999967
205,0.388077624087,16.0038693079,3.29513813801,-1.37861554813,81.09999999999967
206,1.16527101582,-19.7459701437,-0.584493616538,0.35927663557,81.09999999999967
207,0.356944584256,-17.8249752217,3.21143143305,-5.65823616882,81.09999999999967
208,1.44359639377,-18.8957929751,-0.0171587556945,-5.70892660755,81.09999999999967
209,0.608372107327,-18.6728670637,0.0149355390775,-0.155541550428,81.09999999999967
210,0.237741025674,-20.6263243311,-1.08862311732,-2.79989160455,81.09999999999967
211,0.180174345577,-18.5178087646,-1.50551488015,-5.70505735419,81.09999999999967
212,0.144930836706,-16.6234766788,-2.1892104629,-13.9861544533,81.09999999999967
213,0.263678060309,-18.5520939635,1.09722165997,-6.39554869388,81.09999999999967
214,0.815376292711,13.0863140038,-11.4761862346,-63.8159942779,81.09999999999967
215,0.6071757307,-20.6203574617,-0.228842815099,-2.85208117369,81.09999999999967
216,0.284496901582,-18.8497225369,-0.299897955918,-4.23097963988,81.09999999999967
217,0.125958147937,-9.11074841651,1.62606812023,-11.4437339825,81.09999999999967
218,0.418163891942,-22.4219253232,-1.01681742656,-5.41011773944,81.09999999999967
219,0.179774516122,-19.4049842028,1.12658406784,-1.92902731428,81.09999999999967
220,0.124801535282,-17.8769558568,1.2717431787,-5.21615952292,81.09999999999967
221,0.179653251785,-20.3618338806,-2.19130388437,-3.34686551807,81.09999999999967
222,0.743798036112,-15.0200417048,-3.58511500869,-0.264737831084,81.09999999999967
223,0.521340739502,-17.0754830384,-68.3408530821,34.08946904,81.09999999999967
224,0.110275690894,-22.6448768085,5.07379082751,-3.8629316053,81.09999999999967
225,0.176249716593,-17.4495909398,-0.771768034224,-9.09284304454,81.09999999999967
226,0.225209953938,-18.8697179746,3.04459839418,0.264092810295,81.09999999999967
227,0.519791368706,-30.2582017317,-8.18976244167,-8.31339687026,81.09999999999967
228,2.67644836713,-17.2943609269,-2.38204145531,-0.961228238709,81.09999999999967
229,0.400602184308,-19.9099857235,-1.23725723762,-3.11393947071,81.09999999999967
230,0.169534019498,-32.8287292401,11.3136651084,4.9842997254,81.09999999999967
231,1.36642431096,-24.0992964945,-24.6378255743,-53.4299797962,81.09999999999967
232,0.75839261302,-18.2833154809,-0.254270963785,-2.28381330739,81.09999999999967
233,0.4506155361,-26.4278761765,-0.65506479684,10.8641357357,81.09999999999967
234,1.29790783474,-18.6259371921,-2.12156613903,-5.81576992347,81.09999999999967
235,0.118444543684,-78.5487053329,20.1494734406,-3.7252254561,81.09999999999967
236,0.279984726917,3.86576837901,3.8425506067,-0.456209258493,81.09999999999967
237,1.13397287535,-18.9332374691,-1.5920726478,-8.82946515935,81.09999999999967
238,0.229108614981,-36.2185047532,-29.66409326,31.1771643017,81.09999999999967
239,0.330090903733,-5.96949192593,-7.31769091247,-10.813256416,81.09999999999967
240,0.30647730002,-19.880701309,-6.93577181411,15.9620391505,81.09999999999967
241,0.319751294969,-17.3768114089,-2.88638059735,0.349467461906,81.09999999999967
242,0.82059303094,-15.3885493914,-2.52418551455,-2.01051180129,81.09999999999967
243,0.12298885424,-16.3596425514,-7.11153307326,-2.21102422219,81.09999999999967
244,0.142638378674,-16.1952690914,-5.75716904769,-8.99781871373,81.09999999999967
245,0.110797888538,-4.24453860908,48.7694612607,-47.0551089622,81.09999999999967
246,0.237623299956,-17.225041704,-1.3469569207,-7.38553832846,81.09999999999967
247,0.176288442691,-18.9345847154,0.873891692305,-5.56154783636,81.09999999999967
248,0.172942718445,-18.2896540964,-0.854780835285,-5.21580911603,81.09999999999967
249,0.266134284797,-18.6631571464,-0.352260844411,-3.25556675433,81.09999999999967
250,0.173201506566,0.459010718713,-3.05178128542,-13.9355137137,81.09999999999967
251,0.217098926246,-19.8675747414,61.8504004474,32.6313540825,81.09999999999967
252,0.303251518069,-15.2395066595,-8.89706170712,-1.40809972474,81.09999999999967
253,1.38118567285,-21.8531530856,-0.675014768588,-4.38960827381,81.09999999999967
254,0.744077061087,-24.0899063646,3.90562495948,-16.5197011716,81.09999999999967
255,0.591086123641,-18.1980466832,0.431635624447,-6.53171517465,81.09999999999967
256,0.126857779847,-19.9245373746,0.581731799522,-7.74306993668,81.09999999999967
257,0.69842503181,-18.7614866178,4.65587817241,-10.0595237183,81.09999999999967
258,0.652460394639,-19.6467460563,-0.508058138901,-0.318174778632,81.09999999999967
259,0.404820900912,-18.8637920182,-2.28991090082,-6.32378424524,81.09999999999967
260,0.168558635093,-21.9934490411,0.777211411581,-4.91158334156,81.09999999999967
261,0.354982735414,-17.9214386302,0.893184717707,-4.517774395,81.09999999999967
262,0.817177505255,-21.4940748756,1.03156026875,-3.94581332423,81.09999999999967
263,0.50311775876,-29.4175455804,-33.7029834486,-52.1455913483,81.09999999999967
264,0.138331649783,-22.494112527,1.97199234679,-11.8102338764,81.09999999999967
265,1.41862582779,-20.3073379637,-0.269030820264,-4.92827859685,81.09999999999967
266,0.363727691795,-21.6221385965,-5.98692601914,-5.46088270285,81.09999999999967
267,0.200803561335,-16.8397049676,0.539708743535,-7.51756433885,81.09999999999967
268,0.267404937487,-21.6872747872,3.84454440393,-6.79480446169,81.09999999999967
269,0.175277506151,-19.8559150946,1.13414761249,-4.18226268029,81.09999999999967
270,0.337775063324,-15.6905223003,7.73208367673,-2.43584635667,81.09999999999967
271,0.126319014138,-17.9524516528,3.47878678331,-2.80048617794,81.09999999999967
272,0.108042022079,-23.8355938197,1.0027090628,0.155878125744,81.09999999999967
273,0.165332294509,-19.2771926675,2.523545705,-5.99718835887,81.09999999999967
274,0.541870873258,-17.099665574,-0.453723769736,-4.51516624233,81.09999999999967
275,0.190179809701,-5.78745248996,-6.87583872078,-13.7946523807,81.09999999999967
276,0.525628494654,-19.2442201593,1.16411791349,-5.66569801033,81.09999999999967
277,0.411205252885,-19.1620258171,-3.40930905015,-1.49218582014,81.09999999999967
278,0.107038985461,-18.2916301962,-0.188079544908,-2.25704266349,81.09999999999967
279,0.115439864508,-20.7530932342,30.5431501547,-25.4128189653,81.09999999999967
280,0.431613248056,-22.240089993,-7.45260654236,-3.09585814506,81.09999999999967
281,0.116119581234,-17.9928945936,-4.5412851569,-2.67311886247,81.09999999999967
282,1.87711037939,-17.7374234552,-2.18193027761,-3.06737424885,81.09999999999967
283,0.307939671185,-16.6574637038,-1.08405314798,-6.26210499894,81.09999999999967
284,0.209377884519,-20.3616296581,-0.62186833664,-4.20359990537,81.09999999999967
285,0.435025183396,-27.6868950603,-1.96935418524,-7.27381144833,81.09999999999967
286,0.390852087303,-16.8770431316,-0.693365553117,-2.07134991047,81.09999999999967
287,0.130603837485,-16.0620901453,2.93037702624,-0.468630356453,81.09999999999967
288,2.3060218815,-19.8090291661,0.0234525411386,-3.88691870115,81.09999999999967
289,0.230922516279,-22.690499344,-4.13535960366,-5.06773590859,81.09999999999967
290,0.488911574816,-17.3130569705,0.410203548433,-6.70296809864,81.09999999999967
291,0.153227279312,-17.0422184719,-2.68481333177,-9.144399635,81.09999999999967
292,0.189967456605,-6.9490597392,-6.00369493639,-3.90473302396,81.09999999999967
293,0.279261090043,-19.9654649217,1.70900916642,-2.361664211,81.09999999999967
294,0.603431071785,-21.407382781,-3.17958975795,-10.4255315987,81.09999999999967
295,1.58926434168,-19.0372452948,0.97686362253,-3.89409210338,81.09999999999967
296,1.32146557981,-19.459774009,-0.59487593844,-1.09946876955,81.09999999999967
297,3.62634866858,-20.3636408575,-1.22625734389,-5.46016118824,81.09999999999967
298,0.110354430752,-18.8734949986,-1.02223466962,-4.65878913531,81.09999999999967
299,0.467832802016,-8.96408884695,-1.32555824205,-5.48292260918,81.09999999999967
300,0.616691696832,-23.9051284223,-3.64111357601,-3.13673928993,81.09999999999967
301,0.120382869764,-18.4449638481,-1.30947048877,-4.67853844735,81.09999999999967
302,0.227918141278,-19.3791392528,-0.901186026082,-5.61373757246,81.09999999999967
303,0.191820463939,-15.7469782924,-2.18340588743,-2.50757311354,81.09999999999967
304,0.197548799873,-20.0673653191,2.77230835148,-1.68667174994,81.09999999999967
305,0.356691109446,-11.6546502608,2.39003819486,0.0905688098685,81.09999999999967
306,0.402275720362,-22.2405733183,0.689015537996,-6.86167583145,81.09999999999967
307,0.331379216124,-17.3814992463,5.99452812271,-8.83371341922,81.09999999999967
308,0.171048858772,-18.9184970672,-1.25675259879,-0.667357803108,81.09999999999967
309,1.27597039124,-17.7053287195,-1.90080842137,-2.82457204234,81.09999999999967
310,0.446287512151,-12.3789276315,-3.76568798735,0.836626171386,81.09999999999967
311,0.181145595847,-19.6541608934,0.7667643182,-5.17677173055,81.09999999999967
312,2.01569532055,-19.9522757194,-1.30005778723,-5.91780210185,81.09999999999967
313,0.466871958245,-16.9082824597,-3.59819945832,-5.71885562756,81.09999999999967
314,0.284801222701,-19.0334109786,1.09811896388,-5.60223752091,81.09999999999967
315,0.158910183972,-16.8983216703,-1.15118582394,-10.2500963938,81.09999999999967
316,0.180272659033,-19.4496591663,-3.90311701908,-5.93546636415,81.09999999999967
317,0.124236826356,-21.034877256,4.0806205876,-17.877671215,81.09999999999967
318,0.130644887756,-19.9038194188,-2.63652891843,-0.825055570216,81.09999999999967
319,0.53429032815,-18.0004433622,-4.42666229253,-3.11413328674,81.09999999999967
320,0.568151991451,-17.3401441089,0.0552274102535,-7.57585926691,81.09999999999967
321,0.479436490418,-17.782246525,-1.44747346703,-2.08035562555,81.09999999999967
322,1.00398192973,-20.78550706,1.47739557466,-4.01235255899,81.09999999999967
323,1.32523867623,-20.3126597155,1.13501297502,-5.00360690772,81.09999999999967
324,0.106837157497,-22.1729433289,-0.835555660876,-6.98239401111,81.09999999999967
325,0.768714850529,-23.5627773321,-0.0865696649813,-6.7066107461,81.09999999999967
326,0.383953573623,-18.2456180986,1.70635161798,-5.24371993683,81.09999999999967
327,0.252022874862,-19.7206539638,-0.385833145859,-1.06453229273,81.09999999999967
328,1.13964352179,-18.2980554114,-0.801574402209,-2.57268509359,81.09999999999967
329,0.119985797302,-18.6232199539,-1.54542384163,-8.84068319999,81.09999999999967
330,0.229716138418,-18.3046127518,-0.358514973152,-4.51097826585,81.09999999999967
331,0.494963960008,-14.9798200502,-1.81237815404,-0.779615922711,81.09999999999967
332,0.272656262203,-18.9687795784,-8.90671037473,-12.3113788221,81.09999999999967
333,0.543971504363,-16.8973012379,13.4906087503,-2.10127870224,81.09999999999967
334,0.193744401019,-17.5568958388,1.76012567656,-0.755899569832,81.09999999999967
335,0.149739454708,-19.1661964231,-1.0321771344,-4.91050798531,81.09999999999967
336,0.208239612871,-23.9693621888,25.7294637319,11.6747875294,81.09999999999967
337,1.52054727448,-18.8699336282,0.905587590229,-4.9243544737,81.09999999999967
338,0.419156785071,-20.7374842271,5.73295592865,-0.590283159631,81.09999999999967
339,0.367465183528,-18.749922449,-1.02288699323,-3.12382593952,81.09999999999967
340,0.640664615185,-22.1852463045,-3.31540046158,-2.83728340606,81.09999999999967
341,0.982174732747,-15.5336759189,-4.68019829596,-3.05564693704,81.09999999999967
342,0.196547570631,-19.7994483282,-3.47960572513,-1.75357723024,81.09999999999967
343,0.917538748601,-20.8404063005,-2.33376648245,-3.07716436532,81.09999999999967
344,0.132637491962,-13.7957176009,3.72327699963,-5.26854676484,81.09999999999967
345,0.156902286964,-21.0879389514,-5.50383443805,-0.895148714732,81.09999999999967
346,0.938620671766,-19.3934206255,0.410303575705,-5.54654280577,81.09999999999967
347,1.39656498334,-18.648821095,0.602895272265,-4.43753330994,81.09999999999967
348,0.380560047292,-4.48496101721,-81.4085532965,10.1333280428,81.09999999999967
349,0.106699931782,-14.7802300663,13.4507763761,-14.8491155725,81.09999999999967
350,0.938730887904,-6.71659100306,22.4339625463,-40.1896332076,81.09999999999967
351,0.211307139157,-24.7038900784,-3.73626652141,-6.35548482394,81.09999999999967
352,0.576627137044,-20.7665751334,6.44637119561,-5.89309653066,81.09999999999967
353,0.162637840792,-13.0044760758,-1.73380957638,-0.247437833927,81.09999999999967
354,0.166711366108,-20.2552987296,-2.25605940614,-3.38023323104,81.09999999999967
355,0.941981131803,-18.2025017327,-1.97158740295,-2.57053638742,81.09999999999967
356,0.333966522201,-16.4304358195,1.13614717637,3.04994223698,81.09999999999967
357,0.585024409756,-17.9502890027,1.20170070994,-3.83461293425,81.09999999999967
358,0.167487126659,-20.5659149197,-0.21187765505,-3.8769526619,81.09999999999967
359,0.247891654347,-8.91396635703,-23.3250618238,-29.3814821183,81.09999999999967
360,0.179526661346,-19.668068578,-1.4169740251,-4.15962579565,81.09999999999967
361,4.39604219813,-13.0296117977,15.2432948493,-27.6121390785,81.09999999999967
362,0.152090541561,-19.4350448372,-1.69821303293,-4.63589416517,81.09999999999967
363,0.124235887529,-19.5522752222,0.148222981102,-1.45878591585,81.09999999999967
364,0.662587951286,-20.6169822079,1.84934015834,-6.84330193186,81.09999999999967
365,0.608663371332,-14.8670777798,2.71726190754,-4.89109091374,81.09999999999967
366,0.124153291885,-28.226116164,67.6222470791,-28.1586306879,81.09999999999967
367,6.76429775299,-18.5559461291,-1.07925388148,-4.35295404248,81.09999999999967
368,0.572634813684,-21.5879723542,-12.9755019319,20.8652684575,81.09999999999967
369,0.720290527392,-17.9269503987,-0.418555456351,-5.53203470137,81.09999999999967
370,1.12041568819,-13.5987311942,4.4031094181,-9.04390205337,81.09999999999967
371,0.274529953496,-15.8818608504,-15.2432003399,-30.9514996417,81.09999999999967
372,0.178602003498,-45.2192518164,5.4668081979,-3.55575142421,81.09999999999967
373,0.356193887512,-21.414432171,0.601600571219,-3.8682917887,81.09999999999967
374,0.415028257256,-18.5003310941,-0.370291520995,-5.97918021667,81.09999999999967
375,0.488949565461,-18.5137379619,-0.771674067905,-5.17791806296,81.09999999999967
376,0.265749805631,-7.15844560526,-6.60158933373,-11.6515477514,81.09999999999967
377,0.140815386196,-17.1443564827,0.293782246753,-12.3810858118,81.09999999999967
378,1.17696003994,-18.7675656874,1.1620066229,-4.43768251636,81.09999999999967
379,0.871024872749,-19.9321677865,0.997527717262,-7.47263517139,81.09999999999967
380,0.105455501853,-22.2184861951,-11.2672028082,0.0713819977285,81.09999999999967
381,0.381112953784,-22.1116467071,-0.425849012371,-6.50556226882,81.09999999999967
382,0.291946688482,-20.8276651986,-1.1252590273,-1.96845917555,81.09999999999967
383,0.149643897665,-23.9160948887,2.54239787361,0.530361384656,81.09999999999967
384,0.756652171872,-24.01822322,-2.16448694828,-7.11864114608,81.09999999999967
385,0.353041258458,-19.2943725639,-0.0607915865231,-2.80601916864,81.09999999999967
386,0.104699596674,-17.649581805,-0.495864054154,-4.15647371298,81.09999999999967
387,0.345198559476,10.170710883,-4.77629869476,-15.840853318,81.09999999999967
388,0.282168620188,-20.5549734164,0.6657415258,-7.57194229681,81.09999999999967
389,0.13618822247,-16.3616013427,4.35521026421,-8.1773242562,81.09999999999967
390,1.23319362382,-19.1022738984,1.52176188834,-5.17858176028,81.09999999999967
391,0.263492539988,-18.2569721021,-2.46671043678,-4.39358004336,81.09999999999967
392,0.152990145152,-20.3830237329,0.448605392201,-3.57999262694,81.09999999999967
393,0.188493830117,-12.6915220846,14.1827579369,-4.60954001443,81.09999999999967
394,0.134803870521,-30.2147054997,-4.08706719165,-2.95269113535,81.09999999999967
395,0.808194926299,-5.77972585075,-2.09043689576,-10.8504900214,81.09999999999967
396,0.994809507421,-19.77282405,-1.15208991771,-6.7924579709,81.09999999999967
397,0.578467317167,35.9122663498,-24.0646824396,21.2107246896,81.09999999999967
398,0.393258224723,-20.8687469789,-4.68765374129,-9.16501889819,81.09999999999967
399,0.152355280257,-22.2296732752,-1.80906601788,-3.13312812434,81.09999999999967
400,0.157788100501,-12.3809997413,-1.07050443319,-8.73086472313,81.09999999999967
401,2.75604179263,-18.3212078373,0.17514497873,-7.21023830449,81.09999999999967
402,0.233843233586,-44.2784914132,36.2568202301,-10.3330689164,81.09999999999967
403,0.544467307492,-16.5121412091,0.0712759709728,-0.968844234502,81.09999999999967
404,0.207755922394,10.068008297,16.2532210434,-15.160013983,81.09999999999967
405,0.316699432674,-15.3400675992,-3.85690199507,-6.9970583931,81.09999999999967
406,0.171689135125,-18.8942602708,-1.49929607665,-2.66249225541,81.09999999999967
407,0.283382006393,-20.5948892356,-2.51764772004,-4.29675370971,81.09999999999967
408,0.16621234573,-19.5334522326,-0.942450398085,-3.96847786278,81.09999999999967
409,0.182352498996,-20.8929320396,0.771140584047,-5.60838053545,81.09999999999967
410,0.121130243403,-18.0667972767,-3.78772628776,-2.01187049871,81.09999999999967
411,0.405313341134,-18.5148646148,3.61678820311,-4.25764026948,81.09999999999967
412,0.141172486763,-18.6038061692,4.43304847877,-9.23572999495,81.09999999999967
413,0.277841801762,-21.5818240322,-4.05827844461,-1.35933553666,81.09999999999967
414,0.637255273309,-19.4079906231,0.811324133418,-3.79405995996,81.09999999999967
415,0.175765853512,-21.0387503937,-1.31262447948,-6.53640938276,81.09999999999967
416,1.18300783822,-18.6700620459,2.61477355052,-7.11089382898,81.09999999999967
417,0.155064272211,-17.7430845063,-0.566163985142,-4.96815414363,81.09999999999967
418,0.929746038257,-16.9286279,3.57200865673,-3.50960743164,81.09999999999967
419,2.69169430668,-19.9211252808,0.943747435858,-6.86321712951,81.09999999999967
420,0.377114074431,-15.1482122017,2.05981321369,-5.23767398588,81.09999999999967
421,0.569743368122,-17.0152108782,0.294628772698,-3.73652500804,81.09999999999967
422,0.257674820979,-21.7560517921,-2.26794927265,-4.2696775222,81.09999999999967
423,0.125625094258,-29.243211775,-5.19624001784,-1.97192336717,81.09999999999967
424,0.279155826047,-18.6664141503,3.49826330108,-11.229785487,81.09999999999967
425,1.54763234508,-18.9587587459,1.39919409911,-5.46337170557,81.09999999999967
426,0.167662352258,53.4672424927,15.4687898158,34.6070522028,81.09999999999967
427,0.118202368802,-10.6563253296,3.38840803012,-3.64491859589,81.09999999999967
428,0.522391310968,-15.9991900184,1.01981196156,-3.43332741997,81.09999999999967
429,0.139931218842,-9.48833537014,20.1996604508,-5.22929688956,81.09999999999967
430,0.108892531226,-25.1001860938,2.58527701689,-8.58409574768,81.09999999999967
431,3.41916570571,-19.2172887169,0.395038131181,-4.74794295075,81.09999999999967
432,0.259388820489,-18.1543276063,0.68798102913,-8.8700276544,81.09999999999967
433,0.189281984104,-19.0124413614,1.99579449556,-10.8928180184,81.09999999999967
434,0.608849034322,-18.8642739727,1.08636745889,-4.55170132082,81.09999999999967
435,0.602615820687,-18.5755504614,2.61568171071,-8.64576067061,81.09999999999967
436,0.47533252049,-15.6857699847,2.1894554906,-3.62510772141,81.09999999999967
437,0.117285569134,-18.4470107997,0.683478174907,-9.96193407276,81.09999999999967
438,0.119184971506,-49.7350127895,20.2291514002,-14.6561114814,81.09999999999967
439,0.283987629281,-42.5745032558,-4.28219618175,-26.1929694107,81.09999999999967
440,0.519647649511,-24.5224254879,-0.00851814558112,0.772766832429,81.09999999999967
441,0.925251900226,-17.2069366725,-2.62775107839,-2.65285281843,81.09999999999967
442,0.230042480572,-13.3517709593,-0.256238902457,-11.0625342134,81.09999999999967
443,0.107212580271,-11.6997688589,-4.50824552861,-3.60853719777,81.09999999999967
444,0.109166851501,-15.6986707856,-0.0170478770719,-8.98641243325,81.09999999999967
445,0.234257697586,-20.0604836279,-0.997278067424,-1.70614879071,81.09999999999967
446,0.102236698216,-18.2609100601,-0.212435940668,-2.26825616766,81.09999999999967
447,0.137000235743,-16.5366850879,-4.89019063894,-0.955692292916,81.09999999999967
448,0.474764868099,35.4701387127,9.37968798162,-58.6356052889,81.09999999999967
449,0.144901780999,-20.3393093679,0.236314690326,-3.90907825876,81.09999999999967
450,0.246843210467,-21.5406212044,-3.2801440058,-3.4915057313,81.09999999999967
451,0.129323281021,-16.2044905906,-0.955771002898,-0.995556267562,81.09999999999967
452,0.375113257878,-20.6645026382,-0.102511726803,-6.44243448052,81.09999999999967
453,2.15884491913,-16.3742369105,-0.773058530291,-6.49514582217,81.09999999999967
454,0.270218381656,-37.664366266,-3.05885712936,4.30763235214,81.09999999999967
455,0.138405833666,-15.7848564308,0.592396267819,-9.35947089836,81.09999999999967
456,3.42484776913,-19.5174336182,0.468307203823,-4.70773384786,81.09999999999967
457,0.127739256022,-15.5884396108,3.315927279,-8.64644402859,81.09999999999967
458,0.645382117955,-21.9767344762,5.02915946571,-5.01047299002,81.09999999999967
459,0.336812730912,-15.9305833306,2.77347315339,-6.26827382383,81.09999999999967
460,0.859742967857,-19.6092498006,0.348439293104,-5.10637745172,81.09999999999967
461,0.389557830776,-18.0836029969,-2.88188988083,-5.82741098431,81.09999999999967
462,0.11168610585,-9.95113856136,48.0027699179,-38.1839302353,81.09999999999967
463,0.289255533727,-21.8623141272,-1.59700870309,-5.34780391332,81.09999999999967
464,0.74567435238,-19.2472671198,-0.372297528293,-8.83778323603,81.09999999999967
465,3.25596412719,-18.3811326847,0.0893557613813,-6.18032610079,81.09999999999967
466,0.17143981019,-16.6107780013,0.011113199878,-2.73070045141,81.09999999999967
467,1.57887236019,-43.7294836566,-35.3056350482,7.81720914078,81.09999999999967
468,0.107942279155,-22.0911882023,-12.331024296,-8.07751351391,81.09999999999967
469,3.95267292895,-20.887258135,1.00614992377,-3.7349308912,81.09999999999967
470,0.117032346746,-15.7001275098,9.01393803995,-19.8632006406,81.09999999999967
471,0.837588803557,-17.8025981762,-1.70673645114,-6.60107316122,81.09999999999967
472,0.130045647807,-1.98130387642,-79.5786140167,28.1514913632,81.09999999999967
473,0.230467149214,-19.9087945793,-1.07773153754,-6.21282519168,81.09999999999967
474,0.841116387781,-18.0488796003,0.398270398143,-4.41039248435,81.09999999999967
475,0.222278814551,-19.5494162636,0.0537722946591,-2.93709423462,81.09999999999967
476,0.198655238309,-23.4985894973,3.1822161742,-4.38384446149,81.09999999999967
477,1.1675592527,-24.6335296384,18.3832534438,-4.23171314486,81.09999999999967
478,0.684987130011,-20.041097479,0.894491025031,-2.10818340543,81.09999999999967
479,0.336509531214,-14.55806203,0.369838885693,-0.425698387077,81.09999999999967
480,0.1167766062,-19.5108105077,-0.441479153321,-5.72153616222,81.09999999999967
481,0.504770005384,-19.1884683029,0.478892915265,-5.06403598419,81.09999999999967
482,0.167254319546,-21.0178748147,-4.45827273429,-5.17606129803,81.09999999999967
483,0.140677672354,-16.5737977071,-0.591715580935,-6.77313228599,81.09999999999967
484,0.240136524205,-19.8446877955,-5.19450871541,-5.25821916406,81.09999999999967
485,2.52088520277,-21.9293413664,-0.260166287868,-5.29122379899,81.09999999999967
486,3.53385986284,-21.1842950152,1.25135510033,-4.00937014634,81.09999999999967
487,0.238536250083,-19.7388183808,0.682611010399,-5.31843865503,81.09999999999967
488,0.249184139402,-19.4897693826,-0.0104163584522,-5.81749684775,81.09999999999967
489,0.706959885529,-20.7793777297,1.75955478526,-3.6151771106,81.09999999999967
490,0.342211556354,19.4055342367,-4.75695800715,20.6602137796,81.09999999999967
491,0.147172217686,-19.6359137326,-0.638045106243,-3.97312449,81.09999999999967
492,0.711436583573,-18.847988162,-0.665996223288,-4.96310795326,81.09999999999967
493,0.252428723512,-21.1366534427,1.93375637866,0.966256542643,81.09999999999967
494,0.466610586469,-21.9085670294,-3.46852052474,-3.83480032647,81.09999999999967
495,0.108560325626,-18.5294485072,-2.88000723583,-0.351451206895,81.09999999999967
496,7.79526639619,-19.2478929195,-0.216700038278,-4.49469918432,81.09999999999967
497,0.140428336994,-17.4199006717,-1.52995297971,-4.72190349843,81.09999999999967
498,0.227220763905,-18.8781110636,1.08118714496,-5.76811919316,81.09999999999967
499,0.183426972356,-19.5360457792,0.983593360967,-5.69660506137,81.09999999999967
500,0.341089719751,-17.8066947246,1.94831119648,-7.85366869522,81.09999999999967
501,0.196718138146,-19.4400721219,-5.54737568851,-1.92019887759,81.09999999999967
502,0.301570028518,-22.8354087539,0.0236429076693,-2.3524722369,81.09999999999967
503,0.180504306139,-18.1938137597,3.07248864439,-3.82589999612,81.09999999999967
504,0.639896833477,-24.8688916608,-2.39430273631,-0.204233244807,81.09999999999967
505,0.545731715777,-23.2798614329,-1.16772182549,-7.28944475162,81.09999999999967
506,0.290000956143,-18.9722555808,-0.300138442499,-3.84105534153,81.09999999999967
507,0.257805643211,-16.9946685632,-1.56175959547,-1.95429828859,81.09999999999967
508,0.126067536599,-10.4769492537,-3.2838199248,-4.27178169968,81.09999999999967
509,0.222112029365,-26.5725959209,4.34934873383,-1.78144902266,81.09999999999967
510,0.378115676179,-20.1434754655,1.46292243307,-4.58867761999,81.09999999999967
511,0.566867095441,-17.3108555264,-1.24268054314,-2.18209626797,81.09999999999967
512,0.712537123813,-50.9612504603,-28.4704018669,21.786554373,81.09999999999967
513,0.92717579156,-24.5748901911,-27.0202652711,31.2552597717,81.09999999999967
514,0.150634737135,-18.3470246838,3.58286581573,-5.18869745097,81.09999999999967
515,0.391020879471,-20.5201858172,-0.574327613326,-6.07651257544,81.09999999999967
516,0.320858418977,-18.9105107625,0.695103513649,-9.19739895764,81.09999999999967
517,0.361911237343,-23.8614004415,6.18587564045,-3.27516537708,81.09999999999967
518,0.396554118148,-18.7313758417,-1.16762367051,-4.20326570049,81.09999999999967
519,0.446205222061,17.2404288561,33.9096770384,-6.74397970183,81.09999999999967
520,0.153794178819,-20.4535610234,1.39855434747,-3.93679608249,81.09999999999967
521,0.22911815447,-22.5075153215,1.35541905015,-4.44731311617,81.09999999999967
522,0.12427228068,-17.3365722884,3.58069530969,-6.47496301356,81.09999999999967
523,0.259309844558,-21.3015858482,-0.436399336421,-4.83787826687,81.09999999999967
524,1.11943977411,-19.8106419635,0.706451830383,-3.8074978531,81.09999999999967
525,0.511680780164,-12.2560400575,-1.44074311094,-23.3494305543,81.09999999999967
526,0.511285016852,-20.6330075947,4.41757652494,-6.02987120788,81.09999999999967
527,0.222755823951,-19.5968989245,1.07297794372,-1.81152550288,81.09999999999967
528,0.960280132493,-17.6559052896,0.754345754759,-6.48650486542,81.09999999999967
529,0.217206457501,-21.2993038894,1.31685134189,-7.03042128468,81.09999999999967
530,0.173990902197,-24.1054992162,-9.83173380473,-3.61009161985,81.09999999999967
531,0.173750122945,-17.2775087962,4.30088126677,-6.34545810087,81.09999999999967
532,0.547496139003,-16.1123521396,1.8473339555,-14.9760659762,81.09999999999967
533,0.104088928166,-21.8533163654,-1.2907334145,-8.95405772759,81.09999999999967
534,0.178737660315,-23.2901142074,1.052149567,-12.3176094276,81.09999999999967
535,0.389971638561,-19.5183041974,0.471416796291,-4.6068165143,81.09999999999967
536,0.115941551711,-17.0807473652,-9.65732809397,1.6991376139,81.09999999999967
537,10.016097116,-19.1981827517,-0.195866314511,-4.48518042467,81.09999999999967
538,0.148756012899,-18.321626263,0.158952984417,-9.5226021463,81.09999999999967
539,0.849564502261,-20.8525861625,-2.16753723136,-2.15499946681,81.09999999999967
540,0.108850912386,-18.8216741935,-1.08298937586,-1.24517349747,81.09999999999967
541,3.25511030993,-17.9398059988,-0.548608121392,-5.7407136199,81.09999999999967
542,0.726109093657,15.8676905054,-29.843658242,-7.85195014198,81.09999999999967
543,0.105802132551,-20.2740876914,2.62175045339,-10.8780568964,81.09999999999967
544,0.201731148324,-16.7414256959,0.784597002584,-10.9819033608,81.09999999999967
545,0.148445173467,-18.4357946888,1.02098366848,-0.865175862948,81.09999999999967
546,0.787673935461,-24.8802181799,-0.19893175666,-12.7682446587,81.09999999999967
547,0.151722981767,-22.4781887835,-0.247818046185,-7.22851086441,81.09999999999967
548,2.78498366823,-14.187602379,3.70597100523,-7.45507021053,81.09999999999967
549,0.116893661016,-21.6590682733,-0.0513219420505,-2.33947916272,81.09999999999967
550,0.140633645806,-15.226698187,-3.27415904288,-8.80974897873,81.09999999999967
551,0.101540564413,-20.2034539479,1.89882351116,-1.55659185831,81.09999999999967
552,0.523610434033,-20.1687980592,-1.4291120439,-5.69478291171,81.09999999999967
553,0.107546845405,-4.65709600871,8.21712469803,-62.7300591094,81.09999999999967
554,0.109076593854,-17.9768765149,-0.785979659106,-5.01678002671,81.09999999999967
555,0.158449534022,-15.7315380616,2.23396448035,-5.81384004874,81.09999999999967
556,0.211753550907,-11.3239838519,5.70295096394,-9.30800298029,81.09999999999967
557,0.125815879864,-18.7470643616,2.17973703402,-6.06613149577,81.09999999999967
558,0.198248947652,-18.7158410975,3.99480491644,-4.34090445997,81.09999999999967
559,0.536878681901,-9.70525521431,5.07732805066,-6.42775285877,81.09999999999967
560,0.20222853914,-19.9327183041,-0.684505522467,-3.6627564757,81.09999999999967
561,0.345116316366,-21.6062451676,-2.00404232344,-4.00590546156,81.09999999999967
562,0.118768018295,-21.3891478001,3.96152109346,-6.28464933582,81.09999999999967
563,0.489058839457,-19.6477165469,1.52298842928,-4.60702229508,81.09999999999967
564,0.10115758169,-21.0418920863,0.449113889122,-2.30603796815,81.09999999999967
565,0.385557857634,-18.365302773,0.0142431736073,-6.60127452266,81.09999999999967
566,0.175735600802,0.153055147892,1.83372439624,37.4076714618,81.09999999999967
567,0.27334890965,-17.5568152499,-1.25037439239,-5.59560714198,81.09999999999967
568,0.30737515012,-19.3918430195,1.32467301067,-3.89191033476,81.09999999999967
569,0.590877525001,-20.8558466607,4.42425490309,-5.7425476515,81.09999999999967
570,1.45832626638,-17.9039137588,3.33105779283,-9.23137223931,81.09999999999967
571,0.439070583331,-18.6820264348,-0.293810932378,-2.59419577007,81.09999999999967
572,0.126815685133,-24.6940101423,-5.27990647465,-1.32146249058,81.09999999999967
573,0.678337646477,-25.6656822027,-3.76432680385,-4.26778787212,81.09999999999967
574,0.156659555445,-21.4228800512,-2.02818716289,-4.49491951185,81.09999999999967
575,0.284111744295,-4.84905984192,40.9107798818,-44.0770735429,81.09999999999967
576,0.251903442413,-22.2018982993,1.01305955526,-4.40544386129,81.09999999999967
577,1.03453922274,-35.3667986712,12.9007030876,-27.8478326517,81.09999999999967
578,0.108088536306,-19.5482333017,-0.406387537429,-2.70367394129,81.09999999999967
579,1.21317996229,-20.6607721791,-2.1191363527,-4.39542263543,81.09999999999967
580,0.159080815047,-19.2202957973,-0.662448539276,-7.08738670008,81.09999999999967
581,0.251898203792,-19.0872444571,4.55335386686,-5.10769836,81.09999999999967
582,0.404703709248,-33.473278297,15.742100965,15.522151855,81.09999999999967
583,0.103681682352,-16.1795589542,3.43851638887,-6.80564415652,81.09999999999967
584,0.781731935679,-19.154682006,0.115825494468,-5.89376594711,81.09999999999967
585,0.116745768984,-10.5635802573,-5.03099451904,-5.01061488072,81.09999999999967
586,0.157241843678,-16.4472997423,-4.24905992251,1.44776532774,81.09999999999967
587,0.307112687813,-18.6193011247,0.375042493461,-3.77771925976,81.09999999999967
588,0.241860667582,-17.3043022499,-0.418937242677,-3.3618596023,81.09999999999967
589,0.283822493038,-38.6158774975,-2.24574569217,-28.9144668873,81.09999999999967
590,0.231735255112,-18.7645551207,6.88350156739,-0.446715147844,81.09999999999967
591,0.190820203669,-21.0237355925,0.108587653647,-4.82492474953,81.09999999999967
592,0.486767223661,-16.9583101239,0.676716980339,-3.41625529908,81.09999999999967
593,0.271952267026,12.4321343073,-10.0769961287,15.5908628689,81.09999999999967
594,0.104414993612,-22.0055012445,-1.7029875676,-1.24587470141,81.09999999999967
595,0.178041600787,-21.9685897368,2.39840674856,-3.54122704456,81.09999999999967
596,0.292319768049,-21.3828580332,8.93251041522,-6.74310149993,81.09999999999967
597,0.274418079821,-17.966073905,-0.963899062492,-8.75405302415,81.09999999999967
598,0.778395340639,-18.2968529215,-3.86952884726,2.91217436754,81.09999999999967
599,1.0250118152,-23.1619182921,-2.64799192968,-5.04240759142,81.09999999999967
600,0.300517572789,-3.54786527013,-6.59065260678,-2.09804524702,81.09999999999967
601,0.783791289338,-17.4963255216,2.07402263172,-3.06466308015,81.09999999999967
602,0.135806437676,-14.9679176313,-8.41766222061,-1.420339603,81.09999999999967
603,1.41495321338,-18.7928099717,0.767646499047,-5.64281397393,81.09999999999967
604,0.282879078571,-19.1812026742,0.122478314808,-4.31881117336,81.09999999999967
605,0.243594160588,-14.1848823915,2.51466114583,-6.15479533139,81.09999999999967
606,0.376536585984,-19.920761722,0.820628090628,-3.50226212619,81.09999999999967
607,0.138254283113,24.7600202184,-40.0994932339,-22.4267419037,81.09999999999967
608,0.293258596562,-18.4505815319,-4.86600068692,2.93062549122,81.09999999999967
609,1.32281096472,-18.6385814192,0.904115975451,-4.07711118385,81.09999999999967
610,0.44620450745,-20.474767456,-2.9669022945,-2.62474306628,81.09999999999967
611,0.395536054946,-17.4899157996,-7.13289079477,-0.338840585105,81.09999999999967
612,0.544986085829,-10.7286329509,9.02704284307,-2.30136363614,81.09999999999967
613,2.01514182608,-19.8226246625,-1.5283352907,-5.88974425207,81.09999999999967
614,0.410771296887,-12.8917682474,1.45413414588,-8.75660047563,81.09999999999967
615,0.559614713219,35.3454369173,9.43157978426,-58.7922411533,81.09999999999967
616,1.17246286441,10.6539743452,-3.7067048589,17.4833308952,81.09999999999967
617,1.13631483225,-19.4866036362,-2.56213361555,-4.01309267772,81.09999999999967
618,0.181917883124,-17.4108884646,27.2765552,-6.45797578694,81.09999999999967
619,0.756699132883,-42.97601535,0.752462971924,12.4267966287,81.09999999999967
620,0.25069485552,-20.939103159,-3.91867272224,-7.98919829591,81.09999999999967
621,0.808206948286,-17.374643499,-0.158030565591,-4.61813136546,81.09999999999967
622,0.508787094505,-21.6067261626,-0.692949555497,-28.2100426227,81.09999999999967
623,0.334160015939,-14.0160196423,-75.4122579038,-10.5689169868,81.09999999999967
624,0.113691654689,-7.0887948782,28.9859461845,-12.0012241855,81.09999999999967
625,0.442602414207,25.0090642324,33.4495863238,-12.8591339746,81.09999999999967
626,0.191587694107,-41.6610032171,4.43086789825,-62.2333102559,81.09999999999967
627,2.00184151681,-17.5357339953,-0.720483909991,-3.36272403153,81.09999999999967
628,0.270117138782,-22.9856770811,2.37013948581,-5.08059150559,81.09999999999967
629,0.126152585173,-18.258810111,0.536453267948,-4.32753815985,81.09999999999967
630,8.34002734673,-19.0055844953,-0.00240066236508,-4.40138478927,81.09999999999967
631,1.87604240681,-18.779426562,-0.329664607111,-4.29725878965,81.09999999999967
632,0.113741715826,-15.618805781,2.79402554215,0.666978415625,81.09999999999967
633,0.179247404662,-22.4157781597,11.6031037663,-17.6798508651,81.09999999999967
634,0.202360618197,-24.2688934332,-1.43868950922,-3.92959953023,81.09999999999967
635,0.302225326062,-16.437561284,-1.82138353297,-1.48483541353,81.09999999999967
636,0.180326869906,-20.8527948804,-9.45131120665,-1.46669129799,81.09999999999967
637,0.101299685073,-14.306029398,-1.61840348195,-8.40651881927,81.09999999999967
638,0.318580645469,-27.2993850606,0.956697706592,-0.277374370973,81.09999999999967
639,0.145745583148,-10.6626303735,6.50426701357,-1.70077936027,81.09999999999967
640,0.15658096663,-6.32093982028,6.89817497641,-54.6036043063,81.09999999999967
641,0.156797774145,-17.4701942108,-4.92754274619,-6.37558747996,81.09999999999967
642,0.305861598937,-18.4327871779,0.336539726037,-3.81545096742,81.09999999999967
643,0.307449019706,-22.4607104727,-3.63373229142,-6.93826330529,81.09999999999967
644,0.990543261489,-15.2996823043,0.385123327347,-2.93941080062,81.09999999999967
645,0.195351544538,-17.3430300135,1.20059680183,-4.15864793251,81.09999999999967
646,1.36707759137,-7.29504443757,-0.319617802571,-3.37303227118,81.09999999999967
647,0.596129251663,-17.1412807189,1.40331724915,-7.66858858955,81.09999999999967
648,0.617556230367,-13.0840396571,-5.88594518758,-7.13928781953,81.09999999999967
649,0.125611054595,-20.3155707273,-3.08795101385,-6.63726416948,81.09999999999967
650,0.318898201974,-18.5121625379,-4.48251853819,-9.3738807681,81.09999999999967
651,0.119125911341,-19.8006764271,-2.46012019853,-3.13227406438,81.09999999999967
652,0.159624363753,-18.8648328344,0.341778208286,-6.97227347814,81.09999999999967
653,1.09083736138,-18.516038768,0.0486025826854,-5.01031565282,81.09999999999967
654,0.199782470704,-21.2091202311,1.88088619213,-7.05270797049,81.09999999999967
655,0.210658345686,-21.7383809741,5.67924019854,9.21499278596,81.09999999999967
656,0.38514005856,-18.9706428368,-0.0556603097502,-2.3801217343,81.09999999999967
657,0.227422099123,-18.5899887379,-20.36239047,9.28796467006,81.09999999999967
658,0.714640707812,-23.3908383724,-1.45817612524,-4.40005240408,81.09999999999967
659,0.1917147777,-19.868745203,2.36681509507,-4.83122678733,81.09999999999967
660,0.203120802057,-24.2264138387,-2.12642567588,-7.69457926048,81.09999999999967
661,0.286894934948,-24.0902050692,-3.24144158851,-0.57121901526,81.09999999999967
662,1.46949499575,-27.1743351492,2.41304473933,7.49811339403,81.09999999999967
663,0.131792627516,-5.50576402363,-78.1716969637,-2.88905494078,81.09999999999967
664,0.211124154681,-20.0181345644,-1.00425368855,-6.5258311214,81.09999999999967
665,0.229272540032,-25.5964735665,-2.38201502634,0.472987290838,81.09999999999967
666,0.191224107423,-14.0529561467,19.2706069748,8.70081017422,81.09999999999967
667,0.237620464732,-19.8430176588,-0.624118955216,-3.89554989188,81.09999999999967
668,0.248002879938,60.4011979776,3.12101220936,4.92840767984,81.09999999999967
669,0.43639004544,-19.2364724135,0.185899334276,-4.86390961473,81.09999999999967
670,0.205508142506,-16.961458435,-1.88982892322,-2.56620078175,81.09999999999967
671,0.143913895313,-20.6618091138,0.847712037457,-13.3563736225,81.09999999999967
672,0.181589550619,-20.5654354065,-4.20243145298,-4.85283252107,81.09999999999967
673,0.145969120695,-13.6658825135,5.32781026541,-12.5749919508,81.09999999999967
674,0.138702813919,-21.7488947314,-0.107907527143,-8.243925507,81.09999999999967
675,0.121288465274,-15.5743620905,-2.86738942001,-0.0465958139835,81.09999999999967
676,0.625203501505,-17.2268260725,0.856742757051,-3.27967999591,81.09999999999967
677,0.688853218971,-20.7917368281,2.30243211966,-3.2461162679,81.09999999999967
678,0.943208251959,-13.912993305,8.10900254222,-7.13646805688,81.09999999999967
679,0.120132007167,-17.7487151229,1.92260659362,-6.2002359376,81.09999999999967
680,0.168677160369,-49.2868091312,28.9277808255,5.10913858217,81.09999999999967
681,0.190676787164,-19.3229848152,-5.33713976302,-1.46022621264,81.09999999999967
682,0.829532870816,-39.0714437319,35.1816484745,14.8925930309,81.09999999999967
683,1.10253609959,-11.8002702871,-9.43372270978,-6.40060508669,81.09999999999967
684,0.462554101909,-17.3619253077,0.345561023522,-1.68634378634,81.09999999999967
685,0.369981285882,-22.233884474,-1.09411466387,1.02725733839,81.09999999999967
686,0.541784611998,-15.410586744,2.86045795292,-6.90583755922,81.09999999999967
687,0.462843586905,-18.141427347,-0.674870776354,-4.74266543933,81.09999999999967
688,0.903130704813,-20.7422730642,54.7925473836,-53.2333848976,81.09999999999967
689,0.70120161164,-18.5008109437,1.60852022845,-6.64102198511,81.09999999999967
690,0.2979054163,-20.2461336627,-2.20671567341,-1.52595139188,81.09999999999967
691,0.571979659479,30.7668795423,-5.51396932663,30.3926642225,81.09999999999967
692,0.834436536334,-18.2405544562,-0.87047690465,-7.3609100205,81.09999999999967
693,0.246237704591,-18.4188497543,-3.63545319262,-4.98129645034,81.09999999999967
694,0.415300956775,-25.2022909465,0.26841075989,-3.20633942822,81.09999999999967
695,0.11723791759,-24.1531135146,-12.1033635997,-11.4462245323,81.09999999999967
696,0.254934816769,-13.5071582889,-4.08835704153,-15.9265239103,81.09999999999967
697,0.295699006544,55.0299116639,57.1174226472,-19.8779498296,81.09999999999967
698,0.197194009995,-16.6486710701,-4.84338130614,-6.32321058259,81.09999999999967
699,0.401137089125,-18.2130767286,6.72272130334,-7.66023396903,81.09999999999967
700,0.500256828263,-18.9428277418,0.372913464426,-4.39479007657,81.09999999999967
701,0.274175011646,-18.4891859951,2.39524288511,-7.88209721951,81.09999999999967
702,0.43114757348,-16.4909562697,-1.68370591684,-3.74304026929,81.09999999999967
703,0.247772650052,-17.8117205305,1.47554837247,-4.83676597375,81.09999999999967
704,0.322961505754,-8.67120394044,4.48882151639,-5.5807907345,81.09999999999967
705,0.124343938684,-18.5264445502,0.490736082923,-6.50342413397,81.09999999999967
706,0.250739567607,-19.7093158301,0.0131497430818,-4.32878499323,81.09999999999967
707,0.192763783258,-19.7998063579,4.45268030454,-5.23664167472,81.09999999999967
708,0.582313724282,-18.7533430811,2.34670771802,-5.43293176381,81.09999999999967
709,0.155649433267,-19.8392449848,-0.449973120418,-5.62197405147,81.09999999999967
710,0.383647930072,-16.0985436652,-1.15641709682,-1.06385978188,81.09999999999967
711,0.146445895871,-22.0567491938,-11.9027419692,-1.67613244837,81.09999999999967
712,0.102226662363,-21.3578099411,0.976228676532,-3.15088341734,81.09999999999967
713,0.775947218928,-18.4718814527,3.11815311164,-1.76638746096,81.09999999999967
714,0.684608558791,-23.7165915369,3.08071817724,-5.24710257172,81.09999999999967
715,0.211590031761,-28.093363824,26.7839591161,-7.75205599814,81.09999999999967
716,0.205728011611,-17.4839831531,-2.77119259573,-5.54358035206,81.09999999999967
717,0.597995819384,17.203504401,1.04904238529,-2.26363031529,81.09999999999967
718,0.795956290856,-18.1888210196,-0.145713280972,-8.11361280729,81.09999999999967
719,0.342867050934,-22.4997838089,1.53267554381,-9.63993513705,81.09999999999967
720,0.666843616714,-20.4039979954,1.89463212327,-5.42197605758,81.09999999999967
721,0.137731243388,-19.8697265274,-3.03462474146,-8.48059200471,81.09999999999967
722,0.335274946942,-25.1354983982,5.10897936638,-1.17831212401,81.09999999999967
723,0.115736783076,-16.7732888095,-4.12950696549,-4.34302688066,81.09999999999967
724,0.547993701201,-20.8816260948,-0.861519250339,-6.83129893912,81.09999999999967
725,1.22789035504,-21.8283151065,1.73830854856,-0.00391144759584,81.09999999999967
726,0.102663290089,-18.4727261845,3.17211578725,-8.71068265056,81.09999999999967
727,1.36509732125,-20.2274430298,0.0391361071337,-3.51056871368,81.09999999999967
728,0.232466016243,-19.2146987467,-13.6700202108,0.401904203477,81.09999999999967
729,0.388480242467,-21.6384396629,1.55227975178,-4.73818669625,81.09999999999967
730,0.109748936949,-15.1415749873,1.08558167229,-3.30853825081,81.09999999999967
731,0.162910626728,-19.54731739,-0.545698718416,-3.63092266408,81.09999999999967
732,0.241848061025,-21.875463375,-4.18785605701,-4.99769511559,81.09999999999967
733,0.586940095092,-19.0336165272,-2.25583195743,-4.22673576765,81.09999999999967
734,0.707227884988,-17.9446894161,-1.72184030087,-4.84823990683,81.09999999999967
735,0.126115876449,-30.9545254582,-5.30375275859,-15.1056363971,81.09999999999967
736,0.299527006949,-23.5955631865,0.910783252359,-12.734593306,81.09999999999967
737,0.261712271146,-9.45243329208,-4.32961455704,-4.42970577731,81.09999999999967
738,0.465545390563,18.1757234357,23.1078021407,35.4616530949,81.09999999999967
739,0.139084769553,-19.5326442277,1.48029603241,-7.03101052598,81.09999999999967
740,0.116845609088,-20.4637559957,-0.439092267445,-4.80089248064,81.09999999999967
741,0.170896550955,-8.45681686598,-1.0970755565,-5.2540022415,81.09999999999967
742,0.161905551685,-12.7003096685,-4.32422728351,-0.465747882387,81.09999999999967
743,0.121548344925,-18.5172316937,2.3553481484,0.77014319416,81.09999999999967
744,0.709007293416,-19.4941719956,0.539371721488,-3.33330281866,81.09999999999967
745,0.276082324563,-26.7415080503,1.10841285759,-2.51071466636,81.09999999999967
746,0.73168325011,-18.518489999,0.189384528094,-6.56907950745,81.09999999999967
747,0.929294810737,-18.2146373832,-1.34910107788,-2.67252380488,81.09999999999967
748,0.101676854024,36.5433234109,3.35938124636,-59.4760054379,81.09999999999967
749,0.699386049028,-17.5668512852,0.831513202573,-4.64369107333,81.09999999999967
750,0.242138152547,-10.3751964335,-4.16099873691,-5.42637995696,81.09999999999967
751,0.577859814762,-20.4519808279,-1.73036181038,-7.31849059105,81.09999999999967
752,0.124103458414,-17.6693764184,1.43302241899,-2.80511056795,81.09999999999967
753,0.237140579014,-18.254114583,-2.59733533222,-9.37419369158,81.09999999999967
754,0.252735645668,-18.6758733209,-3.30707768698,-3.70421740469,81.09999999999967
755,0.208799630526,-24.258540732,-12.1768767283,-15.2186012442,81.09999999999967
756,0.258346836507,-20.6513984738,2.45807001619,-3.51647455345,81.09999999999967
757,0.175609154716,-28.332793839,-9.78385210737,1.04992849116,81.09999999999967
758,0.127181677011,-43.7049264554,-71.8448921767,15.7272300768,81.09999999999967
759,0.174875603836,-19.1108525967,-0.0741039488515,-4.32247556664,81.09999999999967
760,0.102209119385,-23.487097691,-0.348980797895,-10.2144856171,81.09999999999967
761,0.632212783972,-55.7857959485,-28.759217328,-41.0755282499,81.09999999999967
762,0.245610076438,-18.7249988253,-0.304385933284,-4.29720787906,81.09999999999967
763,0.287488091634,-17.7144942948,2.78119619562,-4.54425176577,81.09999999999967
764,0.131139771587,-16.5116612004,2.06915547688,-1.78929289496,81.09999999999967
765,0.257620931452,-23.2569472352,-1.34375491939,-10.3753422349,81.09999999999967
766,0.216767185766,-31.3013387458,15.6896211339,-20.2815638774,81.09999999999967
767,0.127729647365,-17.8177092698,-5.22691849154,-3.13710814862,81.09999999999967
768,0.135032352859,-18.9829090785,-1.89480737063,-6.41533927446,81.09999999999967
769,1.30976520894,-16.4980752637,-5.509992389,-7.18854562488,81.09999999999967
770,0.10095604437,-20.2514073164,1.16003928183,-8.68353979085,81.09999999999967
771,0.456654930546,-28.3729797857,8.64029022343,-12.0023387712,81.09999999999967
772,0.132945803077,-19.088582955,0.0296536315065,-4.73055053758,81.09999999999967
773,0.131672104752,-44.9733375751,-21.6924475161,-2.27549354193,81.09999999999967
774,0.152009820511,-19.3303505936,-4.13222810298,-3.05147043765,81.09999999999967
775,0.220304103285,-15.3918681641,-1.40162877624,-6.02505447741,81.09999999999967
776,0.406180303443,-18.8031242552,0.535224067441,-4.4259834265,81.09999999999967
777,0.516024987743,-18.8604769309,0.472787837696,-5.36296306023,81.09999999999967
778,0.161109142101,-14.4724957687,5.58593581499,-18.8853623975,81.09999999999967
779,0.500250828638,-15.3419653131,2.10118799299,-8.40347968129,81.09999999999967
780,0.415194905695,-18.0468959304,0.857096644928,-10.257882842,81.09999999999967
781,0.494462470063,-15.7466904361,0.980578495507,-6.03755790036,81.09999999999967
782,0.111531868546,-15.8297083019,2.08363476134,-5.89128488192,81.09999999999967
783,0.517032910934,-21.2117969653,11.5424099606,-8.73923607397,81.09999999999967
784,0.205373281601,-18.7945413148,-1.48949352748,-4.69766341286,81.09999999999967
785,0.299135527854,-18.8377165499,-1.8569328661,-5.90624321331,81.09999999999967
786,0.103048816978,-20.160733227,-1.05250374783,-3.84376518168,81.09999999999967
787,0.198489779003,-144.874381396,1.52681473991,64.6643515332,81.09999999999967
788,0.94694562999,-18.6753629205,1.21363508908,-4.7513918206,81.09999999999967
789,0.853608678879,-16.3323139567,2.3678996677,-3.93996284426,81.09999999999967
790,2.44970549316,-18.0489979741,-2.26943114068,-4.41353880941,81.09999999999967
791,0.501469768235,-18.4380788473,0.0503635057322,-5.08430726117,81.09999999999967
792,0.159850381256,-17.5815670279,-5.17276586326,-4.86912563003,81.09999999999967
793,0.275075619968,-18.4264200307,-0.214987805984,-5.80712655976,81.09999999999967
794,0.157307082777,-18.3738713003,1.15500551918,-3.20037300224,81.09999999999967
795,0.200322577649,-18.2617795816,0.943874080409,-6.74689969758,81.09999999999967
796,1.12079709034,-19.099897995,-0.076393510047,-4.89756692046,81.09999999999967
797,0.818465909077,-21.497666377,-2.77120973502,-3.5349032766,81.09999999999967
798,0.233100483324,-67.6292909302,-3.44265352241,-113.376701459,81.09999999999967
799,0.223516027094,-21.263234282,-4.23497985776,-3.54254998757,81.09999999999967
800,0.225960532636,-16.1861104692,-1.32727555852,-5.42310578389,81.09999999999967
801,0.108419483387,-17.9884934248,0.269449880671,-8.70634213799,81.09999999999967
802,0.906404351713,-17.327429962,0.0525103383906,-5.93285044146,81.09999999999967
803,0.37906683027,4.37819445609,1.35905132495,7.92830011921,81.09999999999967
804,1.96239481447,-19.0405520981,0.12482137871,-4.4612965671,81.09999999999967
805,0.255230327557,-16.4167643949,-0.124080311895,-4.53593737712,81.09999999999967
806,0.179615482654,6.11525680303,-23.0073471025,29.118241702,81.09999999999967
807,0.115464214021,-15.1457576582,1.79426363194,-12.2486800458,81.09999999999967
808,0.611452225964,-15.9627376053,0.145802638924,-7.16990225502,81.09999999999967
809,0.166116145805,-20.0560314276,1.94517974843,-5.62087235385,81.09999999999967
810,0.561222509324,-23.8469890364,4.30595578559,1.92116071616,81.09999999999967
811,0.718077399608,-19.6306378531,10.7907185729,-5.3468866666,81.09999999999967
812,1.87857580612,-18.8375051634,0.411302269962,-4.65000755805,81.09999999999967
813,0.347673243226,-19.7222689558,-1.46773018225,-4.92580782771,81.09999999999967
814,0.128635952986,-18.051411113,-2.51923528961,-4.71060163927,81.09999999999967
815,1.07526584412,-42.4532151954,23.9619947472,41.3758381389,81.09999999999967
816,0.421471963843,-19.3381055039,11.285924116,-13.9930905504,81.09999999999967
817,0.101300620468,-19.929974183,-0.328671935606,-4.67832584965,81.09999999999967
818,0.137636573726,-12.6079835153,40.8019311608,3.06634590132,81.09999999999967
819,0.312765661645,-16.049305075,4.39989702263,-1.63321972299,81.09999999999967
820,0.667049980154,-19.4986955623,2.06725452854,-2.36455070715,81.09999999999967
821,0.239555100593,-18.3172691873,1.1877574401,-3.40893955772,81.09999999999967
822,0.169159453804,-10.3229942718,-5.00477985718,-2.34268364963,81.09999999999967
823,0.21478233866,-18.9511287764,0.510286987316,-10.0816979215,81.09999999999967
824,1.07292446483,-19.582315387,-0.882269074869,-4.47357639251,81.09999999999967
825,0.312090296576,-18.7318355939,1.3555235105,-5.26655908397,81.09999999999967
826,0.318958633376,36.2931722183,31.6964957192,60.6751311887,81.09999999999967
827,0.358199238822,-23.8823145982,-4.7286287165,-2.74292454991,81.09999999999967
828,0.764091770545,-18.8919661764,-1.94092392723,-4.59678974616,81.09999999999967
829,0.138445269496,-21.6512386445,0.17922137911,-4.30034865157,81.09999999999967
830,0.462946351966,-21.9485094836,1.73441615665,-6.48347768671,81.09999999999967
831,0.681713807514,-28.4906183794,2.38660698742,-7.70676577447,81.09999999999967
832,0.254927848664,-21.990737897,-2.79037092168,-2.91709143382,81.09999999999967
833,0.484655037148,-17.763383058,1.02901252532,-5.30758798036,81.09999999999967
834,0.683234704522,-16.9854891083,0.823290021638,-5.78086424634,81.09999999999967
835,0.412724916089,-20.9664536655,-0.271581446816,-0.879818424776,81.09999999999967
836,0.117910382555,-2.65268839367,-9.27660199845,-2.23860350391,81.09999999999967
837,0.767157737336,-17.9978511477,-1.51870887978,-6.19383369953,81.09999999999967
838,0.10637375366,-16.9941686389,0.37939301478,-5.51756726251,81.09999999999967
839,0.964960538951,-25.4695884875,-1.78381599931,-5.24567572967,81.09999999999967
840,0.312442616725,-15.2996581296,-2.18729544099,-6.58185554628,81.09999999999967
841,0.710820679949,-17.5885004849,-1.5170691335,-7.11864976343,81.09999999999967
842,0.104914379501,-19.1120290559,0.247316314126,-4.72500403845,81.09999999999967
843,0.214199161058,-18.182324949,-0.439667301164,-4.33672675571,81.09999999999967
844,0.38745857265,-16.2746529013,-1.30984886676,-4.56354087959,81.09999999999967
845,0.392410714915,-19.6088921262,1.37946726786,-8.17651534417,81.09999999999967
846,1.78554787123,-15.060396275,0.236396188752,-5.56166643153,81.09999999999967
847,0.641797027777,-26.4669288856,-40.0158668282,0.830559744021,81.09999999999967
848,1.30769037806,-19.3059714184,-0.989580493205,-4.10223948522,81.09999999999967
849,8.93595790309,-19.9605250849,0.793793436063,-2.20434493367,81.09999999999967
850,0.122705211061,-17.5050667648,-5.15718667968,-1.55622142573,81.09999999999967
851,1.17317939901,-15.0878424111,-0.331672366149,-5.78031049149,81.09999999999967
852,0.389820448886,-12.6874677307,-1.032470223,-5.40731054551,81.09999999999967
853,0.145690510023,-19.0652148957,0.0124696806414,-5.87679235903,81.09999999999967
854,0.250509120751,-18.8354182482,1.26268031949,-4.31262481834,81.09999999999967
855,0.300163415611,-19.39189445,0.957700036231,-3.99372655307,81.09999999999967
856,0.379343755466,-16.4650803211,-2.68173888641,0.511875255962,81.09999999999967
857,0.188715878232,-24.1008112861,-5.30924806632,-4.9762407531,81.09999999999967
858,0.160544603876,-11.9027922916,-5.93666417179,4.07203985143,81.09999999999967
859,0.335692120517,-20.5930235129,0.826494530413,-5.74147579374,81.09999999999967
860,0.585190254781,-13.3771022857,45.2383415687,-76.4410171118,81.09999999999967
861,0.856167525568,-19.9414628951,-0.5392023775,-5.30759188876,81.09999999999967
862,0.54302517891,-8.6531717846,-11.389016684,4.35610912627,81.09999999999967
863,0.124770993931,-26.3976008725,9.63375302176,5.71280514082,81.09999999999967
864,0.35838881334,-21.231750461,-2.219425771,-4.36534882388,81.09999999999967
865,0.11915286264,-18.6624980006,-0.695956493035,-4.69064848007,81.09999999999967
866,0.113929518656,-15.2967772213,3.02305062874,-1.83647934729,81.09999999999967
867,0.30744840844,-22.7183427701,2.30925081653,-5.57024416547,81.09999999999967
868,0.31793948853,-17.981174903,1.48453576354,-5.22862504508,81.09999999999967
869,2.92851213532,-18.895950798,0.374819486122,-4.43252732815,81.09999999999967
870,0.193514319195,-22.0730362492,4.03185526354,-1.97384067071,81.09999999999967
871,0.108256164966,-21.0453018987,-0.109137576549,-11.2835026647,81.09999999999967
872,0.164462989712,-19.0492754653,-0.367035279987,-4.22171915489,81.09999999999967
873,0.300171579012,-19.2975059155,-0.083560786055,-4.72774031801,81.09999999999967
874,0.501477554467,-19.5269137841,3.4072406764,-7.96023812907,81.09999999999967
875,0.185383410484,-18.759388202,4.31714381835,-2.48731761994,81.09999999999967
876,0.277809228715,-19.5507918083,-3.65720540418,3.64233289945,81.09999999999967
877,0.629058542578,-16.4903580457,-0.535309197436,-5.0805981804,81.09999999999967
878,0.382357141441,-30.4643884605,-10.6534371191,-35.9159747425,81.09999999999967
879,0.13397943173,-24.856743815,0.40586693185,-5.35269364295,81.09999999999967
880,0.101054726503,-18.7476824291,0.575124247144,-6.24302532413,81.09999999999967
881,0.441254275614,-21.7479267827,4.64221307513,-4.27715266592,81.09999999999967
882,0.110215796497,-26.6470469127,-4.41728452651,-4.61832817069,81.09999999999967
883,0.461284930914,30.1165375557,0.678765626608,-3.84878282844,81.09999999999967
884,0.417149345845,-19.5056135088,0.125331726647,-4.29760327924,81.09999999999967
885,0.704249396403,-19.1253458812,-0.774817214634,-3.91567758222,81.09999999999967
886,0.165552251454,-18.9733178282,-0.11299479017,-5.1985083022,81.09999999999967
887,0.106968230605,-18.4130805523,-6.10918213176,-4.50097728373,81.09999999999967
888,0.323565166358,-19.5466839421,-0.145328205958,-3.98903108112,81.09999999999967
889,1.29234888909,-18.4613956587,-0.361131161379,-4.67733368019,81.09999999999967
890,0.488224449743,-19.3580331396,-0.303995009327,-4.83694283366,81.09999999999967
891,0.139177383821,34.1806807696,59.8844289708,63.5806419163,81.09999999999967
892,5.10445988615,-19.0536537992,-0.525342053736,-4.23914610649,81.09999999999967
893,0.181344364873,-87.8028242277,76.2240518924,-61.7091404717,81.09999999999967
894,0.140764110761,-15.2701705892,-8.47615312046,1.49383342229,81.09999999999967
895,0.275956186827,-41.9667439315,-1.15492705811,-3.4696228577,81.09999999999967
896,0.21587909183,-17.4647887328,0.869621835019,-4.89725020352,81.09999999999967
897,0.108526922378,-13.9083018726,3.95403712698,-0.30591201612,81.09999999999967
898,0.140179211539,-18.2717059252,0.948571536304,-3.54654817776,81.09999999999967
899,1.06792171743,-20.6069096962,1.73573138843,-0.907965960045,81.09999999999967
900,0.131149411741,-21.1328308944,-3.89429451854,-6.5709711359,81.09999999999967
901,0.439752831283,-21.5828632745,-0.0744057300009,1.15399941777,81.09999999999967
902,0.966900281665,-21.3295967468,-5.27529567973,0.888200769538,81.09999999999967
903,0.475697660252,0.661765634376,-15.9889429647,19.7304420614,81.09999999999967
904,0.124145800783,-24.3913692739,-2.67982611382,-8.38409668894,81.09999999999967
905,0.196711533989,-23.7353932802,7.07110736545,2.3272422239,81.09999999999967
906,0.27538126105,-21.9196879947,-3.43926741547,-5.03101899796,81.09999999999967
907,0.68240568658,-19.4541119394,-1.95391383127,-5.87247372462,81.09999999999967
908,0.236509894787,52.4211553259,14.0999460444,3.01534132604,81.09999999999967
909,0.186377753326,-21.3456887649,1.86382726669,-4.30142615786,81.09999999999967
910,0.143045085178,-21.6637290952,4.13823820846,-4.80972866993,81.09999999999967
911,0.572113297433,-20.5806412579,-1.33982763242,-6.83038992164,81.09999999999967
912,0.213971182903,-16.7274042575,-1.92393457534,-3.77714428514,81.09999999999967
913,0.16581320924,-18.9888134233,-4.75403449444,-1.31298529456,81.09999999999967
914,0.12679489132,-17.655205705,-0.574398883949,-0.224098404931,81.09999999999967
915,0.133562205124,-44.5460335968,-10.1855927768,19.8256396611,81.09999999999967
916,0.932613973897,-19.5714521905,-0.618251013193,-4.26373634012,81.09999999999967
917,0.625598448573,-19.6344899854,-4.06877076783,-7.04052352117,81.09999999999967
918,0.104664028004,-19.4454826672,-2.76636865933,-48.5602825612,81.09999999999967
919,0.119585059389,-26.0822369779,2.9313875707,-4.20622392358,81.09999999999967
920,0.118398163169,-24.8768272959,38.8087276466,-25.298887819,81.09999999999967
921,0.302852734649,-20.4215931204,0.831248030538,-2.59556380153,81.09999999999967
922,0.99040155649,-24.5958806946,-1.34690083132,-5.49031013152,81.09999999999967
923,0.271944577259,-20.0293892408,-2.0289149442,-4.12480860418,81.09999999999967
924,0.452365683131,-22.1800511342,-5.79415171654,-7.25589904836,81.09999999999967
925,0.146564282906,-18.1291008284,-1.68097668416,-5.20379549053,81.09999999999967
926,0.137745989391,-46.201599413,-12.4388523437,21.4387696759,81.09999999999967
927,0.161016631267,-14.7684009272,-35.2502936987,-41.5560247138,81.09999999999967
928,0.191159712602,7.85814999431,11.4076349974,-17.9111685413,81.09999999999967
929,0.545598059462,-15.1969973732,17.5569747368,-40.0167459725,81.09999999999967
930,0.25479529998,-17.8507684473,-3.14221063359,-6.00705780931,81.09999999999967
931,0.205501722412,-12.5208516552,6.01019621131,-15.1420165298,81.09999999999967
932,0.142425774013,-18.7350377297,-1.16279868434,-5.5014843778,81.09999999999967
933,0.120985693275,-19.092869164,0.208055794577,-5.06104823745,81.09999999999967
934,0.180938522657,-16.8176705838,-6.37738840914,-3.1363314362,81.09999999999967
935,0.383902532939,-17.9586164028,-3.01979284575,-0.509106989015,81.09999999999967
936,0.440575657751,-24.2338606924,3.11036223598,-10.3899607096,81.09999999999967
937,0.35614451328,-19.4779703747,0.309534319769,-0.237137398777,81.09999999999967
938,0.470484734828,-30.1455139576,8.26560461954,-9.47129269775,81.09999999999967
939,0.137887160486,-19.4857199297,-0.808027131679,-8.49353818596,81.09999999999967
940,0.35982593057,-19.1136612329,-1.1584494454,-5.12542615485,81.09999999999967
941,0.803409518171,-17.8976019749,0.842829215073,-6.03707763878,81.09999999999967
942,0.494236489189,24.6758898919,-5.27608601672,-49.9912790179,81.09999999999967
943,0.401269438664,-17.8970807028,0.422387481173,-2.48365142101,81.09999999999967
944,0.457021553534,-21.5929158505,-4.32197430271,-5.08853388854,81.09999999999967
945,2.11183216227,-26.9283479842,-4.75417758848,-1.72713084183,81.09999999999967
946,0.59892992125,-19.8188245371,5.02859281005,-4.17412099188,81.09999999999967
947,0.248238479534,-21.0835390032,1.64003596317,-7.05833582191,81.09999999999967
948,0.42067832449,-16.347258003,-12.3837077088,3.26019477083,81.09999999999967
949,0.102614389245,-19.40129396,1.39533740432,-3.70120472687,81.09999999999967
950,0.356963158782,-20.202829646,3.69116458233,-2.09682726135,81.09999999999967
951,0.685547348681,6.63599374823,24.2484998134,-70.9802487911,81.09999999999967
952,0.388489938105,-14.9379450536,-4.42732503487,-4.05463247022,81.09999999999967
953,0.167896925531,-25.8646301401,2.24536375582,-2.50155492156,81.09999999999967
954,0.169589356586,-24.7096071525,-3.22310045983,5.19894237839,81.09999999999967
955,0.205805514097,-20.4202517785,0.172554721727,-5.07164134809,81.09999999999967
956,0.102367976789,-20.4380744103,0.512194789151,-7.27415287682,81.09999999999967
957,0.916086243726,-28.3297735588,-8.61404614488,7.35869549423,81.09999999999967
958,0.344812359056,-20.4335306757,6.0599138248,-9.24653124391,81.09999999999967
959,0.417666093985,-20.2002719251,0.233837434584,-4.48227081046,81.09999999999967
960,0.69312922275,-13.3620405369,1.1941907399,5.06293755777,81.09999999999967
961,0.262602188463,15.5386738639,31.3718508769,-22.1388547102,81.09999999999967
962,0.60779784474,-19.8826507019,0.0163201375777,-3.10170850904,81.09999999999967
963,0.187942380549,-18.4100417375,0.0230891863213,-10.2436237916,81.09999999999967
964,0.491181934652,-11.6143304325,-2.49372982128,-7.01307079769,81.09999999999967
965,0.311202072743,-18.4884744204,-0.862397662696,-5.26543919137,81.09999999999967
966,0.106099537918,-23.037497851,-0.219065181714,-1.89979117015,81.09999999999967
967,0.146919809044,-19.5409287868,0.795647821489,-6.04545353673,81.09999999999967
968,0.142016631951,-19.0715497374,1.13476158452,-5.12101252859,81.09999999999967
969,0.102019697372,-19.7340753729,-0.389427961854,-6.14914972327,81.09999999999967
970,5.53549155539,-19.3082093544,-0.450304927295,-4.30204269674,81.09999999999967
971,0.532554864293,-38.107756355,5.31806165863,-1.44514522913,81.09999999999967
972,0.236892709913,-19.0282628595,2.6354153866,-2.65108844464,81.09999999999967
973,0.111086740283,-23.684392616,2.4684718942,1.20924850746,81.09999999999967
974,0.735121956025,-12.6572906524,-5.40107478622,-3.15497535341,81.09999999999967
975,0.853580571437,-15.1462141743,4.51623703832,-6.50732923954,81.09999999999967
976,0.224784129732,-16.7299295549,-4.78274095422,-8.66972239498,81.09999999999967
977,0.243235963166,-23.1777504593,-0.113700456929,-7.94959552551,81.09999999999967
978,0.18926077988,-21.1037610035,1.10799019276,3.22043544399,81.09999999999967
979,0.395708984921,-17.1078818118,-0.849549936739,-3.4078910508,81.09999999999967
980,0.457508946715,-19.6537544647,-2.27600832347,-6.13915964394,81.09999999999967
981,0.174008055836,-14.6620354397,-4.0186740019,-6.90612747494,81.09999999999967
982,0.167376968285,-18.3472553244,-3.51902004385,-7.29318669404,81.09999999999967
983,3.11789144589,-19.2502948947,-0.202145478363,-4.45551008649,81.09999999999967
984,0.422551998967,-26.7708128077,8.75650174537,-11.8579383121,81.09999999999967
985,0.4300238538,-20.7335673041,-1.15292856987,-8.40142597438,81.09999999999967
986,0.131342294165,-21.3613336517,4.51928780739,-6.09814380034,81.09999999999967
987,0.131802101509,-17.9400116612,-1.21182843077,-0.010932576158,81.09999999999967
988,0.403001897115,-30.8751164611,-19.1007084483,15.5622232892,81.09999999999967
989,0.4175810233,-21.352234428,-2.36214296792,-4.46790482886,81.09999999999967
990,1.61388214941,-28.2615561247,17.4907994182,0.695952864164,81.09999999999967
991,0.193315897562,-17.5740356935,7.55492541777,1.873544645,81.09999999999967
992,0.139122963368,-18.3561477649,2.48379687505,1.15591249226,81.09999999999967
993,0.660493618463,-18.3802428297,1.44745142983,-6.00633175032,81.09999999999967
994,0.188212753535,-19.1788922258,-1.11569748255,-5.52370789416,81.09999999999967
995,0.123233208476,11.5997041276,4.5533754572,8.3067431387,81.09999999999967
996,0.106205150248,16.7416943172,-42.1744239574,154.018434648,81.09999999999967
997,0.13853786986,-21.9489952705,-7.30118118649,-6.47062165203,81.09999999999967
