Star_ID,Mass (MSun),X (pc),Y (pc),Z (pc),Simulation Time (Myr)
0,0.262863863062,-15.9678583787,-14.2140760279,4.39668107474,69.00000000000036
1,0.104933270241,1.97346590255,-3.09235801436,-2.90699232387,69.00000000000036
2,0.18183791588,-4.89175923914,0.821511044887,7.14387983845,69.00000000000036
3,0.162304576492,3.78136951553,-5.40137536571,8.34075664461,69.00000000000036
4,0.164740144241,-3.04998846035,-10.8206048022,1.68453972684,69.00000000000036
5,0.193179735108,-0.212444225613,-1.14574284166,-0.677591699715,69.00000000000036
6,0.143021004619,-2.45711381469,-1.25803279014,4.62131313735,69.00000000000036
7,0.622408934031,-1.47033370612,-3.99377385564,2.10786112808,69.00000000000036
8,0.734954806993,-1.22574095981,-5.0580710785,2.39037875858,69.00000000000036
9,0.23686948102,-3.11185539404,-4.29838765816,-0.146803418078,69.00000000000036
10,0.127619762628,1.49690754621,-6.63256562801,4.27174930441,69.00000000000036
11,0.194968288178,-18.1357877201,73.3136928734,29.4128446739,69.00000000000036
12,1.29402579036,-1.53215303597,-7.32895401334,8.73636690623,69.00000000000036
13,0.125495739275,-2.32321832767,-6.99354072817,1.25069140986,69.00000000000036
14,0.201190491973,3.93271372222,-10.6535691168,3.71020315858,69.00000000000036
15,1.11613328553,-0.920080704312,5.71036578794,9.60025678121,69.00000000000036
16,0.369104220944,-1.33383861711,-5.7961621432,6.07136504099,69.00000000000036
17,0.256324617993,-5.81213698349,-9.36364620915,8.42350642434,69.00000000000036
18,0.102195112491,5.16833769564,-5.68512390691,3.95480657829,69.00000000000036
19,0.102328908961,-0.963446083282,-6.15131299425,3.19675642176,69.00000000000036
20,0.817440554587,-5.54500504531,-9.65007291777,5.52353713351,69.00000000000036
21,0.339833333074,0.228893771174,-7.86465120398,4.44903014743,69.00000000000036
22,0.108363671203,4.91864846926,-11.6213416537,4.44487707543,69.00000000000036
23,0.59878824701,1.41256378794,-4.98450650862,5.22671351573,69.00000000000036
24,0.271792931324,-1.48653573617,-4.87418732726,3.43016580236,69.00000000000036
25,0.624558837139,11.9044661178,5.56454798527,-23.8239244904,69.00000000000036
26,0.181678896628,-13.4489120637,21.5531219729,-21.6064637283,69.00000000000036
27,0.511701672734,-0.337315500561,1.86380647188,4.01909476734,69.00000000000036
28,0.141902986762,1.11423526111,-3.14016263752,2.10049574063,69.00000000000036
29,0.125653154436,-6.29147897889,-3.51197335468,8.43892941734,69.00000000000036
30,0.872430751839,-4.92574442591,-8.07847191725,1.78558124941,69.00000000000036
31,1.17909366024,-5.42392539419,-1.14663394584,3.7222829515,69.00000000000036
32,0.133305231314,9.28865015888,-1.20949011033,2.3231584514,69.00000000000036
33,0.120729408436,9.82705342995,-25.166811051,19.4943802369,69.00000000000036
34,0.309041740234,-45.9364379206,-9.04861375371,-1.01979261454,69.00000000000036
35,0.878167320141,0.717257198612,-5.99047011804,4.31426521239,69.00000000000036
36,0.593255747743,-5.56785994457,-8.46796573351,-1.57270106861,69.00000000000036
37,0.268690143467,3.82725993481,-15.9240230383,-5.14261286283,69.00000000000036
38,0.144152390749,-23.0659173755,-12.7048341448,40.3994653204,69.00000000000036
39,1.80682181338,-0.713699792079,-4.76622841839,3.53646658192,69.00000000000036
40,0.194538208216,4.95967057058,-2.49964823022,-7.18767769037,69.00000000000036
41,0.693186264371,-1.30635585347,-3.17354384424,2.68011048415,69.00000000000036
42,0.296187370383,-2.8699425418,-6.44158438183,2.14978698683,69.00000000000036
43,0.336205727991,0.368539284341,-6.45831619033,2.86244396619,69.00000000000036
44,0.676305096108,-2.76744383309,-3.77959939393,5.46127620742,69.00000000000036
45,0.259834136778,14.9195807328,14.092301,-1.81345240036,69.00000000000036
46,0.232426955044,-1.04099013793,1.57902190109,2.26888252961,69.00000000000036
47,0.242466128636,-6.3110218741,-0.148963257729,4.416274284,69.00000000000036
48,0.379098978527,-0.515720716325,-2.97177890852,2.61964868764,69.00000000000036
49,0.397110209667,-1.24844228788,-5.08104769931,2.42483217822,69.00000000000036
50,0.12726827974,-0.951836584384,-5.53794641394,2.5107632227,69.00000000000036
51,0.239179978966,-2.71093586185,-2.42089255654,5.8473943017,69.00000000000036
52,0.355770205939,1.1046536871,-2.23431242534,59.967962271,69.00000000000036
53,0.889664636644,-6.97032275857,-7.73531820696,3.96818863461,69.00000000000036
54,0.369744972342,-2.01099630349,1.69489568001,1.29522067599,69.00000000000036
55,0.168840791346,-1.00128560658,-2.27809570298,6.2830383833,69.00000000000036
56,0.365652891084,2.27619020091,-1.0843655211,2.41493006823,69.00000000000036
57,0.128517229249,0.18640830134,-5.94682302357,-4.77919680993,69.00000000000036
58,0.404493911555,-15.4092760231,3.88866963244,-7.43268183243,69.00000000000036
59,0.126851706985,1.15192110535,-2.74561962736,2.98700360379,69.00000000000036
60,0.137559576996,-8.87881520773,-7.34081009598,7.84310643122,69.00000000000036
61,0.200572730076,-4.25587355066,-7.3240130116,2.02721108082,69.00000000000036
62,0.15815590732,-1.45610544511,-6.03682177102,7.37932018276,69.00000000000036
63,0.882842007425,-22.5216932982,51.5139572624,1.53700375883,69.00000000000036
64,0.263693816926,-0.414680000219,-3.32934665828,3.1057905591,69.00000000000036
65,0.352181724505,-7.25778201738,-14.3491157797,2.55076599734,69.00000000000036
66,0.340833355236,1.80535698228,-8.93554503523,0.271446915818,69.00000000000036
67,0.636673428662,-0.925994156764,0.774419444434,-1.85165356591,69.00000000000036
68,0.141494105301,-2.48555109043,-4.10995019952,4.68290525188,69.00000000000036
69,0.147475750327,3.88006984409,-17.1572738371,17.0928354811,69.00000000000036
70,0.126250658993,0.519774259357,-4.00733729855,3.46801857107,69.00000000000036
71,0.126163879085,0.884243634231,-3.21817444431,1.34816233492,69.00000000000036
72,0.533786719177,-3.06959323374,-3.02417205049,11.9493037035,69.00000000000036
73,0.127224217064,0.960550652716,-3.93238450934,-3.1972498161,69.00000000000036
74,1.49584119454,-5.43747826708,-6.67392549416,2.11032548779,69.00000000000036
75,0.637615308541,1.59047030809,-1.80567975891,5.57871396074,69.00000000000036
76,1.62189002927,-2.36060549679,-1.27502440926,2.2383020138,69.00000000000036
77,0.817829943703,-3.80146143306,-3.76138032253,-1.23616094819,69.00000000000036
78,0.367202262454,-5.07406543993,-5.03118976825,1.06657121981,69.00000000000036
79,0.189776846321,-0.173613659774,-5.06938143931,3.60873562068,69.00000000000036
80,0.123408875278,-3.61362946943,-5.51652646378,0.887534479659,69.00000000000036
81,1.37817023352,-3.6715681758,-7.69702831139,2.67022193842,69.00000000000036
82,0.359448767377,-2.20246726458,-3.30044330322,-0.119537968778,69.00000000000036
83,0.390397484676,-27.1325598872,12.838443091,-0.464693987009,69.00000000000036
84,1.06066859469,-1.3613224014,-4.20070090125,2.58681252162,69.00000000000036
85,0.667266692894,-10.0815338411,-8.11960597736,7.36484818225,69.00000000000036
86,0.127851577417,-1.65670924057,-5.54689706864,2.20338949983,69.00000000000036
87,0.180917443524,0.0400237717529,-6.14934336469,2.97003348366,69.00000000000036
88,0.218710228335,2.9737279973,-2.05963608053,6.81839044625,69.00000000000036
89,0.171132888747,-11.2148167797,-48.758465189,16.9006852313,69.00000000000036
90,1.68763230379,3.17251612453,-8.38658204088,0.403204659959,69.00000000000036
91,0.417704172629,-3.78145716448,5.72002946231,7.49058728795,69.00000000000036
92,0.749230898885,13.2417833528,-66.11567299,-16.4961949063,69.00000000000036
93,0.508164803857,-25.8690189031,69.3444761827,-20.7531950627,69.00000000000036
94,0.115947800648,3.37829238524,-9.85178075721,-3.57960333784,69.00000000000036
95,0.126709721911,-0.888096451643,-7.71143570975,1.08909505051,69.00000000000036
96,0.350872710379,-5.72193384786,-0.814706105046,4.60576024744,69.00000000000036
97,0.887882002201,-3.15919876517,-3.77174318256,1.54474660252,69.00000000000036
98,0.119408034745,-0.869921981757,-4.1711359104,0.755243434302,69.00000000000036
99,0.69811249913,1.25309744672,-4.68250926532,2.98668119239,69.00000000000036
100,0.141404344373,-3.34692640398,-11.6103379358,-0.408411927503,69.00000000000036
101,0.255146028193,1.14389831956,-1.22842355383,4.75994918143,69.00000000000036
102,0.919215796498,15.8482642711,22.4398175669,-4.60881749449,69.00000000000036
103,0.147972754249,-1.66737016291,-7.11978080879,0.847703738152,69.00000000000036
104,0.165734766545,0.392376961832,-5.19136329211,3.27896866325,69.00000000000036
105,0.410479760417,-3.70375173332,-5.65681248608,5.06804952174,69.00000000000036
106,0.107548180055,-0.846842581862,-5.35293942136,4.49499470854,69.00000000000036
107,0.212934977184,-3.97577812803,-5.48409603466,1.10866650813,69.00000000000036
108,0.107158120143,-15.869055163,-13.2134287466,8.75200194785,69.00000000000036
109,0.109253030645,-0.306543594288,-5.56985331542,-1.71412091152,69.00000000000036
110,0.353460682438,-12.007265789,-47.2786649557,8.38083244167,69.00000000000036
111,0.357148419141,-0.420080156793,-3.45880703217,6.00841049505,69.00000000000036
112,0.122935626497,-3.47998433454,-5.87610016755,2.65528785469,69.00000000000036
113,0.347927023553,-1.09420297874,-5.66288182882,1.96973785221,69.00000000000036
114,0.24387884808,12.2625874947,-58.47398621,31.8094546604,69.00000000000036
115,5.42665241333,-1.71490604797,-4.64009314483,3.22508231379,69.00000000000036
116,0.924713939607,-2.93969939088,-3.69720611819,3.21837246134,69.00000000000036
117,0.378813638851,0.612867162492,-12.4502104796,3.14922586495,69.00000000000036
118,0.219701363937,-1.81477913092,-1.67582046088,-4.7368002059,69.00000000000036
119,0.120115750787,-2.37188023664,-2.07828022433,2.63565975878,69.00000000000036
120,0.46389656043,-4.2774001084,1.32619008766,6.19906138291,69.00000000000036
121,0.481517576385,-14.571827885,-8.09117583166,-6.2752702546,69.00000000000036
122,0.149236065888,0.441910925291,-4.93410029584,4.91958878139,69.00000000000036
123,0.87143513482,0.367710842276,-2.66932579958,1.97038557933,69.00000000000036
124,0.504508475942,1.61184861733,34.9943384696,2.20501664638,69.00000000000036
125,0.104671821954,-7.52754707516,-2.40255728162,4.10256484133,69.00000000000036
126,0.56632570423,-4.87178265626,-3.30769411459,2.49938697724,69.00000000000036
127,0.238411886711,-28.4904000788,-48.8654343333,-24.6147038254,69.00000000000036
128,2.91357107998,-9.88238087673,24.9325138201,-4.18793302098,69.00000000000036
129,0.765234624646,-1.46824532369,-4.26358874231,4.2227646164,69.00000000000036
130,0.197102106914,63.1082976961,2.3930263684,44.8881148945,69.00000000000036
131,0.21715435186,3.6346257403,-5.75464533309,6.03729451963,69.00000000000036
132,0.301856732996,-2.56866818741,-4.07033758545,1.99010964313,69.00000000000036
133,0.549568645184,3.2762847873,-4.98981173587,2.82914303064,69.00000000000036
134,0.9765886041,-0.537463677612,-6.03617470425,3.00282301877,69.00000000000036
135,2.27712923155,-0.966723189244,-3.87800418011,1.33626120218,69.00000000000036
136,0.786806745115,0.660354719806,-3.18384924288,5.15067865307,69.00000000000036
137,0.188130417002,6.33253313321,14.1440571196,20.6102087481,69.00000000000036
138,0.120722451088,-3.02779727108,-0.51720843322,2.43450565987,69.00000000000036
139,0.279799013099,-0.655874052949,-3.49469611898,1.30972741304,69.00000000000036
140,0.134521233938,-2.45613913683,-7.65091857132,1.66369740715,69.00000000000036
141,0.665833657321,-6.89686398088,-9.20447931058,6.41377340808,69.00000000000036
142,0.239568765052,-0.88136672503,-6.75161967807,2.65683635433,69.00000000000036
143,0.47664505097,-16.8846644292,8.17581813827,24.9594132024,69.00000000000036
144,0.169759241437,-1.51946414702,-0.963062318536,5.79359009443,69.00000000000036
145,0.380607350792,-4.03971463685,-9.70680103254,1.71958404776,69.00000000000036
146,4.145967684,-1.11488654187,-4.46205183958,3.23790367213,69.00000000000036
147,0.677616805825,1.84902175756,-3.95663054104,2.83234913824,69.00000000000036
148,0.186409595425,-3.43767706952,-9.03899641682,4.50378431955,69.00000000000036
149,0.102279314187,4.20999375383,-6.47433419521,-4.59391617513,69.00000000000036
150,0.436029230844,-3.60708765506,-6.33636330096,1.81532317072,69.00000000000036
151,0.112963421297,-4.34899705878,-6.25693992585,4.04028371336,69.00000000000036
152,0.126630272857,27.5357347597,43.6832430259,-88.3026635821,69.00000000000036
153,0.351465087727,-4.58555365354,10.8544495364,12.4572902955,69.00000000000036
154,0.958803682124,-5.76200090836,-5.9668123765,3.23450561066,69.00000000000036
155,0.272862943459,2.88465852958,6.69881915213,0.289165306891,69.00000000000036
156,0.134539545389,-0.840548964913,-3.97888038951,3.37352110142,69.00000000000036
157,1.67780840653,-4.04494996975,-5.28150213973,1.34949454427,69.00000000000036
158,0.108711242948,-5.12180331306,-8.73836385302,2.87206260287,69.00000000000036
159,3.14750501277,-3.87443827495,-4.76036342401,4.86338962251,69.00000000000036
160,0.246252450006,-5.49138153832,-11.2181575412,5.80766325281,69.00000000000036
161,0.693431911819,-5.58819438503,-15.4251706027,12.1307746313,69.00000000000036
162,0.269543157245,-1.20687756832,-4.40960546737,2.07045167027,69.00000000000036
163,0.127133241467,-4.12692003521,24.7085396273,6.25997959485,69.00000000000036
164,0.245034585199,-0.103974206288,-4.78145725628,2.989444127,69.00000000000036
165,0.187464029206,-1.1068913113,-4.23886390224,5.03274688799,69.00000000000036
166,0.147477619358,-2.73660348752,-2.74953286382,4.31956724096,69.00000000000036
167,0.361714776221,-22.0270439968,-10.2299352132,-23.6806776991,69.00000000000036
168,0.304365702163,20.1323993412,-1.05295792533,3.04381409211,69.00000000000036
169,1.2078911177,-2.42709860604,-5.54881077962,2.74511483776,69.00000000000036
170,0.287784043975,-1.4186296543,-4.54677393504,1.75215331152,69.00000000000036
171,0.408870998445,-4.87936007962,-3.21261352089,4.26114374598,69.00000000000036
172,0.366706848061,9.10925805247,45.2615387763,58.7638953937,69.00000000000036
173,1.6523534244,-0.394132083083,5.81426646597,5.8217194907,69.00000000000036
174,0.132669735068,-1.45757873367,-3.58468944819,4.53437327288,69.00000000000036
175,0.387276271921,0.411456002894,-3.34643220415,5.38905282744,69.00000000000036
176,1.40340472441,-1.00627740734,-4.07505730127,-2.84319450565,69.00000000000036
177,0.112938122018,-1.09038100794,-6.64852798513,1.41001056806,69.00000000000036
178,0.19969399376,-0.0415225208498,-4.47845659937,4.96042654474,69.00000000000036
179,0.189427180948,-13.3565705341,1.09695969894,6.2715080402,69.00000000000036
180,0.110905091172,-1.03597786757,-3.38108478749,4.57322453017,69.00000000000036
181,0.100090558172,-12.4365286524,1.31951935561,3.59345084333,69.00000000000036
182,0.229065295961,-2.61844564096,-4.13185481409,2.39576476039,69.00000000000036
183,0.211550897458,-1.36968411788,-4.73002003152,3.72296151765,69.00000000000036
184,0.247654059564,-2.01561692808,-3.69163901584,3.34438850725,69.00000000000036
185,0.146981074428,-1.44589893912,-4.58101266767,1.41637339877,69.00000000000036
186,0.130546860912,-0.904641500625,-8.71641843041,4.69239799071,69.00000000000036
187,0.234385686333,-1.03062397017,-3.17051508313,7.20374621298,69.00000000000036
188,0.265339599031,-2.18010076481,-0.735181085812,-15.6944985056,69.00000000000036
189,0.217372489359,0.996546221345,-6.67620118674,0.479848737882,69.00000000000036
190,0.139187888505,2.72766668239,-16.005803997,5.35075985644,69.00000000000036
191,0.236299474942,1.17276110034,5.13659830958,6.17483284844,69.00000000000036
192,0.141239757339,-2.12025529808,-3.4567650675,4.2636355685,69.00000000000036
193,0.113225487678,26.0452116372,-8.62093676963,-43.9284721793,69.00000000000036
194,0.245600391517,2.42428167685,3.4458428585,16.2970139403,69.00000000000036
195,1.28266537937,0.91003780363,-4.15926477297,0.254014641725,69.00000000000036
196,0.209117038715,-38.6456226475,27.0255508316,-46.9649820741,69.00000000000036
197,0.138463496512,-1.23657048801,-5.42488555358,3.77665668482,69.00000000000036
198,0.189667525962,39.5362790833,54.5323893055,-4.19138690038,69.00000000000036
199,0.206980695797,-15.4981089328,20.0947801311,-17.3519031845,69.00000000000036
200,5.37271166941,-2.53644393696,-3.92578873955,0.991117770017,69.00000000000036
201,0.388293728241,-0.565400840179,-9.08020160081,-0.435959875032,69.00000000000036
202,0.236864539457,5.0138053415,3.04472131462,5.81889306569,69.00000000000036
203,0.39368189262,-0.739301587942,-1.41897483724,-9.05268576728,69.00000000000036
204,1.23034682766,-3.19368020183,-4.06449250037,4.24024036723,69.00000000000036
205,0.372791186574,-4.2514539905,-7.18687979023,0.363734427993,69.00000000000036
206,0.45323779272,-9.14277230221,-7.03750244783,0.217097890415,69.00000000000036
207,0.223908733006,7.3070415113,-2.13267774494,6.64963263168,69.00000000000036
208,0.103183445873,-20.472502713,46.5228765509,-47.6684306718,69.00000000000036
209,0.125761269756,-0.306177937456,-1.60171175865,5.49684185002,69.00000000000036
210,1.18517355532,-4.80768587195,7.57684789259,4.40522663664,69.00000000000036
211,0.545288586619,58.4220864935,30.1714080373,-0.485909084827,69.00000000000036
212,1.79516594112,-1.81237672296,-5.8514366245,0.425065573534,69.00000000000036
213,0.488233375501,5.98446589856,21.6885636085,23.3545272558,69.00000000000036
214,0.206826967496,0.578033788982,-6.53922246889,-1.85264086757,69.00000000000036
215,0.33550470149,-5.37035196913,-9.49289154743,-4.51555225809,69.00000000000036
216,0.253070726618,-6.64358566223,-4.18575365062,3.9035231858,69.00000000000036
217,0.516934992713,-3.10402246919,-8.45303343024,3.94093789999,69.00000000000036
218,0.813079279984,-4.50153656083,-5.49892435385,4.49692634659,69.00000000000036
219,0.239250930691,-5.42187126633,-10.8987943487,4.93073029685,69.00000000000036
220,0.100706451609,-5.90730757694,-3.3355711708,1.81756230096,69.00000000000036
221,1.66984562587,-1.93981667372,-4.96766529794,4.29818347138,69.00000000000036
222,0.281626849258,-2.34909139402,-4.66945793621,4.35063051866,69.00000000000036
223,0.206994353057,0.384911998249,-7.31932784512,1.36316580727,69.00000000000036
224,0.547726258958,-2.8719385258,-4.60534651155,4.36873402888,69.00000000000036
225,0.690039530272,-3.89706510922,-3.29959465591,4.81124801279,69.00000000000036
226,0.223931748789,1.86877653623,-5.29431954511,1.97599099874,69.00000000000036
227,0.185890457401,-1.05761896624,-3.2145981952,3.21113318707,69.00000000000036
228,0.142206403881,1.25034920389,-1.24276977068,-1.68337741285,69.00000000000036
229,0.134120684791,-3.86675340554,-10.3110448624,2.69761480857,69.00000000000036
230,0.305582287712,-3.47818144208,-4.64402816852,4.76296094868,69.00000000000036
231,0.270209536705,-4.01142081865,12.417266404,17.4433180971,69.00000000000036
232,0.251808010703,-1.24700181372,-7.02534109194,2.91360734605,69.00000000000036
233,0.34670787762,-12.9674863037,12.353635398,11.8713850058,69.00000000000036
234,0.168898147618,-8.19057111157,-15.5640740352,-1.91979441991,69.00000000000036
235,0.4572106106,9.43372662801,-8.02094164299,-5.48115569164,69.00000000000036
236,0.143373465359,-1.61749014482,-3.84310759072,-3.93963855653,69.00000000000036
237,1.22051206165,-0.0164335524678,-2.25590722321,7.75817628845,69.00000000000036
238,0.214305605783,-2.25727402266,-5.05090894456,4.83420848197,69.00000000000036
239,0.249166795069,-1.57583224851,1.4686827971,5.03999904252,69.00000000000036
240,0.292503421811,-4.64620949875,-5.37514526486,5.21422577771,69.00000000000036
241,0.858832208748,0.114044255551,-2.83799363182,3.81514257351,69.00000000000036
242,0.133524718375,-0.702813246658,-6.63995804957,2.36527915548,69.00000000000036
243,0.149883760094,15.0240396797,-11.0315248648,-15.8791884898,69.00000000000036
244,0.158077750333,3.71820641972,-1.38233236445,4.81758611285,69.00000000000036
245,4.34590660381,-2.24489476193,-5.46206613117,2.76138968413,69.00000000000036
246,0.152730498941,-6.7694824801,-17.5484204977,29.4660156869,69.00000000000036
247,0.108659260045,8.98423092705,-4.57215637669,13.4120858033,69.00000000000036
248,0.100948914736,-3.89220346263,-3.98648994085,0.362571483364,69.00000000000036
249,0.235352157771,-10.3160070143,-8.92356258981,22.9096378731,69.00000000000036
250,0.100475516968,-6.87390880376,1.13413910448,-1.97994536657,69.00000000000036
251,0.373004789328,-8.87603468317,4.0306537211,13.0364290825,69.00000000000036
252,0.154173238276,38.6400038777,-63.7440879548,-39.7372454194,69.00000000000036
253,0.106034675864,-0.131564193639,-0.65249884572,-14.481268296,69.00000000000036
254,1.88434386999,-3.44543513286,-6.11297866198,3.77041541017,69.00000000000036
255,1.73090801308,-5.50564731321,-0.503292454736,-0.23473354728,69.00000000000036
256,0.191604866282,1.34507808865,-10.3165878937,-5.86762325791,69.00000000000036
257,0.661435370277,6.55224494689,-1.02645751673,2.38068982684,69.00000000000036
258,0.270441754031,0.11622768004,-7.2321283849,1.49720099896,69.00000000000036
259,0.293081911476,-10.9601119918,-42.9065774479,12.9028177655,69.00000000000036
260,0.902855131524,24.4416723913,12.8676999784,-1.46936638701,69.00000000000036
261,0.214879632501,-1.73540110768,-6.03998759841,5.89357544707,69.00000000000036
262,2.23100312679,-1.73346572733,-6.69519320102,3.91326418108,69.00000000000036
263,0.643809215411,0.0970720866451,-8.70854643248,3.16693955543,69.00000000000036
264,0.457962633939,1.79223951629,-2.17041920162,3.78924160966,69.00000000000036
265,1.13520756713,1.19562450727,-7.15869031167,-1.4094365812,69.00000000000036
266,0.528398294468,5.06965012951,-1.20705222882,3.35520308121,69.00000000000036
267,0.103399893302,-0.29684866715,-7.79459963538,4.28973015051,69.00000000000036
268,0.330057962566,-7.3251889777,-14.1756325104,-3.19673947478,69.00000000000036
269,0.507366464267,-15.571473317,30.2352129494,-3.33803517073,69.00000000000036
270,0.558621702739,-4.51458969548,12.259391902,4.88940505528,69.00000000000036
271,0.317350414988,-1.21296554193,-5.26634005086,0.130965130824,69.00000000000036
272,0.811734748082,-3.16816089936,-4.25744953338,3.133881153,69.00000000000036
273,0.224717470434,-1.12796862265,-1.24897926487,8.65425617107,69.00000000000036
274,0.10320798821,11.5541476444,-4.96749568482,14.564647332,69.00000000000036
275,0.250999437793,-2.23388486287,-5.09144588967,0.774233998088,69.00000000000036
276,0.102156463471,-11.7652878761,-12.7222590713,-6.9400988868,69.00000000000036
277,0.100068682699,-5.73278982253,-3.04320480859,4.95073804251,69.00000000000036
278,0.824378132153,0.0367856282987,-5.30233478567,3.61079814614,69.00000000000036
279,0.478417717115,-1.89453181686,-4.23159526552,1.54336264862,69.00000000000036
280,0.575222476943,-2.80078659619,-3.78472896294,5.55658170783,69.00000000000036
281,0.106696473584,3.17929278271,-10.7716918504,-7.12978820911,69.00000000000036
282,0.573482173587,-4.19423855653,-5.56912573641,6.42246126583,69.00000000000036
283,0.113199515203,-1.39913751587,-7.49881139805,0.749698764324,69.00000000000036
284,0.112126315949,0.570466058884,-7.22000030544,1.33478189858,69.00000000000036
285,1.01003861162,-3.30195172594,-2.93205805017,0.342851002493,69.00000000000036
286,0.545275247758,-2.14983127087,-4.19487055183,-0.1489701838,69.00000000000036
287,0.336064825664,-3.02356690685,-11.4846617172,3.89332868112,69.00000000000036
288,0.972701789941,-4.87854005634,0.950149639336,22.4912269272,69.00000000000036
289,0.921475327897,-17.6871706766,32.0667081987,-2.72728940825,69.00000000000036
290,0.189053481172,-0.0579179162491,-6.35946831203,8.50469567634,69.00000000000036
291,0.293216882414,-3.44952231618,-0.380298179136,3.85232951876,69.00000000000036
292,0.161843745628,0.177712865712,-2.50392475863,4.54893867999,69.00000000000036
293,0.107588149892,-4.63415297079,-1.46998863084,-3.99455324218,69.00000000000036
294,0.591144946996,-1.75654627818,-3.1379247093,3.09721036948,69.00000000000036
295,0.13490473392,-7.68755020618,-5.15867070823,6.51264028664,69.00000000000036
296,0.318963266848,1.40384036478,-7.56010819149,1.47072735331,69.00000000000036
297,0.110857447728,-0.843821202939,-3.13394692769,4.20698478731,69.00000000000036
298,0.359736788098,-45.4700034491,-5.74304083038,12.2548844402,69.00000000000036
299,0.165325674921,-3.16291811994,-9.67221441341,4.31810890058,69.00000000000036
300,0.665652833397,-3.16926231724,-4.9560793556,6.27236677944,69.00000000000036
301,0.207508027649,-3.0958557264,-6.32503719745,4.25007355614,69.00000000000036
302,0.134564858515,-3.34465273207,-5.60555180398,4.63367401419,69.00000000000036
303,0.306262976261,-0.583934868735,-5.68697622656,4.62507156626,69.00000000000036
304,3.51166418626,-1.15440416755,-5.81636580931,2.00662308942,69.00000000000036
305,0.356483722218,-18.2157032075,-7.14832305376,-14.4992174989,69.00000000000036
306,6.01799534392,-2.37804714694,-5.54218309139,2.77230144294,69.00000000000036
307,3.03604887748,-8.5815822603,-1.09683579048,0.460213705347,69.00000000000036
308,0.370042468445,-2.85789528084,-3.17269655386,-1.99548245695,69.00000000000036
309,0.113637062417,6.10025250339,-53.2599413907,32.9006010815,69.00000000000036
310,0.645851887905,-5.85070386846,-4.96050091955,-5.27340164625,69.00000000000036
311,0.589538604626,4.9423502653,-7.3002918845,-0.105255661668,69.00000000000036
312,0.478654992198,-53.1241014505,-32.1414407823,-23.6835580001,69.00000000000036
313,0.214341562623,76.0522141744,-16.4169400716,-19.3593219149,69.00000000000036
314,2.84877054771,-3.42250300957,-4.34905769731,3.24058452189,69.00000000000036
315,0.386633467763,-0.872459804698,-2.11689218309,-0.648393037395,69.00000000000036
316,0.156589095802,-6.25128746653,-1.92292904218,-1.36719826556,69.00000000000036
317,1.74555180784,-17.651117877,0.638243532705,14.4210523875,69.00000000000036
318,0.647805088725,-1.98211499317,-5.14870917813,4.22758869935,69.00000000000036
319,0.327794284189,-0.693848655751,-4.53783261308,4.11288662891,69.00000000000036
320,0.377123205311,-0.506735844989,-4.90216392989,4.08356651771,69.00000000000036
321,0.19011621097,-3.74809088063,-10.1076802022,-4.61537092984,69.00000000000036
322,0.267080934169,-2.06275672438,-5.5593172161,2.87697482601,69.00000000000036
323,2.35988869077,1.57444468193,-3.32311188076,0.220390332412,69.00000000000036
324,0.483386079876,-1.10596990718,-4.73029968642,4.20070445798,69.00000000000036
325,0.1176426474,2.8723348889,-6.90791108118,2.67536537271,69.00000000000036
326,0.474203481241,-7.58822257482,17.2041069152,3.13044709117,69.00000000000036
327,0.411919263054,-2.25474646126,-3.77563385264,0.791198059547,69.00000000000036
328,0.523755408463,-4.05027516704,2.18391084318,-29.3098877359,69.00000000000036
329,0.613929668331,-3.71913593167,-3.30918843066,-1.81745926893,69.00000000000036
330,0.393539387228,-38.4461238729,-9.81769814829,-2.23430242918,69.00000000000036
331,0.675649864755,-3.46609238875,-4.10608677185,-2.87770162129,69.00000000000036
332,0.382953261398,-1.3494769624,-5.45097181598,2.69805015841,69.00000000000036
333,0.165403062836,-2.0599401982,-6.96893025856,3.57639199347,69.00000000000036
334,0.328472451559,-8.8687610721,7.22937956302,-10.9698697503,69.00000000000036
335,1.64278108167,2.24828191105,-1.95966706396,4.07567781965,69.00000000000036
336,0.946440459543,-0.0324428862026,-25.5691970313,10.7320238694,69.00000000000036
337,0.350437976632,-1.53165905794,1.68018625876,4.07696407158,69.00000000000036
338,5.86935076079,-2.61939204681,-5.59500373124,2.70667620256,69.00000000000036
339,0.210821890778,-2.28374198737,0.483524575448,1.64710404295,69.00000000000036
340,0.104920308909,9.59406541243,12.7341658337,5.50406094487,69.00000000000036
341,0.126313398111,-8.82321942105,-17.6828034685,2.17616813678,69.00000000000036
342,0.162520189695,-41.7839178437,4.68009051137,-3.31297123986,69.00000000000036
343,0.222216638634,-68.2861946118,67.3408050923,-69.7414315115,69.00000000000036
344,1.10858754113,-26.2711590538,-38.8381390176,4.03496622155,69.00000000000036
345,0.454389101191,-2.80802648855,-5.74131379381,-3.39688286855,69.00000000000036
346,0.145029693411,13.0842827546,29.1744036058,-9.38629485559,69.00000000000036
347,0.262933972675,-24.7254861855,-35.4390064444,13.1426795479,69.00000000000036
348,0.375765500695,-0.353114734906,-8.85402453128,2.65496926563,69.00000000000036
349,0.163968533065,-0.180763213873,-5.92034628994,-0.250547181558,69.00000000000036
350,0.13039346074,1.44125052564,2.98875433501,1.01946506598,69.00000000000036
351,0.12788175211,-2.41353728082,-4.651813352,0.523098251655,69.00000000000036
352,0.18095362204,-0.0893537245645,-5.28151370649,3.56848229479,69.00000000000036
353,0.193539750861,-3.81058961185,-3.64405321434,0.0947209971483,69.00000000000036
354,0.177530371314,-0.491630598357,-9.21335484959,3.40525948642,69.00000000000036
355,0.191900515895,-2.48957433119,-2.47388752625,2.20531162038,69.00000000000036
356,0.102577799517,-5.61501204001,-16.2755974208,2.71733077939,69.00000000000036
357,0.680195073117,-26.1432295907,-26.2180675039,-67.6797153546,69.00000000000036
358,3.63440822778,15.2696998576,32.5311643779,-2.6074686405,69.00000000000036
359,0.234821588024,1.64217707511,-4.97152430726,3.74839116825,69.00000000000036
360,0.560137016587,-1.25256628349,-11.1951707977,7.42065897096,69.00000000000036
361,0.170921082317,-2.5856263743,-16.6656075389,22.4337902166,69.00000000000036
362,0.154189315958,1.74543949755,-6.3848870522,3.45555939335,69.00000000000036
363,0.180467437041,-5.36999366306,-0.326891466555,2.90624447982,69.00000000000036
364,0.215001571535,-0.464954629182,-7.82690817624,0.382962146958,69.00000000000036
365,0.286700784628,64.346077429,87.290534516,-81.2659724822,69.00000000000036
366,16.1742160235,-2.4332510083,-5.48684021717,2.72532516953,69.00000000000036
367,0.259740496571,-3.09644747327,-7.41728166538,-0.710910648436,69.00000000000036
368,0.749837215327,12.485902343,-13.3173960324,15.5615412492,69.00000000000036
369,0.117762361085,-1.37371964151,-6.9399450473,2.41562246049,69.00000000000036
370,0.252483976718,-2.09210795762,-12.9461200837,6.98729843816,69.00000000000036
371,0.24055008132,12.7990490468,-36.5129672403,-43.8911342464,69.00000000000036
372,0.138356756853,1.78700103784,-4.6420269092,5.81955975673,69.00000000000036
373,1.38980879521,-2.83749411036,-5.20828615498,3.93034905011,69.00000000000036
374,0.161262538306,0.0786237993696,0.506344385013,-0.43910581744,69.00000000000036
375,1.35560234088,-1.19087730803,-5.38986506766,4.66779265197,69.00000000000036
376,0.699927192018,-4.19607473413,-8.84656197307,7.13651968529,69.00000000000036
377,0.154605487838,14.1287387647,-10.3411676517,10.5839976622,69.00000000000036
378,2.07517845488,5.34786919724e-05,-5.33174899139,1.53556513005,69.00000000000036
379,1.1938183762,-1.13854717922,-7.91782774795,3.2227942552,69.00000000000036
380,0.401825675112,1.55992635308,-3.01527446264,-5.47108375599,69.00000000000036
381,1.01054383745,-2.75723182471,-4.46816953867,0.406001232114,69.00000000000036
382,0.164212074645,-5.73562210283,1.49399802388,6.27755246206,69.00000000000036
383,0.116779752536,-5.3707446696,-4.96263318969,-1.70723691495,69.00000000000036
384,0.135135118998,-1.32853053047,-6.83528816343,1.5501141551,69.00000000000036
385,0.281530977462,-5.02047502735,-8.60094331944,3.81529410815,69.00000000000036
386,0.784838826917,-1.18303521466,-7.37045436408,4.28277718657,69.00000000000036
387,0.464834877324,-2.26502371073,-5.25135338458,1.92535580483,69.00000000000036
388,0.2425353585,-2.65304890972,36.080719385,-9.64540129921,69.00000000000036
389,0.602376921992,-3.87700939784,-6.18875801428,2.63740413402,69.00000000000036
390,0.243371149178,-0.0623158611002,-6.74023206355,2.20547170543,69.00000000000036
391,0.313814312916,1.82289622341,-8.92313935772,13.3701414263,69.00000000000036
392,0.514584073663,-1.10332481538,4.74171244696,-1.17940165874,69.00000000000036
393,0.132053294,-1.0152753619,-3.17762991026,1.10533711446,69.00000000000036
394,0.101947970376,-3.61608692984,-5.32439078265,4.04965169688,69.00000000000036
395,0.245323219098,-13.8697560025,-38.796061128,31.0383360622,69.00000000000036
396,0.160014220179,-1.10806824767,-4.93224218138,2.43127567049,69.00000000000036
397,0.448235737832,28.8261859186,17.7149859456,-75.0783005279,69.00000000000036
398,1.2063351771,-3.11019314414,-8.66761045508,1.40191049106,69.00000000000036
399,0.176851728073,-3.12499995356,8.43128607579,-11.1417328617,69.00000000000036
400,1.19049986445,-5.1582024021,-1.86480389453,3.46790796588,69.00000000000036
401,0.124970060216,8.14999437042,-5.25734300461,5.19020651488,69.00000000000036
402,1.12796532249,-6.67118890375,19.45638069,-1.58051194072,69.00000000000036
403,0.34369856046,0.200775826356,-4.45467913796,2.81953263616,69.00000000000036
404,1.10598486611,-8.95604208552,5.44317478329,-5.01420117876,69.00000000000036
405,0.21490628282,-0.0788615474537,-2.70259256284,6.97238063789,69.00000000000036
406,0.150863135508,-3.6504255951,-7.97796946987,3.75436671205,69.00000000000036
407,0.573997300415,12.9747461808,3.40201198412,11.01612264,69.00000000000036
408,0.140657000461,-0.690097003026,-5.79516138753,-0.83504796569,69.00000000000036
409,0.478585787777,3.92608104724,-5.33131949091,18.6572344627,69.00000000000036
410,0.368486934744,12.9367272012,86.2139862809,-36.3508501589,69.00000000000036
411,0.287935377599,2.48688482497,-2.16358076071,3.88631455376,69.00000000000036
412,0.103943854433,-0.789774581883,-5.33867961332,6.50944708673,69.00000000000036
413,0.112286860449,1.21479236394,-7.4454769872,0.505718661938,69.00000000000036
414,0.326540372304,-2.50346461599,-3.65592078055,-0.0313387481182,69.00000000000036
415,0.491290959757,-11.9247992731,-10.8771462604,9.87302716816,69.00000000000036
416,0.174037068153,1.95920023132,-6.04814233794,4.98534329744,69.00000000000036
417,0.118278492026,-5.11065584907,-0.969294476436,3.58479865977,69.00000000000036
418,0.7527635362,4.37419776603,-4.9161676949,-19.0713451628,69.00000000000036
419,0.275434979072,-18.3769809474,-3.81199687672,32.5406091896,69.00000000000036
420,0.528241338522,-2.10691528643,-9.5192821098,3.50982027957,69.00000000000036
421,0.207752070084,-27.3905533519,-16.729492945,-60.7795317036,69.00000000000036
422,0.126555918715,-3.80588653155,-4.45683734249,-0.272623652719,69.00000000000036
423,0.628777925908,-1.14729060434,-4.5254792704,2.27495944362,69.00000000000036
424,1.24193324299,-0.523753740722,-4.54723764443,7.67209406383,69.00000000000036
425,0.219628768208,50.8700370259,-42.7342696522,20.8354189441,69.00000000000036
426,0.823189922519,-55.7883518724,-18.8837310451,9.4059338006,69.00000000000036
427,0.181614427777,-22.8863436379,-19.5530457371,22.9541655267,69.00000000000036
428,0.136940854832,3.0845555557,-4.59893759379,2.6543215323,69.00000000000036
429,0.121545950712,-1.78167382252,-3.93130652814,2.44809966728,69.00000000000036
430,0.147575155133,-5.09602950343,-3.43267660592,7.2496640298,69.00000000000036
431,0.392016508698,-2.3319681445,-3.98102980282,3.41429559384,69.00000000000036
432,0.339841409508,5.53220601056,-9.06286733154,2.93061411166,69.00000000000036
433,0.157205603846,-19.8147098144,48.1747350258,-1.58296307521,69.00000000000036
434,0.251641399546,2.74435375366,-4.09838651695,-0.55740368359,69.00000000000036
435,0.13224468636,3.39081308387,-6.50798310277,7.96398057623,69.00000000000036
436,0.495169301445,-2.08704086921,-4.68889194162,5.86252660637,69.00000000000036
437,0.109942829091,-3.08776418069,-0.812044691883,4.82565782773,69.00000000000036
438,2.33194493893,-2.73473797446,-5.7243844835,1.97946665553,69.00000000000036
439,0.33016843729,-14.7899795068,-56.9316311787,-16.4387648492,69.00000000000036
440,0.142482122297,-9.38680761374,-1.70957352796,1.16409846425,69.00000000000036
441,2.0743069143,-8.46571802004,16.7825985312,20.4504780333,69.00000000000036
442,0.338522315852,-1.57999762383,-3.37066689424,-1.51819681804,69.00000000000036
443,0.122804140833,-5.14202901123,-8.39862473979,0.556810621056,69.00000000000036
444,3.36419521606,-0.150556527068,47.5045019707,-68.3935274727,69.00000000000036
445,0.918851671031,9.47613931216,0.970800582026,-2.56782491273,69.00000000000036
446,0.518557788983,-3.27374629493,-4.7397332416,7.18771540427,69.00000000000036
447,0.236672949156,0.441873297619,-7.98794666999,0.537070550413,69.00000000000036
448,0.220867382587,-2.96235027949,-3.27320228788,2.28818907812,69.00000000000036
449,0.105767714068,-3.12773873332,-2.61867377634,5.49901156936,69.00000000000036
450,0.132750520926,-4.87838323416,-3.36849821107,5.79998684652,69.00000000000036
451,0.139249066496,7.19937352839,-12.5694157824,2.04172672914,69.00000000000036
452,1.00539857812,-2.61139089401,-5.27492775626,7.54675636348,69.00000000000036
453,0.616018335706,3.02982934245,1.27946442924,-1.60519829541,69.00000000000036
454,0.36594759301,-16.9310978519,32.6897380585,-39.6678205803,69.00000000000036
455,0.582788605507,-1.03322771017,-2.18345962283,7.41242084091,69.00000000000036
456,0.147436290989,1.46460115073,-3.98317073511,5.16069586349,69.00000000000036
457,0.117206050489,0.511804042516,-5.1507329417,5.91085999937,69.00000000000036
458,0.13657494844,-10.9570604789,0.881231131356,10.3556190784,69.00000000000036
459,0.509686574081,-1.81590357493,-6.51531653132,2.7408552093,69.00000000000036
460,0.135669795744,-2.31328041441,-3.53314225567,0.434392142907,69.00000000000036
461,0.299985785844,2.31247913678,-17.2893683014,-8.30411491624,69.00000000000036
462,0.323259430535,-11.3490043524,-26.2595978139,10.9476435699,69.00000000000036
463,0.803562891519,1.34598674072,-15.906714627,-17.9487329788,69.00000000000036
464,0.102602201085,11.6982105761,-9.38694390621,11.4145900543,69.00000000000036
465,0.201406503663,1.10609038647,-4.81808021598,7.83130984471,69.00000000000036
466,0.105684347407,-5.72425731429,-6.59525805862,3.96359529995,69.00000000000036
467,1.17204826687,-8.9419979088,1.36983579271,6.41570036615,69.00000000000036
468,0.269363497587,-2.63697915353,-3.89947432531,3.24237262286,69.00000000000036
469,4.12548760585,-2.27962424788,-5.26238647465,2.74688686154,69.00000000000036
470,1.67735743586,8.5212655651,2.69687373226,-2.14142911044,69.00000000000036
471,0.163557698766,-0.448201784344,-5.77076726088,2.64662143382,69.00000000000036
472,0.115316033115,-3.46443335316,-6.21556331259,8.72086858086,69.00000000000036
473,0.439624692038,-18.4138417404,13.5212359522,0.811505747135,69.00000000000036
474,0.10732224047,-1.66673510703,-5.88481932732,3.80629168605,69.00000000000036
475,0.41085474044,-2.21305099551,-8.86430382636,4.16974558633,69.00000000000036
476,1.80450218477,-1.00446207651,-2.36479227107,4.06803381343,69.00000000000036
477,0.428666608372,-6.94909739167,2.57823969062,-8.53764238711,69.00000000000036
478,0.698503537043,-4.85011496337,-6.84675209407,3.84175909061,69.00000000000036
479,0.146837302843,-18.7422453862,-16.9829052532,-9.09955662291,69.00000000000036
480,0.762762236202,-2.7052164341,-5.63481501351,3.57470442446,69.00000000000036
481,0.327581153205,-0.824483748904,-8.28408869464,3.89845287572,69.00000000000036
482,0.226497974528,-10.3936300244,22.1364077313,-73.3287910345,69.00000000000036
483,0.793759977512,2.12132786726,-8.39223044717,0.98019240605,69.00000000000036
484,1.14294322875,1.19112552869,-5.31803981662,3.86282599335,69.00000000000036
485,0.134284569112,-34.8032052247,13.5484424059,-24.6937700345,69.00000000000036
486,0.139330310194,-19.1336404951,-30.5160824506,21.8257314152,69.00000000000036
487,0.198725728009,-1.3710322411,-3.37949102103,3.99656598065,69.00000000000036
488,0.258580465289,2.54576607893,87.3103973246,-22.2304276309,69.00000000000036
489,1.07102959619,1.30048800947,4.10676716387,-0.0292297966734,69.00000000000036
490,1.1602832834,12.2298355143,23.0153249339,-18.8420157792,69.00000000000036
491,0.21666907741,-1.49846488335,-3.76732115897,1.50391121672,69.00000000000036
492,0.101387446316,-1.24393217766,0.833379809413,5.40010500248,69.00000000000036
493,0.116799219651,4.82268584304,-4.18324139109,2.06052485577,69.00000000000036
494,0.329569117534,11.4239951292,3.27247301544,39.440017989,69.00000000000036
495,0.257513014254,-4.45755890651,-5.98446118972,3.4735605049,69.00000000000036
496,0.416257999189,-1.42093705821,-5.41353727535,0.281661233868,69.00000000000036
497,0.307493691951,-5.37548503014,-6.11609685153,4.09511173005,69.00000000000036
498,0.135153158507,10.9337652307,-78.1727850272,21.5250046409,69.00000000000036
499,0.103587091657,1.22433266423,-4.60443174968,5.9544134024,69.00000000000036
500,0.107895641262,-34.4254109205,7.261460432,-39.2332515227,69.00000000000036
501,0.74422661301,-2.81454401131,0.313187280464,2.30117871367,69.00000000000036
502,0.175347656503,-1.48075955248,-6.15717072851,3.41047523637,69.00000000000036
503,0.347206631483,-5.00272601843,-6.11351972283,2.37207604047,69.00000000000036
504,0.121706704839,-1.40334953289,-0.881764963559,7.89695762723,69.00000000000036
505,0.431176182482,-0.382135165506,-4.71236229988,3.23428863702,69.00000000000036
506,0.191902355866,-2.33380524428,-4.98542013959,5.15127548368,69.00000000000036
507,0.231934082417,-23.6164456617,28.177720147,10.5120279578,69.00000000000036
508,0.107088567708,-1.72051882728,-6.0093518366,3.96285692104,69.00000000000036
509,0.493635073028,7.70561859952,-5.91653215213,5.09582726237,69.00000000000036
510,0.13929840554,33.0200239807,-60.8792190758,12.4863715643,69.00000000000036
511,0.110747793958,-1.25687796902,-16.3373862298,5.67276499474,69.00000000000036
512,0.346572561756,47.5335291143,12.5992191416,-16.1500093644,69.00000000000036
513,0.623799552202,36.0914465995,27.8998027879,-53.3267218127,69.00000000000036
514,0.461612220784,-6.89179119927,-22.7565411677,-22.3872966397,69.00000000000036
515,0.816904748504,-0.688269962946,-4.52250196833,1.9881918555,69.00000000000036
516,0.17892392039,-0.0380510764541,-3.08728527186,1.85894100994,69.00000000000036
517,0.39473491092,1.56248312057,-4.99578758789,0.928827537753,69.00000000000036
518,1.17214340018,-0.895346089556,-5.62342837537,5.09035389693,69.00000000000036
519,1.51339799857,3.69146760406,-13.2323766916,6.8466728256,69.00000000000036
520,0.375175810017,-52.5063581084,33.0266518075,-37.1811922101,69.00000000000036
521,0.618913301168,-1.55997586331,-8.35373711715,2.78367448977,69.00000000000036
522,0.221919979431,-1.40505868242,-22.7261378391,2.52941639371,69.00000000000036
523,0.125114426335,-2.84270345998,-3.77597750343,4.3331588995,69.00000000000036
524,0.518291552988,-7.68252359692,1.60529837621,-1.41023993618,69.00000000000036
525,0.111188613012,-20.5416102474,16.6105723868,36.5527844431,69.00000000000036
526,0.126250472226,-0.55503949206,-3.93683884977,2.51192296211,69.00000000000036
527,1.10105272095,-8.80194871507,-0.633796919188,7.05148774978,69.00000000000036
528,0.413455543036,-2.64053556614,-4.20673022903,2.06711777703,69.00000000000036
529,0.563565758973,-1.35761051924,-6.39914982339,7.82239302337,69.00000000000036
530,0.176542493997,-8.27535544827,-3.78797782396,9.73965633566,69.00000000000036
531,0.132230108464,-2.47509561123,-4.83123700117,2.41663160091,69.00000000000036
532,0.31433796265,-11.7125241167,-8.22540942463,3.93701084387,69.00000000000036
533,0.218777000959,-4.99912059042,-3.13516788077,4.26466041873,69.00000000000036
534,0.177802164902,58.9159767107,3.98687454512,-2.25664206751,69.00000000000036
535,0.325423316258,-2.07500234413,-4.28127936219,4.14023239962,69.00000000000036
536,0.245811951767,1.53937437609,-6.55514015307,2.28671677883,69.00000000000036
537,0.470833094194,-0.276184867142,-1.9633328725,3.38076863184,69.00000000000036
538,0.312610035563,-6.13278372761,-3.93158499044,4.14985274798,69.00000000000036
539,0.108915578272,-5.81421344579,-15.3617670096,28.8167934925,69.00000000000036
540,0.467313176444,1.59562222316,-7.79341374508,-0.870408483541,69.00000000000036
541,0.247052211884,-2.62955656498,-8.47580555139,5.26803475523,69.00000000000036
542,0.18412687962,-3.08928713492,-4.64600193388,5.57442265175,69.00000000000036
543,0.131715993447,-2.79100416687,-3.9924699954,1.12291752874,69.00000000000036
544,0.172463437327,4.0518567214,-8.53718296444,5.48669453554,69.00000000000036
545,4.52699919496,-4.55877261595,-9.57584406362,4.05879789634,69.00000000000036
546,0.488269356472,1.4333498694,-3.90922719196,3.44376680096,69.00000000000036
547,1.37250909702,10.8592078985,54.7011721107,-8.46536576697,69.00000000000036
548,0.145975271596,1.84037722117,-2.64230836103,-1.26986451556,69.00000000000036
549,0.152157620402,-9.49452584543,-7.50149208554,7.03199686559,69.00000000000036
550,0.357343165176,-7.76994492487,-4.96454107644,2.80939928805,69.00000000000036
551,0.620140502847,-4.9654051106,-1.07880660501,19.4188283637,69.00000000000036
552,0.189432773081,-2.48438028032,-5.39360918029,3.86144285513,69.00000000000036
553,0.231465241827,0.0905835093063,-5.03693480266,-31.5853117842,69.00000000000036
554,0.305353009922,-4.71141109773,-8.40503385627,-0.170351352011,69.00000000000036
555,0.388018028185,-0.370405065535,-5.60331572353,5.44346668677,69.00000000000036
556,0.606373211886,-6.42041137696,-11.6928221675,-8.59316011049,69.00000000000036
557,1.19288790897,-2.2853875984,-6.62758851442,4.40570754467,69.00000000000036
558,0.30353672221,-10.9134721116,-51.3090115964,10.0379206892,69.00000000000036
559,0.290573646034,-9.10803960848,-13.4440723082,3.02909743102,69.00000000000036
560,0.193552838593,-40.4481835844,81.0743842746,-37.8659814117,69.00000000000036
561,0.124404193463,-1.41672648342,-0.308164952561,-0.69938929038,69.00000000000036
562,0.111293924995,-2.22846325068,-4.0600006102,0.473201239897,69.00000000000036
563,0.288130389411,83.9642111465,-18.6670535542,-55.4759881888,69.00000000000036
564,0.108905447909,-4.19055581572,-5.08237551999,1.11050577673,69.00000000000036
565,0.14683095216,0.325007027906,-1.22289255093,5.69783298688,69.00000000000036
566,0.156979730566,6.49055095726,-16.260218449,1.42033777582,69.00000000000036
567,0.369386523136,-2.6444826037,-2.35372440884,6.96910315559,69.00000000000036
568,0.205191716998,1.32501950544,-2.50167035013,6.84627463139,69.00000000000036
569,0.377778349556,-5.61086183463,-3.36239567349,3.42502704149,69.00000000000036
570,0.411224493529,5.58514224283,-7.37013257151,26.8522162434,69.00000000000036
571,0.307554285708,-5.31468263176,17.0089992251,-3.37160757424,69.00000000000036
572,0.235103010983,-1.12815997906,-4.56238314818,4.26346770876,69.00000000000036
573,0.2107461777,-27.138936223,-23.6594936697,53.7964775384,69.00000000000036
574,0.574866760282,-2.79384236576,-4.84522043051,3.08802603582,69.00000000000036
575,0.153763503772,5.27247452679,-0.299931937623,7.53269822965,69.00000000000036
576,0.207993029289,-3.59226563591,-5.64180815975,11.9926229706,69.00000000000036
577,0.315748200112,8.94247214196,-1.93263473729,-3.98340158217,69.00000000000036
578,0.45531866681,-4.60449267089,-5.96809569386,3.642936848,69.00000000000036
579,0.155494947833,-1.9864687007,-5.85850452662,-0.754110064412,69.00000000000036
580,0.107482093274,-4.38349260777,13.2172882012,-25.0453286665,69.00000000000036
581,0.409934893428,5.1521163521,-10.6864891581,-0.259731893847,69.00000000000036
582,0.140086765438,-12.5774911768,6.35100987956,32.4623998544,69.00000000000036
583,0.430598259468,-2.26245048375,-4.47111114126,0.0773451066804,69.00000000000036
584,0.395540818337,-0.220665944202,-6.34677298349,2.1115748582,69.00000000000036
585,0.353734032812,2.58783472264,-4.82976701424,5.05562744177,69.00000000000036
586,0.124424042532,0.0369918028889,-10.7043131866,-1.87010401882,69.00000000000036
587,0.139725282382,-3.67738139424,-4.33196189154,8.00480421989,69.00000000000036
588,0.241573002326,-5.19480303741,-10.926941351,6.24553478384,69.00000000000036
589,0.801081793284,8.3529205839,-10.8040979917,-1.37750202566,69.00000000000036
590,0.178333388363,0.26588588714,-2.61949038228,4.78458545353,69.00000000000036
591,0.37899436408,-0.982623024198,-6.83967340959,0.652387350929,69.00000000000036
592,0.20075327068,-7.72373093754,-4.57583125083,6.02780216946,69.00000000000036
593,0.398776770943,-6.07866460182,-4.42075219182,-1.15131841063,69.00000000000036
594,0.172511637493,-1.40979622093,-10.1623686545,-1.44573138241,69.00000000000036
595,0.188732662079,-4.97349561789,-7.60740848422,4.22117151821,69.00000000000036
596,0.190613497682,-3.43777563841,-6.31353062627,5.25680107392,69.00000000000036
597,0.560129083582,-1.65098507573,-4.13668072497,4.90713605527,69.00000000000036
598,0.117032168532,1.40760058226,-9.30968681123,4.93869089803,69.00000000000036
599,0.708266750445,-13.6361755705,0.899355806623,13.0844094483,69.00000000000036
600,0.134494271377,-2.26904705711,-4.64344353739,2.83729103189,69.00000000000036
601,0.80365296195,-0.938717592987,-5.55418820787,4.00355856644,69.00000000000036
602,0.15857487561,-3.01337211131,-8.34678474403,5.9423147872,69.00000000000036
603,0.433663463278,3.72285174743,-3.2445287995,3.39313810361,69.00000000000036
604,0.44388064696,10.5578055484,-12.9502350649,-28.2087491507,69.00000000000036
605,0.109555722169,0.2472040072,-4.76417690737,0.897907555589,69.00000000000036
606,0.655742886837,-1.51881691775,-10.7707094357,3.09338031563,69.00000000000036
607,0.317962319095,0.242602158922,-4.89710986392,5.88129926102,69.00000000000036
608,0.572729351859,-5.29095386643,-11.4851134268,6.02895478174,69.00000000000036
609,0.853519298048,-2.26052465467,-6.7969862993,1.49842551441,69.00000000000036
610,0.498016846557,-1.25293481869,-4.63480553401,2.12186156082,69.00000000000036
611,0.407265744621,-2.06146145879,-1.97402876703,2.37937274619,69.00000000000036
612,0.104116670494,32.0956044456,49.8772951621,0.709658802749,69.00000000000036
613,0.128823700214,-1.63453286043,-3.87749116392,2.3956110535,69.00000000000036
614,0.118704426948,-0.932887770055,-0.979451058447,8.11197258772,69.00000000000036
615,0.120955583131,3.4105194396,-0.853106074774,-3.06177440979,69.00000000000036
616,0.519684337022,-4.53947498564,-2.12238053887,0.551263228865,69.00000000000036
617,0.181045743326,-2.36209907392,-6.36285684986,2.30807253599,69.00000000000036
618,0.568770740576,47.2715505034,4.45195426212,-4.42607119661,69.00000000000036
619,0.284154875382,-3.37042854813,-4.74975884362,2.94918073706,69.00000000000036
620,0.16204310038,-48.4734393558,30.0919685761,-48.0148404843,69.00000000000036
621,0.22917452049,-1.1537690005,-2.54346659654,5.18047423756,69.00000000000036
622,1.32986318451,31.3310788242,4.74700695463,-4.03990680423,69.00000000000036
623,0.260337620953,6.12168525824,-12.5028278173,4.68237801489,69.00000000000036
624,0.308621318582,-13.1958270521,-1.13189118991,-15.2254889339,69.00000000000036
625,0.173116416518,1.8183368861,-9.72804983683,3.34251602006,69.00000000000036
626,1.69220143129,4.08024347911,-11.4937940885,10.1578677261,69.00000000000036
627,0.251078290316,-6.8970614199,10.8577801017,1.06072502349,69.00000000000036
628,0.660866879849,-5.7291342344,4.91219247375,-2.01058976873,69.00000000000036
629,0.178647113304,0.362530720437,-0.200059603183,1.10698565048,69.00000000000036
630,1.35925558418,9.36648498551,-38.8149003083,-10.1462488873,69.00000000000036
631,0.161602207995,-3.15413945209,-4.08828482008,4.55361741678,69.00000000000036
632,0.353573954551,-0.256457510304,-1.25748999173,5.23557504585,69.00000000000036
633,0.135564608822,-2.94542229513,-7.38316899982,2.67814421184,69.00000000000036
634,4.45155188953,-0.947168804841,-6.72930642369,2.7553710108,69.00000000000036
635,0.940297344065,2.35403516371,-5.94597416613,-0.200031100648,69.00000000000036
636,0.472029822098,1.32304395657,4.17508272377,0.053496620694,69.00000000000036
637,0.153276207215,-1.46886582805,-6.4292219477,1.65884425564,69.00000000000036
638,0.115270738204,3.34979292461,-10.1473466649,10.915434904,69.00000000000036
639,0.456617374281,-3.69796825398,-4.5895322792,4.95205236053,69.00000000000036
640,0.301646539844,0.385109845343,-1.07046572629,5.58816423392,69.00000000000036
641,0.503078051733,23.7294888747,-28.2912200344,-1.93965581527,69.00000000000036
642,0.112098769614,54.0293897193,-38.7181793157,-41.4908967611,69.00000000000036
643,0.512853445124,-1.839577697,4.45402434158,5.42021827504,69.00000000000036
644,0.170762158282,-3.76335291767,0.527619406869,19.2694777966,69.00000000000036
645,0.339977247424,1.82860003998,-4.45913377719,2.82897455719,69.00000000000036
646,0.105539554845,-3.14648236425,-5.72839480817,-0.194404688712,69.00000000000036
647,0.244301718032,-6.73660256355,-7.06151910887,3.62138057067,69.00000000000036
648,0.158718897597,-3.57363246362,-5.67335581917,7.48954535055,69.00000000000036
649,0.109932343465,-7.62487394899,3.0383187977,-4.49723480103,69.00000000000036
650,0.21498338213,8.66444304984,-9.50815015688,0.694289318825,69.00000000000036
651,1.17488106007,-6.36982748756,-5.25114068666,2.79032799798,69.00000000000036
652,0.132714889006,-6.72172236534,-5.64934611616,2.72734425764,69.00000000000036
653,0.102695207109,-3.55976397144,-3.97198192205,4.33821854039,69.00000000000036
654,0.421952662713,-2.41853799706,-6.33093042478,3.78763083612,69.00000000000036
655,0.102592892592,-1.29662978516,-4.4977964129,6.18477509796,69.00000000000036
656,0.333298853981,-6.88356047405,-3.54154071012,3.80702412559,69.00000000000036
657,4.27112813389,-1.88766264794,-5.30613990428,5.11678062726,69.00000000000036
658,6.04318002588,-2.64589338041,-2.2613286615,0.471487553388,69.00000000000036
659,0.174419861619,-14.5540862097,-23.8947844485,-3.70612410479,69.00000000000036
660,0.1314270055,-4.51422673314,-6.60394950155,4.03500793548,69.00000000000036
661,0.217354050144,-4.49410196833,-39.1338785449,14.1638665519,69.00000000000036
662,0.133621781585,-0.60936671745,-5.90093029517,-1.52007787438,69.00000000000036
663,0.227524508594,-2.67592511564,-7.94311942687,4.02698453851,69.00000000000036
664,0.133670119805,-0.840952582959,-5.14854561444,7.0679209735,69.00000000000036
665,0.683766134602,-5.48942436774,-12.5990125289,-2.482169811,69.00000000000036
666,0.6314935273,-27.1398671085,-6.13115105007,6.65705091454,69.00000000000036
667,0.566823688441,-4.01514257751,-8.65850958747,2.3136417749,69.00000000000036
668,0.111519968096,-1.90588269831,-6.01185141265,5.24809083392,69.00000000000036
669,1.49423300342,-1.14797860738,-7.87566061677,3.30829845147,69.00000000000036
670,0.291727820667,-2.34036418786,-0.596089167079,4.28488316977,69.00000000000036
671,0.503283105982,-0.321029902229,-5.31680392298,3.75975344367,69.00000000000036
672,0.781507996356,-1.41885041159,-8.02644243082,-2.56082608549,69.00000000000036
673,1.90735575233,-2.20236946255,-5.74400345639,4.58984016446,69.00000000000036
674,0.166038520386,-0.47255427583,-11.9744493737,6.92190033237,69.00000000000036
675,0.105506845125,-4.55426155888,-3.21730185579,1.69319874217,69.00000000000036
676,0.153447138206,13.3247988812,-20.7891194695,0.235244307588,69.00000000000036
677,0.4684389199,-25.9819699555,69.3808924115,-20.8335032597,69.00000000000036
678,0.89935644037,-1.70179770578,-4.32206608184,3.08378130516,69.00000000000036
679,0.596588711765,-0.736899697119,-5.36245416799,2.92764714722,69.00000000000036
680,0.251394605326,0.162359294718,-2.6859454389,2.11485680795,69.00000000000036
681,0.267751638021,-1.94859739376,-3.65571438768,3.29335754392,69.00000000000036
682,0.504358612739,0.819243816743,-6.74122535641,5.01144620591,69.00000000000036
683,0.2774765428,-2.48061487946,-5.70879499976,-0.137760279688,69.00000000000036
684,0.670148562776,5.64367369221,-5.32576076535,4.92078967188,69.00000000000036
685,0.320837893408,-13.2410664431,39.7504337178,-11.3297969006,69.00000000000036
686,0.444740118703,-4.25525396761,-6.76446205346,6.56671938016,69.00000000000036
687,1.22144104227,-0.106172132278,-2.75515666369,2.40457241219,69.00000000000036
688,0.180055387694,-8.81725288232,-5.42718375048,8.21303498898,69.00000000000036
689,0.1504127473,-2.42805156594,-12.0418158632,5.87511680084,69.00000000000036
690,0.219284447088,10.0035968444,-1.37705464302,69.1095588231,69.00000000000036
691,0.392035611703,-1.10837332778,-5.78986987439,3.65734799239,69.00000000000036
692,0.135809178757,-25.3437116057,21.5548002143,-57.1281870439,69.00000000000036
693,0.26024349525,13.3493755959,5.27275220763,4.23603512631,69.00000000000036
694,0.682592489129,-3.56403135652,-5.56432880441,4.31547108912,69.00000000000036
695,0.477155461732,2.87510662547,-2.17922629296,-1.81262683211,69.00000000000036
696,0.434783933059,1.62313995091,-7.38457700092,5.4564377683,69.00000000000036
697,0.124151639166,-2.11146023744,-4.10635577813,3.19087689585,69.00000000000036
698,0.273829046842,-2.09644184103,-5.27063390202,5.32580047709,69.00000000000036
699,0.795751014636,0.480378831502,-9.52931423412,3.67362935124,69.00000000000036
700,0.363575805648,-2.80782053978,-4.04071450906,2.61738594152,69.00000000000036
701,0.117521093149,-0.240683407024,-8.63018771881,-2.52461986675,69.00000000000036
702,0.222044889193,3.31480698249,0.603238443996,2.43576345303,69.00000000000036
703,0.22526894137,-1.43159095975,-7.0814427775,1.28214919765,69.00000000000036
704,1.36915618348,0.25337202942,-8.80642778285,5.36681359148,69.00000000000036
705,0.706294526257,-0.367209148049,-6.58315116165,1.49929256166,69.00000000000036
706,0.393306122939,4.89600793114,-7.35861507776,8.5858715059,69.00000000000036
707,0.159336373447,1.15310371784,-9.44723966372,2.38360135337,69.00000000000036
708,0.255887228566,5.01562643453,27.2170894484,-4.56569794217,69.00000000000036
709,0.381180246827,-4.64201373239,-6.33809552295,3.2204115624,69.00000000000036
710,1.37869818774,-18.4078462854,-52.9465668771,14.9215465246,69.00000000000036
711,0.323014894059,-0.807909152127,-4.27350496932,-0.153337158859,69.00000000000036
712,1.68940505258,-0.861925702455,-6.21673307678,4.23875692567,69.00000000000036
713,0.132829672011,-2.39722362848,-6.54469969221,8.05562340246,69.00000000000036
714,0.27129231993,0.175389407728,-6.17166277172,2.28889602228,69.00000000000036
715,0.200637707887,2.16826428405,-4.21775141899,3.18867118495,69.00000000000036
716,0.154410895375,-1.1761376775,-6.80062434005,0.0966674362083,69.00000000000036
717,0.108258456633,1.74242863635,-2.26676895698,0.688984985051,69.00000000000036
718,0.460705962911,-7.77297475915,-7.93295969525,9.9362159388,69.00000000000036
719,0.378700686112,-9.32929384622,-10.3641330661,7.27512322401,69.00000000000036
720,0.285564681244,-2.48032630022,-10.4251972685,-3.90920128871,69.00000000000036
721,1.11393192579,0.780259692592,-6.16581986978,4.23262912532,69.00000000000036
722,0.163990826013,38.5440175142,13.8566229707,0.729770172977,69.00000000000036
723,0.150429819628,-0.807297966294,-3.14909569911,5.76389582221,69.00000000000036
724,0.228321005605,-6.09340497235,55.2891926349,-2.09888568953,69.00000000000036
725,0.103383868611,-3.65961029879,-7.3816478114,4.1058305201,69.00000000000036
726,0.310656674487,-20.8479398113,20.8838851143,17.4801338069,69.00000000000036
727,0.6318446773,-4.94234287605,0.88307074117,-8.21025570884,69.00000000000036
728,0.295336791277,-1.75018293957,-7.93504488701,6.83355845397,69.00000000000036
729,0.252534185542,-6.92448799959,-4.32474690284,0.296207134532,69.00000000000036
730,0.46080207912,5.25381323441,70.5828622416,-46.9128228927,69.00000000000036
731,0.419565738625,-2.96483243608,-1.61489129584,8.73760309383,69.00000000000036
732,0.521112693918,-25.6983448542,25.2474773935,39.8877622979,69.00000000000036
733,0.237224269061,-4.15461934772,-7.93407069711,7.1844874735,69.00000000000036
734,0.628127648249,0.461423273102,-9.6005863953,3.74251594627,69.00000000000036
735,0.406806045944,-4.19739710343,-4.87574379368,2.73537226762,69.00000000000036
736,0.153617955364,-4.609810118,-3.65731884643,3.84991528337,69.00000000000036
737,0.157198706482,-13.2633992887,-44.8647802866,5.03926145689,69.00000000000036
738,0.480722065501,4.63866132482,-5.41933344614,-0.786302958546,69.00000000000036
739,0.214857050327,-7.30388432186,-9.75152782592,3.45290126439,69.00000000000036
740,0.137706542837,-2.96677934585,-5.90755301658,2.09682733101,69.00000000000036
741,4.29840744219,0.204481898484,-5.67138267277,3.80453334405,69.00000000000036
742,0.131507564443,3.13734614618,-1.88533765726,-1.08933316424,69.00000000000036
743,1.22489050862,-11.1537154265,-6.95066808566,-1.17511735755,69.00000000000036
744,0.131388999516,-11.0328937384,-3.00153855069,11.5221342453,69.00000000000036
745,0.466743343136,-41.1600413907,-2.66848569691,-30.2996652232,69.00000000000036
746,0.102186999386,-4.66255373968,-8.79746964956,8.63106952196,69.00000000000036
747,0.116515456338,-6.986721495,-4.29774181077,7.46091405259,69.00000000000036
748,0.193671724743,-0.349173504856,-0.622659956165,-1.74189048555,69.00000000000036
749,0.197816573207,-3.09467365595,-5.62826477583,2.330090849,69.00000000000036
750,0.876665420527,-0.633273436506,-7.61129373835,2.35964438078,69.00000000000036
751,0.271092558341,-0.815275362514,-3.83915679328,0.0272312188586,69.00000000000036
752,0.11653252945,-21.5299499932,39.0245690194,-17.0296114453,69.00000000000036
753,0.309016878935,1.07094560251,-3.85226012192,-0.653048671627,69.00000000000036
754,2.37808283494,-3.39790042885,-4.79798260178,3.26612475867,69.00000000000036
755,0.225806856506,-3.51102423475,-7.34699853285,4.41317794978,69.00000000000036
756,0.330947668022,-19.9297314495,-5.02272650227,-8.88010305365,69.00000000000036
757,0.657733390724,-4.77536624778,-7.40470897905,2.55222516539,69.00000000000036
758,0.814311060498,0.422048140846,-9.57013749852,3.66724709892,69.00000000000036
759,0.130713117614,-2.10421228513,-4.67901095998,4.89236329933,69.00000000000036
760,0.625456642107,-4.87723568641,5.0647902615,1.40146317404,69.00000000000036
761,0.395947776373,-2.61064014554,-4.88169424599,3.21711563777,69.00000000000036
762,0.466106946363,-3.52541394273,-1.85879224986,1.62109242577,69.00000000000036
763,0.10859441632,-0.600638492422,-4.46121895421,3.19032157687,69.00000000000036
764,0.104752421067,-1.88771711914,-5.53159189316,0.424289652725,69.00000000000036
765,0.16228443683,-2.17226221439,-3.88392636879,4.66232677433,69.00000000000036
766,0.156687452019,1.15337478851,-15.4723282688,26.6225133827,69.00000000000036
767,1.46008359578,-1.4179572432,-9.07817815477,5.40320810739,69.00000000000036
768,0.405940517898,-3.75152261062,1.87607494079,-7.1856914565,69.00000000000036
769,0.41333435781,-2.5134631331,-4.32063605208,4.45514422508,69.00000000000036
770,0.248652698123,-0.858513451616,-2.46782062934,0.153267698921,69.00000000000036
771,0.220810055551,-103.231657716,-17.9345468799,-33.8236288854,69.00000000000036
772,0.224641194362,-1.53295975809,-5.41936107036,3.83983978266,69.00000000000036
773,0.942589770843,0.413697091439,-6.08011385121,12.2195576465,69.00000000000036
774,0.18066521649,-1.73792878681,-3.01526857273,3.51437858925,69.00000000000036
775,0.366547500007,-4.10446018151,-6.45937026401,3.70388280399,69.00000000000036
776,0.33932553871,0.0548321557682,-8.60052722396,3.57960065874,69.00000000000036
777,0.177538803916,-2.99020071757,-3.59979945172,1.0939016588,69.00000000000036
778,0.901217169777,0.309825616818,-4.24881888129,1.53521272405,69.00000000000036
779,0.106333721638,-10.0078720847,-6.10080949973,4.90296628117,69.00000000000036
780,0.14713045724,-0.0842024106586,-4.7147861386,4.09956193732,69.00000000000036
781,0.215072936817,1.61237867477,-3.37990918161,1.77939283463,69.00000000000036
782,0.418540239634,-29.8066501973,-5.14645796327,-3.99134546911,69.00000000000036
783,0.214105269087,-3.68419008562,-9.45774603664,5.20113044829,69.00000000000036
784,2.78145200925,-2.7912514274,-5.46766619455,4.54773776385,69.00000000000036
785,0.386267917173,0.351992808165,-6.53774227576,2.47264826136,69.00000000000036
786,0.610953460537,-4.87553781172,-11.5360378672,4.34072639394,69.00000000000036
787,1.18568256572,-0.0168191514874,-4.08289101415,-2.64204765382,69.00000000000036
788,0.256458875162,-5.2202846894,-5.50042484956,-0.341969259422,69.00000000000036
789,1.35699894683,0.806023872539,-3.0291681978,3.81688706723,69.00000000000036
790,0.160817200883,-0.16813865426,-2.09281318333,4.17300577461,69.00000000000036
791,2.1302680881,-1.76247717217,-4.03306047393,6.8411414106,69.00000000000036
792,0.215817977059,39.5929533559,1.36505009533,-5.42207826812,69.00000000000036
793,0.13657736189,-5.76715592384,-10.159781137,5.20411632095,69.00000000000036
794,0.636832654602,3.48988992792,0.179794107799,4.53222560915,69.00000000000036
795,1.01204638835,-59.5064976477,-15.4497851754,23.4024002561,69.00000000000036
796,0.221734589619,-14.8517356552,6.13244027911,-7.67913600713,69.00000000000036
797,0.133245165419,-1.98436348188,-6.29821565943,0.26763890153,69.00000000000036
798,0.49095758464,1.41379764327,-7.50814599638,-2.04655568811,69.00000000000036
799,0.261098974631,-8.739946656,-2.24616795173,7.66589318006,69.00000000000036
800,0.24182380473,-4.14624935949,-4.62210185675,2.43314091579,69.00000000000036
801,0.254503704925,-0.624219051317,-5.55439882874,3.99606042941,69.00000000000036
802,0.130172621305,-3.35949182812,-14.5352398622,4.39640201264,69.00000000000036
803,0.286018752927,-0.447415303022,-4.73417566416,6.06300555663,69.00000000000036
804,0.189468995625,0.705176750286,-6.88264285543,4.62351271301,69.00000000000036
805,1.9515540008,32.7736612192,-5.97487777483,19.5331850466,69.00000000000036
806,0.418451558624,-4.88012198713,-2.7706514373,2.39300323947,69.00000000000036
807,2.2097221918,-18.8522481283,-62.0645815171,16.0279106192,69.00000000000036
808,0.125482337728,-3.26660306949,-6.21337122627,4.08809653517,69.00000000000036
809,0.515296548647,-6.22064008255,3.36741199807,5.11605521092,69.00000000000036
810,0.349252300379,14.4347172235,2.56354093593,-9.0381377226,69.00000000000036
811,1.18711955497,-1.04309218359,-6.68845145102,3.5678690904,69.00000000000036
812,0.367587192844,-0.504284566595,-4.38223926145,3.23526588983,69.00000000000036
813,0.220647392801,-3.46757308305,-6.8177582552,3.61459775177,69.00000000000036
814,0.145287637517,5.30633578151,-10.7882688008,11.656453477,69.00000000000036
815,0.301462657413,-3.78629620495,-1.69795391482,3.89411475008,69.00000000000036
816,0.180059716074,2.08959452995,-6.24705327319,13.7542381704,69.00000000000036
817,5.67395346323,-4.30004904814,-5.90184623537,4.01810968167,69.00000000000036
818,0.125045032292,-2.9264773943,-6.56337965643,2.70045316741,69.00000000000036
819,2.10373103214,-0.0745404344776,-4.50584956604,4.37479357468,69.00000000000036
820,0.567798147966,-0.331768635021,-4.3177220448,0.411680086428,69.00000000000036
821,0.105990699507,7.10555670381,7.75134710911,17.6752433133,69.00000000000036
822,0.165452290664,6.04955722158,2.09688919952,9.99606714305,69.00000000000036
823,0.452293829443,-1.69651713435,-2.6687116402,5.87312223123,69.00000000000036
824,0.124464332659,9.47168169227,-13.316168227,2.70843120364,69.00000000000036
825,0.991171761238,-3.96288129671,-3.13860852254,1.69946733661,69.00000000000036
826,0.114766412034,-2.56322417487,-4.02642265703,1.79762029305,69.00000000000036
827,0.843042478322,-5.11518043894,5.61314986918,-0.593366645482,69.00000000000036
828,0.201241450222,-2.47718747686,-1.63172231031,9.19564355878,69.00000000000036
829,0.161728651156,-2.38067989766,-0.653838956371,-1.57605763696,69.00000000000036
830,1.36801808237,3.36883940106,-8.1161215874,1.67459243847,69.00000000000036
831,0.385969178343,-3.53120170778,-9.61706049171,6.1337437565,69.00000000000036
832,0.419180841862,-0.99503724053,-7.99007729122,2.90814486382,69.00000000000036
833,0.169587237612,-2.69270835408,-6.02326213511,2.35125142931,69.00000000000036
834,0.118766277981,0.248869743727,-3.1537227653,0.850419503977,69.00000000000036
835,0.79631015873,-3.50853778159,-4.72510471278,1.99464226145,69.00000000000036
836,0.408978187349,-2.52252812333,-6.68063204478,5.09097466255,69.00000000000036
837,0.209905265126,-2.43115007409,-6.22135184346,3.35467311321,69.00000000000036
838,0.283754426708,0.352212177839,-5.12853488987,3.02438214042,69.00000000000036
839,0.464268579148,-3.02707966981,-3.6612416703,5.48627722694,69.00000000000036
840,0.192958254273,-4.18024757957,-4.18525488613,2.46040838739,69.00000000000036
841,0.144972899991,-7.11334353898,-6.11176399257,-13.2842375454,69.00000000000036
842,0.368052523346,2.04235207661,-3.64261598888,1.68046990609,69.00000000000036
843,0.311274737959,-1.60357858669,-4.13339467924,2.96071491319,69.00000000000036
844,0.235750533623,-8.43287282732,-9.93851369959,8.86001202246,69.00000000000036
845,0.134177035172,-5.3116911917,-45.7150356638,28.6799722229,69.00000000000036
846,0.229788541829,6.89025102539,32.2893445822,29.476307861,69.00000000000036
847,0.329087291378,-1.52878895058,1.89931407457,5.83741038857,69.00000000000036
848,2.44648250504,8.13177965856,0.419886746096,-3.12149660693,69.00000000000036
849,0.290143325747,0.841748569771,-10.1924442454,10.1150945007,69.00000000000036
850,0.175215727359,-2.05069335917,-5.63359775207,-0.632439079299,69.00000000000036
851,0.711428829081,5.36142959172,-39.7459798796,6.75003574547,69.00000000000036
852,0.205380545198,0.801336721366,-7.2742552869,2.0084127014,69.00000000000036
853,1.16831536045,-1.42977762153,-2.73520230836,4.31979399704,69.00000000000036
854,0.638448194187,-2.41352580152,-5.39400230083,3.83141547403,69.00000000000036
855,0.163242861751,-5.17042171524,-1.12721163805,3.67693828323,69.00000000000036
856,0.172742885287,-3.1490774232,-0.37023049213,5.42831118871,69.00000000000036
857,0.370288336857,-2.53786299364,-6.82977573633,2.33017388272,69.00000000000036
858,1.23876788472,-3.90865073805,-0.66685455744,4.22881251846,69.00000000000036
859,1.85949591846,0.926983155491,-3.11134865066,-1.39003840378,69.00000000000036
860,0.654014079166,-3.41556729187,-4.80239968642,4.67340608408,69.00000000000036
861,0.144881843976,2.43114642243,-17.0311449229,15.0183311652,69.00000000000036
862,0.404174258673,-2.18272726758,-10.4490699,-4.10869193274,69.00000000000036
863,0.120898666032,-0.822201726414,-4.53727972973,2.87724194907,69.00000000000036
864,0.647687070987,20.0271090082,-16.4743705239,-15.197522041,69.00000000000036
865,0.303119532273,2.19968914569,-2.04994355087,2.26078141579,69.00000000000036
866,0.206354623541,2.02059313309,-9.18314957687,-2.65311151965,69.00000000000036
867,0.34787508384,-9.41374694569,15.4473144684,-1.19836284591,69.00000000000036
868,0.105390031011,9.20645652928,-11.1586549165,6.34078007042,69.00000000000036
869,0.478228172258,1.17173849509,-6.04789250308,2.67728927495,69.00000000000036
870,0.412544461046,-4.96493847098,-7.13439691559,4.65077063593,69.00000000000036
871,3.77403355451,41.7145970535,-7.25701579796,-1.64638652212,69.00000000000036
872,1.27821643224,-0.835827395749,-3.86475434473,1.79198617982,69.00000000000036
873,0.585098261933,0.224322130857,-4.04432700126,2.57722253393,69.00000000000036
874,0.270744348048,-5.58836378744,-1.80759672232,2.34585148496,69.00000000000036
875,0.169954533418,0.978885929512,5.71561319447,24.8616332632,69.00000000000036
876,0.150661792632,-0.260300748594,-4.7397433008,5.69392529468,69.00000000000036
877,0.60696526962,0.908661188523,-4.02997353493,4.23930636425,69.00000000000036
878,0.476798816692,-0.946374575696,-9.31789372354,2.17549306275,69.00000000000036
879,0.169762575212,-2.95977568713,-9.55767242578,4.91194087591,69.00000000000036
880,0.174563763873,-3.42131740716,-1.4685557736,-4.06136883273,69.00000000000036
881,0.151991248598,15.3806072554,24.3408514529,11.318735504,69.00000000000036
882,0.77461005083,-7.00222403352,-5.65529124178,-5.26141324053,69.00000000000036
883,0.461837639167,-4.18904325365,-5.13337159921,2.87180278739,69.00000000000036
884,0.296953511568,-24.1010225673,27.6357561744,-2.52444649176,69.00000000000036
885,0.395895020043,0.66752463741,-6.69846311385,0.307318573831,69.00000000000036
886,0.138254151926,-1.03232370477,-4.01570725906,2.11726672737,69.00000000000036
887,0.354066305833,0.227430275051,0.936729212941,10.7691611234,69.00000000000036
888,0.141804565881,1.61792030227,-4.76565162765,7.47563747295,69.00000000000036
889,0.233645974985,2.08072070513,-1.21987301132,8.45921706927,69.00000000000036
890,0.304074060406,-3.0202099525,-3.7520927957,1.89520610822,69.00000000000036
891,0.202627808861,-1.89821274428,-4.86619590476,4.25211785888,69.00000000000036
892,0.880925554077,-5.16796575361,-6.89040375725,3.67499221925,69.00000000000036
893,0.297000815939,-2.42166152724,-4.34843936856,8.06386624031,69.00000000000036
894,0.235397613084,-2.11998486024,-6.26399190185,6.83968359279,69.00000000000036
895,1.29960243389,0.746993667626,-1.94943602389,3.65374758194,69.00000000000036
896,0.144395033383,-2.98763340224,-7.24414153187,5.0236393514,69.00000000000036
897,0.929171419956,-25.8705800483,-12.1936345521,-4.25627309501,69.00000000000036
898,0.192606545871,-0.251036799162,-6.67473006338,1.09687749766,69.00000000000036
899,0.116962168885,50.3800611049,41.0179520174,47.1407190917,69.00000000000036
900,0.117111983077,-9.47656262366,-15.7001974443,-9.96933430707,69.00000000000036
901,0.406660751024,-2.40372199,-4.62455278033,3.97439864282,69.00000000000036
902,0.17725535731,-0.878605510627,-8.66171984727,5.27750507441,69.00000000000036
903,0.2473820028,15.5687500085,-8.15922504472,-4.35054255715,69.00000000000036
904,0.217665294614,8.06569464178,-5.23898664803,-2.43203740584,69.00000000000036
905,0.329296057446,0.402502802323,-2.80749951067,3.61822009803,69.00000000000036
906,0.484729072414,-1.98246154198,-6.3494745072,2.9415841015,69.00000000000036
907,0.125369055082,-0.118764522126,-1.89867495141,3.02622503877,69.00000000000036
908,0.130209400913,1.51688402841,-5.21016655916,5.79915449272,69.00000000000036
909,0.295249340561,-4.31177735243,-4.81655903449,8.07896443284,69.00000000000036
910,3.34146826615,-1.95557516544,-4.66747258529,4.42093326711,69.00000000000036
911,1.20286285474,-21.8884806942,-25.3375640279,-9.97212164782,69.00000000000036
912,0.414559926137,14.4974092027,-4.62001950596,-0.142556958915,69.00000000000036
913,0.188624336528,-4.59888052432,-3.25618700656,2.62230811929,69.00000000000036
914,0.15443834473,-1.74513471351,-6.61928313484,3.4559376333,69.00000000000036
915,0.307989337143,-1.87809060466,-2.64422027016,-1.95938610661,69.00000000000036
916,0.100158983971,-0.244438101562,-6.38321320673,3.62145454673,69.00000000000036
917,0.451230521299,-3.33096226987,-3.85023855723,3.51658716025,69.00000000000036
918,0.370268689365,0.194936307274,-2.95466704525,1.57709603774,69.00000000000036
919,0.384890138045,3.47719014301,-10.613595395,2.56986807094,69.00000000000036
920,0.996883062547,-2.25877484783,-5.19274145169,3.47698585991,69.00000000000036
921,0.185003189351,1.414678263,-6.1685829414,-1.10528745464,69.00000000000036
922,0.735433019424,0.191659577246,-2.16793336387,3.18122871472,69.00000000000036
923,1.01220147026,-8.89489225901,-5.93517436049,-0.319161784362,69.00000000000036
924,0.689427377114,-2.98118116109,-5.96944111004,2.28558303486,69.00000000000036
925,0.209490481785,10.543333639,6.73170170686,33.9500417174,69.00000000000036
926,0.322811217313,-5.48879796978,-5.69106069271,1.6870290583,69.00000000000036
927,0.260154613817,0.516308416313,-4.28105564909,-0.866903568945,69.00000000000036
928,0.440801649785,-0.176330358637,-2.06294627692,4.67517501296,69.00000000000036
929,0.489240463271,-2.22269985492,-5.49146193574,2.53061905441,69.00000000000036
930,0.171321587062,-2.90419113296,-5.4213560088,5.18593762477,69.00000000000036
931,0.217264921837,14.8496211996,-47.8790829434,-18.2540531355,69.00000000000036
932,3.67182528654,-0.481725600105,-4.66490770604,3.39391096079,69.00000000000036
933,0.916018209748,-12.9149008978,9.01710311203,34.2564069398,69.00000000000036
934,0.180406844965,-0.449075767896,-3.31869224746,6.49793082117,69.00000000000036
935,0.428169348667,-2.00832664685,-6.43104711243,2.30213187157,69.00000000000036
936,0.233143439762,-3.87225275472,-2.46384551172,7.11393435134,69.00000000000036
937,0.135123128008,-4.0769532314,-5.03751234959,9.00512850427,69.00000000000036
938,0.141045152645,-6.03648067058,-8.65061254234,3.50657794054,69.00000000000036
939,0.220207996941,-2.43111898156,-5.63122746455,1.29831755359,69.00000000000036
940,0.443003788753,9.45072192495,33.2011090819,16.6764821665,69.00000000000036
941,0.5449177724,-5.55839880505,-1.17248197213,0.274917644791,69.00000000000036
942,0.553995086584,13.3360081453,-21.5923113696,8.97286155777,69.00000000000036
943,0.876565506467,-2.57948999766,-5.04985538633,-0.74200675611,69.00000000000036
944,0.148481610949,-14.381172068,-4.37130751246,5.95403348657,69.00000000000036
945,0.417014113406,-2.22974203484,-4.61062787952,4.22176262708,69.00000000000036
946,0.103311462421,3.78574616806,-9.03237288457,2.62920411017,69.00000000000036
947,0.111205593903,11.6038542059,37.109639518,-5.24608889819,69.00000000000036
948,0.162030113044,1.00701314153,-3.53950467166,0.111409984407,69.00000000000036
949,0.280400179125,-3.64481003343,-3.5727923935,5.18336630959,69.00000000000036
950,0.431836974786,-1.11531207797,-5.52962149173,3.17281022645,69.00000000000036
951,0.424683361734,-1.62263046638,-3.7945278119,0.490431539357,69.00000000000036
952,0.106547713795,-3.20310004531,-1.24189233814,-0.350043172549,69.00000000000036
953,0.191656934263,-3.36916030638,-2.32708787134,4.12380496934,69.00000000000036
954,0.11310415095,-7.72055911633,-10.6364983513,1.56632536604,69.00000000000036
955,0.141129185941,-0.345738100376,-4.77997197903,0.79539616645,69.00000000000036
956,0.375110421582,3.76275645312,-2.66801960707,-1.4477862244,69.00000000000036
957,0.353005078845,-4.78286682935,-4.91775431775,-0.38975457885,69.00000000000036
958,2.05779652159,0.0305394358085,-2.59843267154,2.66354378072,69.00000000000036
959,0.467385864224,-2.24994936123,-6.12204750553,4.53752864808,69.00000000000036
960,0.23251345923,2.18497826768,-11.2839457063,5.45101511929,69.00000000000036
961,0.196669556673,-2.05334161697,-44.8228988003,38.1106459612,69.00000000000036
962,0.177906745727,-13.1874546355,13.6820755837,-32.8448064941,69.00000000000036
963,0.102307609298,-53.0451936076,-23.6349680299,40.1391700792,69.00000000000036
964,0.512869492316,71.4705699851,3.27829609441,48.8929889181,69.00000000000036
965,0.210157762373,12.5575449569,-11.951647154,10.7411087409,69.00000000000036
966,1.21254202288,-2.7913560329,-5.50244837463,2.41985097018,69.00000000000036
967,0.162381712936,-4.30866965703,-9.24534385987,4.37308565612,69.00000000000036
968,0.715141590083,-14.5003458897,-11.2683877994,10.2438251932,69.00000000000036
969,0.179301168993,-1.10045675913,-4.32557728945,2.02506614485,69.00000000000036
970,0.106215454625,-3.18833526592,-3.02831397416,10.4814919449,69.00000000000036
971,0.263124573231,-6.79580957249,-7.99870737083,8.16162012886,69.00000000000036
972,0.139256372744,-3.57037738838,-6.12685312718,5.58464670194,69.00000000000036
973,0.18345552973,-13.2761120546,18.0342064021,-21.0991036886,69.00000000000036
974,0.113703592702,-5.0267957515,-0.98242625864,0.851725237417,69.00000000000036
975,0.145016648908,-2.07944491202,-8.23391809967,0.300818626046,69.00000000000036
976,0.320117402132,-1.09045468883,-7.68218460245,2.88571323219,69.00000000000036
977,1.06649996227,-1.96017681161,-6.81810178526,1.74029525796,69.00000000000036
978,0.142888913223,-6.01781729783,121.282088217,-65.1387539616,69.00000000000036
979,0.105969352155,-1.65659939791,-9.85397606917,0.184441632925,69.00000000000036
980,1.03600661742,-2.76881670001,-6.66822541625,2.10876820901,69.00000000000036
981,0.161399980834,-4.47198564133,-4.10277048554,3.73943919511,69.00000000000036
982,0.976638295869,-4.76769471064,-0.492008533143,2.09787246175,69.00000000000036
983,0.156413442015,3.79318256747,-3.88881599922,2.14008898788,69.00000000000036
984,0.122856290124,-2.47877922143,-5.75718402274,4.41112383247,69.00000000000036
985,0.301838325305,-29.6929307321,-20.3377310952,-37.6687984296,69.00000000000036
986,0.412577791799,1.04120121582,-5.06274949511,6.32565841669,69.00000000000036
987,0.544778318762,-20.5277558241,34.4089045335,-61.9770452199,69.00000000000036
988,0.575099935161,0.929283372121,-8.47847541249,5.95379658638,69.00000000000036
989,0.724385454264,-0.272812276944,-0.3897998826,1.6382436045,69.00000000000036
990,0.234480634593,-7.26987327259,-3.50975927259,3.40672144084,69.00000000000036
991,0.900956745911,-2.38743394757,-4.34215293579,4.75323454846,69.00000000000036
992,1.34128290304,-6.15407633093,0.304576784698,2.42147350695,69.00000000000036
993,0.369571191877,-4.21416673138,-0.537442890338,1.42132696732,69.00000000000036
994,0.243232518609,-9.81885069665,-11.816391482,9.61330478095,69.00000000000036
995,0.328018921427,-6.22137643251,-6.17042443323,0.252218474471,69.00000000000036
996,0.169497374476,-4.78364228186,-6.88926301001,3.63428979153,69.00000000000036
997,0.133096083197,-2.39564762456,-4.86653271496,4.06877982063,69.00000000000036
998,0.12242465583,-2.22020178183,0.510154883817,0.670592319659,69.00000000000036
999,5.27190808409,-2.01314183867,-4.92041755255,2.81817542067,69.00000000000036
