Star_ID,Mass (MSun),X (pc),Y (pc),Z (pc),Simulation Time (Myr)
0,0.117828366658,8.12184607376,4.53793490703,0.913548860088,8.699999999999985
1,1.33344133335,-1.12788505932,1.87918378567,-1.8832682015,8.699999999999985
2,0.347176542401,0.892345782085,-0.84156621354,2.95305074837,8.699999999999985
3,0.370854851776,1.13620663619,1.44738596582,-2.35975229336,8.699999999999985
4,0.455038992417,1.86873243332,-1.81782958957,-1.58294959309,8.699999999999985
5,0.15926502529,-0.20563952787,-2.54568662231,-1.91064347741,8.699999999999985
6,1.19592944045,-0.255969087374,-0.929455104853,0.832028481329,8.699999999999985
7,0.208804780776,1.54398653224,-2.46095269178,0.160889425713,8.699999999999985
8,0.481637746957,0.169338055552,-0.102053176115,0.447737561332,8.699999999999985
9,0.23132306815,-5.39647287244,0.637091037522,1.67935066962,8.699999999999985
10,0.176678395214,-0.633615485221,-3.20702049608,-0.3823424476,8.699999999999985
11,0.102622571741,-0.240179967818,0.369296536012,1.9962215359,8.699999999999985
12,0.819921536282,-2.20228399955,-1.34765074083,0.14947308259,8.699999999999985
13,0.116123438855,2.17352702459,4.19531395159,0.664512475654,8.699999999999985
14,0.171808067349,-2.03184106939,-0.618394124113,0.808581563543,8.699999999999985
15,0.306988618773,-0.528987004114,-2.19651775443,-1.12938676465,8.699999999999985
16,1.00381877402,-1.1353676892,-1.91873709375,0.682609107774,8.699999999999985
17,0.214274917352,-0.258870816491,-1.08290641651,-0.144707100292,8.699999999999985
18,0.177442235381,-2.84928365988,-0.741943000343,2.0230548424,8.699999999999985
19,0.117188034569,-4.68843943961,-3.41505611508,2.97287343099,8.699999999999985
20,1.1427872414,-0.396592311407,-2.01298707277,0.856685726493,8.699999999999985
21,0.161811971722,-0.956534363625,-2.42010481258,1.70448035241,8.699999999999985
22,0.495302273488,-0.590418782493,-1.69202936921,-1.08011541537,8.699999999999985
23,0.269730282366,-0.500585516036,-2.0824447918,3.91745911227,8.699999999999985
24,0.287401264496,0.242902561684,-2.85035321851,2.69321211218,8.699999999999985
25,3.31913962697,-1.54705952502,-1.35948451537,0.784141983578,8.699999999999985
26,0.264395801595,-0.362670822548,-1.00796038661,0.62708345552,8.699999999999985
27,0.175265719852,0.204752912832,-3.07824578962,1.54923780822,8.699999999999985
28,1.52555709799,-0.787770437901,-3.19026879505,1.48829730852,8.699999999999985
29,0.879541686161,-1.60996500004,-0.145834624501,2.7307613598,8.699999999999985
30,0.423028403623,-3.39587053225,-1.15863248321,2.63133588272,8.699999999999985
31,0.360345064327,-4.3734898876,-0.778871122591,-0.52696446215,8.699999999999985
32,0.362538716465,-0.765882316376,-1.30203982326,4.9852093572,8.699999999999985
33,0.720373454143,-4.69700487463,1.08090326047,-6.34216155177,8.699999999999985
34,0.812670306351,-2.39691694747,-0.0151019075835,0.296066781581,8.699999999999985
35,0.278852044676,-0.466212244047,-0.471446340115,1.9696021054,8.699999999999985
36,0.108118694565,-0.165563949107,0.0847467941012,-1.25310176834,8.699999999999985
37,0.21711371887,-0.470894840974,-2.48954857695,-0.529870021208,8.699999999999985
38,0.302662162931,0.799556671185,1.46990924785,1.2960118857,8.699999999999985
39,0.167759942462,-0.8409139935,-0.726427610344,1.12982617062,8.699999999999985
40,0.677450507212,-1.37630745945,-1.9970309804,1.96382688909,8.699999999999985
41,0.112904135667,-3.96301796679,-6.69339912399,-4.22048643496,8.699999999999985
42,0.154350783098,-2.41219883982,-1.37546741261,0.410464647701,8.699999999999985
43,0.446239998074,-0.211581505888,-1.48595191056,1.08987479815,8.699999999999985
44,0.344781063823,2.24040431234,-3.76949137866,-2.7704602521,8.699999999999985
45,0.210392201989,-2.60194597104,-1.22808265523,-0.457416666399,8.699999999999985
46,0.170620345877,-1.17702623076,-1.05343266863,0.704086672991,8.699999999999985
47,0.213619856739,-0.67655981591,-0.436527360136,0.0452478997373,8.699999999999985
48,0.568542574696,-1.18079908114,-1.26573387111,0.910529163915,8.699999999999985
49,0.234697878415,0.657557733307,-2.04254624077,2.81486367167,8.699999999999985
50,0.179568831689,-0.575133889867,1.58238867094,2.9996798278,8.699999999999985
51,2.53111081624,0.46116450456,0.167747406868,3.30802533443,8.699999999999985
52,0.153529192593,0.713706147582,-0.546388201675,2.32534998961,8.699999999999985
53,0.26150524698,-1.26957687358,-3.13837147844,-0.599447320358,8.699999999999985
54,0.158981070034,-2.71604502321,-2.90905127616,4.55505410848,8.699999999999985
55,0.105369998023,-6.35934665638,-4.0156683069,6.93331394083,8.699999999999985
56,0.114900193343,2.69695914771,-3.11228222126,1.99236186479,8.699999999999985
57,0.15006702537,-5.78965537749,-0.294960202341,0.994182860795,8.699999999999985
58,0.11161742134,-2.90474415841,-3.15956840522,-1.44260953912,8.699999999999985
59,0.764241066737,0.0300044482291,-1.27020413835,1.83513254145,8.699999999999985
60,0.249841346059,-0.647310625893,-3.73875488741,0.792309726668,8.699999999999985
61,0.354024137609,-2.61368856652,-1.99621701636,4.43790888295,8.699999999999985
62,0.220468077578,8.95204323386,-2.35794374498,-4.63469739516,8.699999999999985
63,0.268651623108,-0.938708372877,-0.999604817322,0.893132352778,8.699999999999985
64,2.75664878853,-1.00616047135,-1.53805600821,1.6070570239,8.699999999999985
65,0.172976471716,-0.0140706689611,-0.788485030101,-2.58322572319,8.699999999999985
66,9.08458563686,-0.675237930132,-1.13120568104,1.3017769959,8.699999999999985
67,2.82470278073,0.0622412952026,-2.18182306458,0.0718033240564,8.699999999999985
68,0.186624528617,1.19108255509,10.1454967643,4.58850092668,8.699999999999985
69,0.177768363574,-0.573210531133,-0.558253946571,2.1374134062,8.699999999999985
70,0.138946012302,-1.49439073772,-1.84932870455,1.12065884946,8.699999999999985
71,0.235984982525,0.44904969468,-1.94144511372,2.10309195407,8.699999999999985
72,0.169321609336,2.53509463395,-1.65577747786,0.637121746529,8.699999999999985
73,0.112913533808,-0.226295197119,0.135708192936,1.95568610702,8.699999999999985
74,0.316514148739,0.39855428827,-3.46801830599,0.0615088432637,8.699999999999985
75,0.695235870839,-1.7944158775,1.74381063311,1.04534461127,8.699999999999985
76,0.466791691695,-3.24518410665,2.77584172597,-3.22690969721,8.699999999999985
77,0.790493707735,-3.12843053425,-2.92122660024,2.98971266665,8.699999999999985
78,0.117777152888,-1.038578799,0.542671348577,-0.558329361661,8.699999999999985
79,0.116605115309,-0.944609734813,-3.07678804312,2.47488487742,8.699999999999985
80,0.10062705403,-7.03164270616,-10.199108786,6.26564429997,8.699999999999985
81,0.296860640065,1.3093516255,2.04733916889,4.10342682697,8.699999999999985
82,0.208978350052,-0.728188325604,-2.09668336847,1.51640237231,8.699999999999985
83,0.221533707235,0.881004763635,-1.84062483245,1.79602762222,8.699999999999985
84,0.172449473782,-0.607942705061,-1.32424474369,1.72096407629,8.699999999999985
85,0.175298582599,-0.319335147814,-2.41990913438,-0.317205130567,8.699999999999985
86,0.268812692832,1.39436551534,0.173763497492,0.0036502977381,8.699999999999985
87,0.409584063805,-0.671231994594,-1.12688330063,0.513899175706,8.699999999999985
88,0.468819215243,-0.517645328842,-2.04926736567,-0.0156179129952,8.699999999999985
89,0.310821313202,0.205112185404,-0.629307325425,-0.611240647735,8.699999999999985
90,0.138824122193,-0.158219833383,-1.01584070179,1.79954996361,8.699999999999985
91,1.59564462036,-2.98915450476,0.401504669074,-1.2361725243,8.699999999999985
92,0.112325414503,-0.563318496969,-1.42094904863,0.914803825782,8.699999999999985
93,6.54330129658,-0.436989535103,-1.46934193975,0.489441992499,8.699999999999985
94,0.243079756092,1.66251797876,0.740255479299,-1.9388197742,8.699999999999985
95,0.20972086769,2.37388372576,0.171678827941,1.3249178552,8.699999999999985
96,0.722069879474,1.60188937574,-1.71044784384,-0.301909529601,8.699999999999985
97,0.138145893614,1.36668416612,-0.880004495234,2.14149342498,8.699999999999985
98,0.162306132209,-0.529231422052,-0.589127010725,2.43776289899,8.699999999999985
99,0.751316392724,-1.12979649586,-1.83807777979,0.470340839507,8.699999999999985
100,0.213121465104,4.90229692823,-2.37182913245,0.677722663504,8.699999999999985
101,0.473246270039,1.24863885358,-0.927503793395,-0.582690390233,8.699999999999985
102,0.506836423969,-0.218073128266,-1.15958637961,-0.689744053375,8.699999999999985
103,0.729486286137,-1.13980995036,-1.08962943291,0.668031569577,8.699999999999985
104,0.151264314183,-1.13655453479,-1.82729303029,1.53258198724,8.699999999999985
105,0.945926394848,-2.95670622905,-1.85201155921,0.00492177160413,8.699999999999985
106,0.233940364519,0.220076718129,-0.102244907021,0.502083346884,8.699999999999985
107,0.153526634824,-0.171361929359,0.678839272049,1.29803579295,8.699999999999985
108,0.81349858979,-1.59543174631,-5.3975300749,2.75865273172,8.699999999999985
109,0.140484103501,0.83958425332,-2.46496625636,1.38461928211,8.699999999999985
110,0.116143591269,-0.972406619552,1.25079861693,0.570511998607,8.699999999999985
111,0.160300294102,-0.576357327396,-0.820422793029,0.944620683001,8.699999999999985
112,0.287263089972,-0.491605116186,-3.765440298,0.905762452603,8.699999999999985
113,1.13908341625,-1.04723845608,-1.31522340991,0.992280949845,8.699999999999985
114,0.189158143341,-0.16405299166,-0.778620257891,-0.789473159763,8.699999999999985
115,0.442551395204,-1.5348640028,0.774143279751,1.68876451833,8.699999999999985
116,0.10654489209,-0.844702887237,-1.8415886574,0.819301932952,8.699999999999985
117,0.125630385891,-0.454802753678,-3.5345772921,2.37142650006,8.699999999999985
118,0.15666170173,-1.62255038217,-1.15541379295,-1.36221154938,8.699999999999985
119,0.128138857494,-1.94161627492,-1.75337303106,-0.335054167043,8.699999999999985
120,0.118731645958,0.691344345602,-2.15320156551,0.0197704296112,8.699999999999985
121,0.249058810061,1.29993268245,-3.56718458869,3.09178175784,8.699999999999985
122,0.153159764519,-0.858319739229,-0.736195983347,-3.23734629451,8.699999999999985
123,0.18786729923,1.44924701711,1.22215501384,7.88441938856,8.699999999999985
124,0.303938852354,0.769084151264,-1.41010378737,1.73610329607,8.699999999999985
125,0.225710699811,-2.12054908058,7.13506048002,-1.19504770932,8.699999999999985
126,0.299188235623,-5.14358573941,0.50396411858,1.46960063541,8.699999999999985
127,1.22772337414,-3.46411647292,-1.49467883091,1.12606108127,8.699999999999985
128,0.122265324053,-1.13001222249,-2.70059596585,-0.654325869418,8.699999999999985
129,2.61727278694,-2.82508251516,-1.88095764243,-0.447051300114,8.699999999999985
130,0.11207652146,0.0925239392018,-2.26534269367,0.0314602808348,8.699999999999985
131,0.508833830152,-2.68484255197,-0.272719978059,2.83081587053,8.699999999999985
132,0.279462029599,-1.39165830729,-0.740163579922,1.71397260366,8.699999999999985
133,0.439547397347,0.0673303064328,0.32430962341,0.242883136332,8.699999999999985
134,0.184795142762,-1.5615050557,-2.15086757905,2.38626581323,8.699999999999985
135,0.131147507424,1.03648354367,-2.02295489618,1.16685230596,8.699999999999985
136,4.8605953461,1.94516085653,-0.435290414672,1.70442091516,8.699999999999985
137,0.40360165494,-0.559325982885,-2.13073788105,1.71828189964,8.699999999999985
138,0.107157663026,5.76773112094,2.58352690647,2.72896028204,8.699999999999985
139,0.431088554358,-1.50191514688,1.40260858482,2.72873619977,8.699999999999985
140,0.6174621477,-1.56920945262,-1.22055818961,3.62111867357,8.699999999999985
141,0.138099199361,-4.17120248562,-3.22908173277,1.87112747648,8.699999999999985
142,7.44796276019,0.0774355564697,-0.408064160915,0.449635594909,8.699999999999985
143,0.263613476394,0.361463179501,-0.810874988865,-0.827441746058,8.699999999999985
144,0.33329299874,0.886206725374,0.0631255879477,3.17855396087,8.699999999999985
145,0.305404477099,1.27360593843,-1.13509152348,1.77862236919,8.699999999999985
146,0.32587262354,-0.563743830194,-1.33978843596,1.11297295491,8.699999999999985
147,0.702839901626,-0.289339319962,-2.57052275568,0.0640824130184,8.699999999999985
148,0.252878202984,-1.47846533654,-3.00985280204,1.76685162544,8.699999999999985
149,0.175638613887,-0.258895121861,0.534200336999,1.81279155099,8.699999999999985
150,0.105178704572,0.176323963269,-1.66452729479,-0.413221545035,8.699999999999985
151,0.181607743329,-1.33230344469,1.19128960351,2.08084204454,8.699999999999985
152,0.221497074349,-1.25927753959,-0.648475803895,0.10965495973,8.699999999999985
153,0.17979815041,0.28088206717,-0.41409399269,0.576218959979,8.699999999999985
154,0.441387848041,-3.04755305351,-1.68367611596,2.11753086714,8.699999999999985
155,0.155514184795,-0.451310700811,-0.555943918958,0.726496725221,8.699999999999985
156,0.673412988947,-0.464105900357,-1.59546112427,0.00138897037466,8.699999999999985
157,0.148326668723,-1.74334952071,-0.0527135757806,-0.260832538831,8.699999999999985
158,0.319357488769,1.45202695781,-2.48027670719,2.54276399565,8.699999999999985
159,0.321718810178,3.45147294194,2.63487934169,4.03828186135,8.699999999999985
160,0.595342558506,-2.13547821575,-0.703671869833,2.55819659741,8.699999999999985
161,0.375804633494,-0.436976597733,-2.66772872151,0.399574681923,8.699999999999985
162,0.159778449199,0.969638080832,-3.80066743007,-3.5338076858,8.699999999999985
163,0.103252161303,0.839030246421,1.1541846581,1.34075615768,8.699999999999985
164,0.990238634227,-1.25940549761,-1.103971755,0.377852929303,8.699999999999985
165,1.90873370181,-0.142902555346,-1.12704227557,1.34176150759,8.699999999999985
166,0.315771077482,-4.50752935361,-2.99254023065,-1.67840390578,8.699999999999985
167,0.150776987387,1.03117753846,0.690063948944,2.8468055825,8.699999999999985
168,0.101238905284,0.154124254202,0.720321800004,0.971546382195,8.699999999999985
169,0.861771842166,2.28131264733,2.88283676659,2.12713981141,8.699999999999985
170,0.170839646215,-0.476115991739,-0.50194881889,0.784178361325,8.699999999999985
171,0.119829273305,-1.54347321723,-3.9060863763,3.23610378235,8.699999999999985
172,0.166351319971,-0.086221683458,1.08700681492,2.12454703399,8.699999999999985
173,0.872212850983,-1.40645567381,-1.00390834699,-0.0951583497368,8.699999999999985
174,1.65242195094,-2.28253022543,-0.94784096181,-0.408134942788,8.699999999999985
175,0.932842535723,2.03302304324,-3.00207226546,-0.222836915631,8.699999999999985
176,0.172220460144,0.0622810770346,-3.06298167375,1.42467358298,8.699999999999985
177,0.122217350071,0.998501114902,-1.62515470581,2.03234790648,8.699999999999985
178,0.141473568116,-2.5634353862,-2.16364146383,0.514310168032,8.699999999999985
179,0.152747050068,-1.19863370258,-0.65494967396,2.50101693984,8.699999999999985
180,0.155248504589,-0.662159942364,1.01135478643,-1.32865534108,8.699999999999985
181,0.361846132768,-5.10834275725,-7.09181314179,-0.491347827712,8.699999999999985
182,0.427639986468,0.0284131145488,-1.08270904839,1.413648207,8.699999999999985
183,1.11424194544,-0.235735205213,-0.129943109173,-1.41635470777,8.699999999999985
184,0.265115096167,-1.6352400127,-1.27181342633,0.0908831219219,8.699999999999985
185,0.588296079673,-1.06053017385,-1.46417181138,-0.434103481682,8.699999999999985
186,2.01607121086,0.257457192381,-0.693710584798,0.725848751032,8.699999999999985
187,0.328246709125,1.55385982174,-0.241644434178,2.24314650208,8.699999999999985
188,0.149088570467,-0.458633442675,-2.68726286072,0.445399075213,8.699999999999985
189,0.294349134398,-0.116024370975,-2.46006167746,1.35790907344,8.699999999999985
190,0.163171206968,-0.711412144808,-1.48436606751,0.0245442608664,8.699999999999985
191,0.50990169859,1.52039677862,-1.48967706621,1.3664465343,8.699999999999985
192,0.278028527656,-1.23972615143,-0.630685446549,0.863821447244,8.699999999999985
193,0.124110869663,-0.0274199649108,-1.48375098499,0.890219337499,8.699999999999985
194,0.358500891645,-0.567460990821,-0.959297856518,0.448793987134,8.699999999999985
195,0.193168461883,-1.31974735208,-1.61914394479,1.38974932092,8.699999999999985
196,0.270913182103,0.758170924768,-4.18819446922,-2.033007246,8.699999999999985
197,0.382717607556,0.0090363624402,-2.64354208015,0.681903090174,8.699999999999985
198,0.841471266055,-3.57340619864,-0.749209472231,-0.379744101509,8.699999999999985
199,0.565935709939,1.1377483692,-0.684186915829,-1.7524880653,8.699999999999985
200,0.131927043178,-5.43114905965,-0.945587666167,-0.0860234375791,8.699999999999985
201,0.123156492078,1.18956029063,-3.59769423402,2.64968233061,8.699999999999985
202,0.24164536717,-2.17504191684,-1.3619218059,0.415625067133,8.699999999999985
203,0.106278714173,-5.57215204909,3.76024089083,-0.0560413127966,8.699999999999985
204,1.14428339701,0.664023390055,0.698247447677,3.25476215107,8.699999999999985
205,0.233604302449,0.0385517987909,2.41364323711,3.89616620718,8.699999999999985
206,0.265945273376,-1.17640308074,-2.38855560268,-3.1764026174,8.699999999999985
207,1.08929813878,-0.534010921804,-1.23582245846,-0.10354479218,8.699999999999985
208,0.792143002652,1.29327508361,0.370913444288,0.858411041056,8.699999999999985
209,0.116687437513,-0.331480496765,-0.664187935362,1.32061688744,8.699999999999985
210,0.470534456798,-1.34680337738,-1.78841502814,0.325544599035,8.699999999999985
211,0.241837443216,2.40253520551,2.74694586913,0.0154287109584,8.699999999999985
212,11.4217889197,-0.983201755657,-1.34950673428,0.747791156369,8.699999999999985
213,0.22545162923,-1.63828177587,-1.68048772756,1.81079765199,8.699999999999985
214,0.442379801786,-0.464311086539,-0.207351715276,0.337564158634,8.699999999999985
215,0.307159401855,2.77583193593,-2.50117449096,-2.14625871478,8.699999999999985
216,0.254618260035,-2.15934965187,-2.14750119506,2.0165342625,8.699999999999985
217,0.193210512912,0.583371360369,-1.53970518339,1.65264223347,8.699999999999985
218,0.184968833286,8.70345390286,-2.85255005677,0.689824419519,8.699999999999985
219,0.288400516314,-3.05763517618,-0.738683135685,0.335873524603,8.699999999999985
220,0.121717576148,-3.14891131606,0.37660471179,2.71264129872,8.699999999999985
221,0.134992035438,-0.254822323225,-2.37096863971,0.105495649979,8.699999999999985
222,2.33596010829,-0.189300400058,-3.02747775486,-0.993851777489,8.699999999999985
223,0.211166489038,-1.68136020463,-0.429149197102,0.896416074904,8.699999999999985
224,0.204025620356,-0.123876608945,4.43108455016,2.13938754662,8.699999999999985
225,0.62171747004,-2.03572611638,-0.140848747119,2.06691793176,8.699999999999985
226,0.168758603891,-1.27361703251,0.0090812829574,2.41343205202,8.699999999999985
227,1.62511131734,-0.756690421605,-9.27478307306,2.55908397152,8.699999999999985
228,0.318206639129,-0.852513093119,-1.6735277886,0.427565724416,8.699999999999985
229,0.532484385383,-1.3104014536,-2.90860287346,1.51248640872,8.699999999999985
230,0.436651920909,1.30177696956,-3.34785954104,0.122589577374,8.699999999999985
231,1.25132463417,-2.34301216683,0.641725916116,0.873530790321,8.699999999999985
232,0.154554362103,-0.371009179082,-1.66027362648,1.12082711384,8.699999999999985
233,0.93930982679,-3.07361211191,-1.65492585548,0.251887216597,8.699999999999985
234,0.162247669314,-0.528747000497,-1.20936044798,1.17221763964,8.699999999999985
235,0.497650074863,3.1632310845,-1.66944285166,2.05126710747,8.699999999999985
236,0.127837128615,0.393730209599,-0.197428054898,2.25216671381,8.699999999999985
237,0.20600580495,1.40358907101,0.875399654215,-4.61379593955,8.699999999999985
238,0.510847707091,-0.703914288724,1.98803129799,1.50813074362,8.699999999999985
239,0.183206192882,-2.53621309879,-2.22280128871,0.15264716795,8.699999999999985
240,0.118923280817,1.38092096222,-0.19429230839,6.22906094656,8.699999999999985
241,0.171616388881,-0.353511353966,-1.88232444403,0.745707007569,8.699999999999985
242,0.138260891446,-2.13977964689,1.02644852816,-1.06547882924,8.699999999999985
243,1.40000127015,0.177769476171,-1.70485049545,-0.0609817860257,8.699999999999985
244,0.178816775396,-0.709883761084,-1.27516445614,1.30173707266,8.699999999999985
245,0.28675859022,-2.84751652309,-2.40292358313,1.69222953539,8.699999999999985
246,0.182480928772,-1.29309638487,-0.985272758524,0.50868824473,8.699999999999985
247,1.11174683291,-0.599215950011,-1.24945125237,0.193770613871,8.699999999999985
248,0.427565008722,-0.0125209646883,-3.57701308968,5.0013115314,8.699999999999985
249,0.316228343367,2.71519840683,0.563179012737,1.80710430856,8.699999999999985
250,2.69044328303,-1.10019855888,-0.850329693539,0.73937341209,8.699999999999985
251,0.136125707006,0.566876038391,-1.78543300391,1.59581381072,8.699999999999985
252,0.184640720072,-1.78164656852,-2.75534106252,-0.482636541119,8.699999999999985
253,0.282150192004,-4.92575279283,-0.988385073735,3.24601117669,8.699999999999985
254,0.734133909022,-1.87367918271,-2.07033919644,1.2326800053,8.699999999999985
255,0.5989630668,-1.04420770623,-1.83369134232,-0.082233480585,8.699999999999985
256,0.296292710249,0.3279069527,0.102470515041,2.28616785717,8.699999999999985
257,0.156215990531,0.786389868371,-3.52020275219,1.43534724335,8.699999999999985
258,0.155001537395,7.2599949427,-13.1605030031,-3.77108665429,8.699999999999985
259,0.135437373011,-3.54619613827,-1.79512093055,-2.17736668203,8.699999999999985
260,0.329166635956,-1.18070425219,-1.11491127913,2.73441572159,8.699999999999985
261,1.01893270691,-1.17634067507,-0.582729147554,1.18322150191,8.699999999999985
262,0.211450136941,-1.37206953299,0.921980502102,3.56339942583,8.699999999999985
263,0.257233885433,1.21979028675,2.44765933021,0.321263543399,8.699999999999985
264,0.218482945067,-1.20547909065,0.579153451398,1.39003273288,8.699999999999985
265,0.330193532793,-3.05859828445,3.67416237226,-2.6920602714,8.699999999999985
266,0.339436544599,2.74732786504,-2.04757744227,0.298882051115,8.699999999999985
267,0.193138745877,-3.03448532175,0.17024322737,0.175425627737,8.699999999999985
268,0.522851738376,-2.10619751523,2.26392577535,1.74077342972,8.699999999999985
269,0.156034536208,0.113060324359,-1.5479969612,2.5923627413,8.699999999999985
270,0.154456019038,-3.02819295009,-2.81723176251,-0.988493856659,8.699999999999985
271,0.928481840032,-0.633103331219,2.17132193001,0.0370979840511,8.699999999999985
272,0.232033086837,-1.05262495436,0.203764342369,3.38682113446,8.699999999999985
273,3.60140751282,0.730470515147,-1.59841974101,-0.833706137942,8.699999999999985
274,0.188709267352,0.714807616487,-2.61074966249,1.99364888406,8.699999999999985
275,0.169363531879,-0.575224775608,-0.537530465665,1.50853664412,8.699999999999985
276,0.138142248243,-0.761174142218,-0.934022087627,-0.0977216432922,8.699999999999985
277,1.32606711647,1.72411229651,-1.52996166852,0.0476981482718,8.699999999999985
278,1.99641787989,-2.1716588043,-0.461355011387,0.916606497912,8.699999999999985
279,0.494193883603,-1.18725234003,-1.91494627548,0.721525677937,8.699999999999985
280,0.121098635341,0.359277836696,-1.80695301078,0.684738298403,8.699999999999985
281,0.156288412535,0.0028322898151,-1.01044548076,0.0964810017836,8.699999999999985
282,1.28950333878,-0.177299227011,-1.4717494692,1.3829193205,8.699999999999985
283,0.137742482343,-0.659748885063,-0.348168420095,2.7404906254,8.699999999999985
284,1.05051394886,0.710197392162,-21.5247841899,5.61544654347,8.699999999999985
285,0.120049366436,0.437068442232,-1.84561773025,2.81129290123,8.699999999999985
286,0.325429069216,1.77999552961,-1.74421565613,3.67483623849,8.699999999999985
287,0.231416609065,3.95655908327,4.15478182898,0.745912658714,8.699999999999985
288,0.135889699925,1.2269575006,-3.66048084181,1.63360829522,8.699999999999985
289,0.100623916572,0.131324426524,2.09171614937,1.98218130327,8.699999999999985
290,0.110395895912,1.99799736925,-1.05193593306,7.88306785963,8.699999999999985
291,0.115193971405,0.0303201487199,0.375273921112,0.112202747166,8.699999999999985
292,0.133196564473,-0.144724409811,-3.33561933415,0.858650497584,8.699999999999985
293,0.29568120321,1.26569609449,-1.10105466736,1.1613114824,8.699999999999985
294,0.142980359241,0.775585579242,-1.4930293173,0.858879428473,8.699999999999985
295,0.220087524044,-1.73443868593,-1.10514580958,-0.833833888323,8.699999999999985
296,0.107286799196,-0.299683643096,0.870893888158,1.42370549456,8.699999999999985
297,0.312258217374,-0.399900249254,-2.30364360578,-0.171668823572,8.699999999999985
298,0.516379462002,-0.986956840992,-3.0515593241,1.32469157382,8.699999999999985
299,0.342598636437,-1.61237226434,0.255884103439,-0.320026530657,8.699999999999985
300,0.108752560862,-0.687627813101,1.07141181029,1.85450491864,8.699999999999985
301,0.122255214575,-1.2485301973,-1.40498361974,-0.159699075788,8.699999999999985
302,0.314069196289,5.90112639128,2.81031541048,-5.14122071201,8.699999999999985
303,0.361516865207,-0.366249496954,-0.694589792446,0.056906385324,8.699999999999985
304,0.239694554239,-0.762396334432,-0.583036073952,-0.450087419125,8.699999999999985
305,0.286800720012,-0.468370151559,0.133004189227,3.47797007679,8.699999999999985
306,0.910117332332,-0.266003631369,-1.08476340123,2.34391403018,8.699999999999985
307,0.148336755928,-0.774291162525,-0.562423494727,-1.31218602077,8.699999999999985
308,0.1773728983,-1.56949527558,0.354028246486,-0.594802698838,8.699999999999985
309,0.133928353663,-1.96590694576,0.556394475208,3.07824584181,8.699999999999985
310,0.88489061254,1.38111954351,-0.691645321552,-0.771891053081,8.699999999999985
311,0.381321554358,-2.55904012024,-0.496826506667,1.24907450312,8.699999999999985
312,1.25924615978,-0.810699720793,1.21679198642,2.23868097863,8.699999999999985
313,0.529244381442,-0.666461188391,-0.0395143395904,1.69371199447,8.699999999999985
314,0.187785769014,-0.63230240017,-0.3392867891,-0.427895702546,8.699999999999985
315,0.167396775008,-2.49929857077,1.25143390713,-1.61507278347,8.699999999999985
316,0.268143019547,0.316925784899,3.61762808996,6.98492813578,8.699999999999985
317,0.276793546959,3.31053265425,2.58973638655,1.35535833933,8.699999999999985
318,0.834304171931,2.28519918396,-0.71036273053,1.88945760425,8.699999999999985
319,0.27367972606,-0.462586164748,-0.824136674332,0.0020873456675,8.699999999999985
320,0.13753603125,-1.00458678535,-0.462929649001,1.22142854258,8.699999999999985
321,0.156493111629,-7.14404032668,-2.0735498899,-4.9165253442,8.699999999999985
322,0.118451009867,-0.257773234108,-0.247193284057,0.495522451651,8.699999999999985
323,0.1411798496,0.469329224637,-1.80732665581,0.0742765515142,8.699999999999985
324,0.186861576142,-1.5020120147,-0.4800938617,0.645924698651,8.699999999999985
325,0.104280621732,-1.77896276073,-1.57445358532,3.05782939596,8.699999999999985
326,2.5108289994,-2.49051398096,-2.10165680996,1.70074780142,8.699999999999985
327,0.32601442291,-1.00115904796,-0.172060403806,-4.50008439777,8.699999999999985
328,0.330551607412,2.65472666811,4.31886049582,0.102561035072,8.699999999999985
329,0.11126521805,-0.733900134026,-2.07825945198,3.36118210062,8.699999999999985
330,2.32206393053,-2.52065307217,-1.67969607991,0.663265101951,8.699999999999985
331,0.123971842688,-0.735813322523,-0.73001661896,2.2233186528,8.699999999999985
332,0.525453661321,1.99888966489,-1.71298056467,0.139237003827,8.699999999999985
333,0.206489578059,-0.5580061135,-0.702260121241,-0.784832860389,8.699999999999985
334,0.981415639826,-0.274416229123,-1.08111870242,1.59659021216,8.699999999999985
335,0.386765422619,2.42036999147,1.24184409068,2.05545051082,8.699999999999985
336,0.110344921599,-0.811807153103,8.17165126724,-5.01552270678,8.699999999999985
337,0.171984088502,-0.72239371791,-0.431764486934,1.37641037562,8.699999999999985
338,0.281313728399,0.844321595518,-1.46941819991,2.02047442315,8.699999999999985
339,0.208556371209,-2.03593665894,-1.83529191993,3.42705802581,8.699999999999985
340,0.212965215202,5.14789090718,1.22228654938,8.04924617514,8.699999999999985
341,0.356663534023,2.83288897856,1.07932982556,1.13452993645,8.699999999999985
342,0.221969782345,0.617149042025,-0.830920752488,-1.84437648856,8.699999999999985
343,0.105108935164,1.1980068131,-1.8322732678,-0.194787979994,8.699999999999985
344,1.6016480018,0.544621160924,-2.32566257145,2.24891523471,8.699999999999985
345,0.115074936726,-1.22875166296,-0.568308321638,0.14001036792,8.699999999999985
346,0.387186364573,-0.523495423278,-0.3331088179,1.65756517329,8.699999999999985
347,0.186037918583,0.116597870797,0.249136041186,-1.78502349694,8.699999999999985
348,0.331956043922,-1.24258119992,-1.63732057321,0.225296339068,8.699999999999985
349,0.129887861961,-1.89888319223,-0.9349994394,1.10567027165,8.699999999999985
350,0.336867827023,-1.63906875871,1.40852034358,3.49831246238,8.699999999999985
351,0.100373920295,-0.850684391929,-1.66946025773,-1.85481470518,8.699999999999985
352,2.76162948827,-2.41108230939,0.892237398965,1.27949381849,8.699999999999985
353,0.784898107663,-0.5574935671,-2.90937310044,1.9084876205,8.699999999999985
354,0.260802427895,1.53899486787,-1.29961544654,2.85548137857,8.699999999999985
355,0.109414758378,-11.6933497752,-8.4278019934,-3.41765503047,8.699999999999985
356,0.316094929393,1.20049954864,-1.80087397725,-0.0273995202467,8.699999999999985
357,0.427156057523,-1.77997684196,-2.45502131497,1.64567727171,8.699999999999985
358,0.17056769335,4.2645423045,4.80688176512,6.65432059045,8.699999999999985
359,0.21629566334,0.358181640897,-1.12679921204,2.89762020633,8.699999999999985
360,0.113700504128,-0.735725136277,-0.734279280916,-0.249267727916,8.699999999999985
361,0.170473598595,0.200183059306,-0.226613887176,2.31243507911,8.699999999999985
362,0.539948236836,-0.377629791024,2.29793908249,-3.04715836955,8.699999999999985
363,0.282980338889,-0.909939954896,-3.35246382066,1.84914654043,8.699999999999985
364,0.48303176338,0.280879864283,-1.58591911752,2.49074416576,8.699999999999985
365,0.837706532872,-0.0245656013473,-2.48790810242,0.838164641529,8.699999999999985
366,0.108810842973,1.88965660099,-1.0355233169,2.88587498514,8.699999999999985
367,0.563929642448,3.27013946593,2.91188050806,-0.436375255442,8.699999999999985
368,0.183327399848,1.07918018401,-1.38007743428,-7.86628277308,8.699999999999985
369,0.39293426595,0.23007005908,-1.65193072844,1.4754925306,8.699999999999985
370,0.118957342935,-0.678852108696,-0.327806256181,1.04120837194,8.699999999999985
371,0.457761307757,-0.147725499757,0.190219664766,2.99176058942,8.699999999999985
372,0.113044553205,0.96260868561,-0.555459529404,0.201746340533,8.699999999999985
373,0.25117955446,-3.61193734898,-9.04918590745,10.4950637781,8.699999999999985
374,0.150865101401,-1.5643619589,-1.22946767596,2.4088260293,8.699999999999985
375,0.252032028506,-1.07428888678,-0.625079525161,-0.801573723585,8.699999999999985
376,0.200845235584,0.571770464557,0.303354432778,0.224977783341,8.699999999999985
377,0.616428946224,0.820165786706,-1.41866812115,3.02787856555,8.699999999999985
378,0.808494856354,1.91869119288,5.06644083098,-1.26709377263,8.699999999999985
379,0.148573748655,-0.655451012154,-1.73764683661,-1.31026272269,8.699999999999985
380,0.17408577045,0.946264929615,-1.90258209551,1.76560857391,8.699999999999985
381,0.492756782675,-0.500207381833,-1.23702771368,2.48424938397,8.699999999999985
382,0.183797189303,-0.041594615339,-2.1352691076,0.0813281425154,8.699999999999985
383,0.319922619414,-0.213115064499,-1.36507548336,2.35902764912,8.699999999999985
384,0.409130611104,0.367952675484,-1.77216780603,2.68955794877,8.699999999999985
385,0.402256988846,1.08454427098,0.696436265281,-1.24282542357,8.699999999999985
386,0.769097653352,-1.72493022756,-2.16022604825,0.923567064825,8.699999999999985
387,0.281686202216,-3.70842545034,-0.38574285553,0.375251315465,8.699999999999985
388,0.562348542928,0.300791599944,-0.221270363942,-1.63153100252,8.699999999999985
389,0.457859972159,-7.03300725514,-2.23836218718,0.889484742855,8.699999999999985
390,0.460946333015,-0.338659169283,-3.55113179014,1.01475981892,8.699999999999985
391,0.615114821719,0.364719605475,-0.0946961314019,-1.07763292142,8.699999999999985
392,0.437459208551,0.0181921336494,-1.17723715818,0.672602875928,8.699999999999985
393,0.181664471099,0.359229850625,8.015094015,-12.4146908927,8.699999999999985
394,0.428212805414,2.57323750271,-10.3754332148,1.52518569889,8.699999999999985
395,1.6965436759,2.73181767931,-0.805054994262,1.55349524273,8.699999999999985
396,0.218333821383,1.55187324605,-2.0273003617,1.70283538875,8.699999999999985
397,0.135782923024,-8.67466045314,0.2330205942,4.65549587148,8.699999999999985
398,0.319543377749,4.33049769878,6.31936404095,9.83209226345,8.699999999999985
399,0.827636402031,-1.0169595854,-1.20529329762,-0.0118372700102,8.699999999999985
400,0.128143111492,-0.690573811514,0.239546863285,1.5858743008,8.699999999999985
401,0.2324155486,1.50760062922,-1.15404276233,1.12780063757,8.699999999999985
402,0.535107381303,0.340686622425,0.637216067695,-1.22740119518,8.699999999999985
403,1.19941164108,-1.14344899639,-0.184704342941,0.913508245848,8.699999999999985
404,0.272273567647,-0.76107939456,-1.74298587785,0.438539657365,8.699999999999985
405,0.231759455171,-0.666736897675,-1.20035139557,1.05981364913,8.699999999999985
406,0.102742321052,-0.112451937889,-1.78256166928,-0.449314466998,8.699999999999985
407,0.27272833224,0.0497406635857,-1.7314956206,2.43958779231,8.699999999999985
408,0.276607675097,-0.432043297467,-1.60446299828,-1.21799174007,8.699999999999985
409,0.137070231546,2.11650060611,-0.739065189368,1.45690121621,8.699999999999985
410,0.276112207855,-0.294281892063,-1.64960882153,1.562713727,8.699999999999985
411,0.402789425027,-1.11077022772,-0.357761161903,1.23280648884,8.699999999999985
412,0.182937799439,-1.57775281797,-0.0250085795394,-3.34721784604,8.699999999999985
413,0.393652517608,0.400545574814,-3.04803948232,-1.82276823827,8.699999999999985
414,0.535661570485,-0.0587135103915,-1.58151584472,1.80468709347,8.699999999999985
415,0.363112012786,-1.20937397885,-8.44727584008,-1.5527767388,8.699999999999985
416,0.33909957283,-0.50264685156,0.715812438777,-4.00052580242,8.699999999999985
417,0.867945092943,-0.400205831297,-0.632269455724,3.64484092702,8.699999999999985
418,0.112409835992,-4.07426421602,1.89163257788,-0.61821706664,8.699999999999985
419,0.215599782737,-3.56717859674,-0.629284820991,-0.0907234499386,8.699999999999985
420,0.74636640966,-1.65077997696,1.19694674177,1.26326010485,8.699999999999985
421,1.77956374353,-1.0130917025,-1.40963487634,2.20697520856,8.699999999999985
422,0.200847944935,0.0962149244995,-2.10989560273,3.41583248172,8.699999999999985
423,0.506771048473,-2.92034764991,-0.823967952598,4.98687978859,8.699999999999985
424,0.299703405468,0.0868051430174,-1.44535409251,1.38618077185,8.699999999999985
425,0.274667501494,-0.999266655797,-0.112362390391,1.43988671538,8.699999999999985
426,0.350156688479,0.43915002069,-1.38873137691,1.23531569161,8.699999999999985
427,1.7249356347,-1.69416971509,-1.76162533314,-0.674336212669,8.699999999999985
428,0.610871181057,1.76374180525,0.193457925821,3.62807320191,8.699999999999985
429,1.3484511116,-0.970774825259,-0.387288069969,1.06229675624,8.699999999999985
430,1.50110610986,-1.5001659412,-1.47464180884,-0.5639826839,8.699999999999985
431,0.461805005641,1.57133405478,-0.984937664269,0.929991314821,8.699999999999985
432,0.551516065351,0.0100194686327,-1.12540804496,0.903844315581,8.699999999999985
433,0.137844346228,-0.332938669538,-1.22044625163,1.42249374105,8.699999999999985
434,0.481835234065,-1.47656948571,1.33959663882,-6.50609347264,8.699999999999985
435,0.993997179497,-1.73443358177,0.136465141314,0.637781817858,8.699999999999985
436,0.212216678047,2.55849167861,2.16424717881,2.34910285412,8.699999999999985
437,0.370567997019,0.497717416585,-0.811192815579,2.61259759703,8.699999999999985
438,0.321254509935,-2.74380258781,-1.57833539983,-0.24073316199,8.699999999999985
439,0.208321355749,-0.829075028406,-2.64402525919,-0.110674083806,8.699999999999985
440,0.444551822891,1.29883993333,0.377748143785,1.67463772462,8.699999999999985
441,0.488458161612,-0.0768432160007,3.56018642127,2.98005511237,8.699999999999985
442,0.378940033234,-0.388299115248,-1.25348658363,1.54781379595,8.699999999999985
443,0.123300474518,0.113307253806,-0.130103056691,-0.260955540909,8.699999999999985
444,0.279865234639,-0.274726607591,-1.21694313294,0.265566246077,8.699999999999985
445,0.336120802037,1.72299950569,-1.39841424258,1.78597222611,8.699999999999985
446,0.254463372126,0.269113204138,-0.0740430515895,0.577195408862,8.699999999999985
447,1.8543367131,1.42979698017,0.0232661569656,4.22353751552,8.699999999999985
448,0.864602132043,1.04069958241,-0.888715124852,-0.321670917199,8.699999999999985
449,0.120061269081,-0.403495914911,-1.27942788427,2.30484667486,8.699999999999985
450,0.736207616085,-2.21134605092,-2.01982696612,2.36528479553,8.699999999999985
451,0.650417594109,0.0170083147945,0.3602913294,1.74671572259,8.699999999999985
452,0.198524838067,-0.948896838198,1.18898806037,-1.61200586754,8.699999999999985
453,0.144374496669,2.88321018147,0.0372205194502,3.42775752826,8.699999999999985
454,0.139469899079,0.0605719376483,-1.15216142606,1.06816287882,8.699999999999985
455,0.101445338136,-1.132235289,-1.25503192191,1.27896749193,8.699999999999985
456,0.190522887665,-0.884512164661,-1.42680370245,1.3499348703,8.699999999999985
457,0.454947253338,-0.769461171967,2.78169077275,2.09073676921,8.699999999999985
458,0.154530501569,0.190368044287,-0.375147584618,0.022811286916,8.699999999999985
459,2.02487593532,-2.09296075775,0.0926181691768,-0.780106192898,8.699999999999985
460,0.263610597042,-6.05399172465,-1.66046957168,8.28377360629,8.699999999999985
461,0.203721344482,-0.737793478907,-1.53788446101,0.603246137162,8.699999999999985
462,0.161965586946,-0.208399522268,-0.530699847651,1.92628724759,8.699999999999985
463,0.251863480039,-2.52314607416,1.20697720959,2.99902517534,8.699999999999985
464,0.133134814404,-2.38093653057,-1.87402041134,0.528942039002,8.699999999999985
465,1.15890281393,-1.57720230167,-2.56861027921,1.76703819522,8.699999999999985
466,0.289379080887,-0.338934889027,-2.99933984265,0.933280963849,8.699999999999985
467,0.211613380045,-2.18862397591,-0.176657232153,2.09012145406,8.699999999999985
468,0.886142778947,-0.307485991658,-1.24414615085,2.50456916518,8.699999999999985
469,0.214418599872,-0.586196017879,-1.2220085937,1.12049029611,8.699999999999985
470,0.937212433754,0.592354415371,-0.185898090932,-0.817899526834,8.699999999999985
471,0.343473054077,1.83128824698,-1.34751118453,5.18876681803,8.699999999999985
472,0.646900504171,-0.422927935499,-2.30127365945,2.29391872368,8.699999999999985
473,0.165859490177,-0.92148041701,0.0355812712613,1.14868964421,8.699999999999985
474,0.134618486795,1.70658257404,-0.468185051659,1.37826350522,8.699999999999985
475,0.134154227195,-0.523204546461,-1.20891324061,2.77902711961,8.699999999999985
476,0.150231104137,0.585866856992,0.397767157523,1.05670841483,8.699999999999985
477,0.142108577093,-1.05857946704,-0.402076921019,1.49969412536,8.699999999999985
478,0.452262401289,-0.475761211031,-3.18834383598,1.51507110028,8.699999999999985
479,0.137256078804,-2.29435894456,0.15853966526,-0.499351010457,8.699999999999985
480,0.405256134868,-1.3871004407,-1.33155160387,1.34542034799,8.699999999999985
481,1.19442515417,-1.29598757474,-3.3067333929,2.33444200727,8.699999999999985
482,1.40380555033,-1.15170515798,-2.9269207456,1.4007422229,8.699999999999985
483,0.175725480692,-5.79904204654,6.09016863641,3.04543473833,8.699999999999985
484,0.194711304989,-1.54313013173,-1.17330807323,-1.36118445779,8.699999999999985
485,0.574629246766,1.32429888578,-0.521852853807,1.8671849759,8.699999999999985
486,0.5657132977,1.25116052341,-0.200191023645,3.18855798132,8.699999999999985
487,0.10741542056,-0.532281747233,-0.375630008249,0.550528647997,8.699999999999985
488,0.427934484702,-0.633116664168,0.764915325382,0.678117562752,8.699999999999985
489,4.31947839182,-0.920742097606,-0.0205998199391,1.92023008487,8.699999999999985
490,0.143245231494,4.26568932573,-0.122338302295,-1.38196042946,8.699999999999985
491,0.940034366969,-2.06159222032,0.657663415867,2.71510351234,8.699999999999985
492,0.279082146174,0.998968224051,-6.32212752618,8.44976145863,8.699999999999985
493,0.101584893579,2.48346225659,2.52713509373,-6.012438921,8.699999999999985
494,0.155011306016,-2.62774870682,-0.872124859676,1.7832145833,8.699999999999985
495,0.238781082336,-1.23862331654,-2.10975490748,3.16787354977,8.699999999999985
496,0.125638205527,-5.72463101614,2.02604569758,3.32247615718,8.699999999999985
497,0.338095810352,-0.883890152656,0.348077088701,0.990894795213,8.699999999999985
498,0.668201954,-3.34926509332,2.48375679067,4.06984778862,8.699999999999985
499,0.22021665245,0.62792554641,-1.66664457323,2.08849662837,8.699999999999985
500,0.543231128708,-0.361576580896,-0.583214542477,-1.85015178997,8.699999999999985
501,0.155485248073,2.87676145357,-0.856944767871,0.3438217827,8.699999999999985
502,0.373801489119,1.41597865504,0.583932163231,3.17636414099,8.699999999999985
503,0.639828585015,-0.323450917344,-0.772535098676,1.30569167667,8.699999999999985
504,0.233691710292,-0.391381746742,-0.58867020694,0.378864732515,8.699999999999985
505,0.287488456375,1.17391340268,-0.878229714593,1.7024850385,8.699999999999985
506,0.303165439378,-4.85862892895,-6.80773409732,-3.54792683553,8.699999999999985
507,0.300955368725,0.652482948348,-0.695081653253,1.36846610047,8.699999999999985
508,0.137808582034,-0.931667734888,-1.32136133066,1.1474202527,8.699999999999985
509,0.122606336202,-0.896936895025,0.014643187471,2.98527097682,8.699999999999985
510,0.544163804504,-0.319837013272,-0.449672890802,0.436988882747,8.699999999999985
511,0.313740602834,-1.04498111964,0.679771550958,2.34148543058,8.699999999999985
512,0.147006013202,-2.77975688753,-1.22117204653,0.804815541554,8.699999999999985
513,1.54279646554,0.0205613507958,-0.259518513373,0.55744775036,8.699999999999985
514,0.110985409284,-1.87074750023,-1.28242455947,-0.310265719624,8.699999999999985
515,0.220518050787,-0.305436059797,-0.816081261241,-0.00198846006207,8.699999999999985
516,0.113622671874,-2.92021898946,1.4177993342,-0.171376221252,8.699999999999985
517,0.299557624411,0.3358530729,-1.49125577523,1.36168074062,8.699999999999985
518,0.216911131456,0.985446627098,-2.66470685912,1.96290900375,8.699999999999985
519,2.19505249105,-0.834355782367,0.303536078121,3.47389248339,8.699999999999985
520,0.771455978033,0.281370666923,0.460043501228,2.56214645551,8.699999999999985
521,0.660725106495,-2.16498206409,-2.94684547804,-2.9382215205,8.699999999999985
522,0.138825314038,-1.37686810906,-2.08010115201,0.445099425959,8.699999999999985
523,0.189865359838,-0.595011367584,-0.0354797603387,0.174841643645,8.699999999999985
524,0.425728489767,-0.212548584035,1.53057625086,0.992660781362,8.699999999999985
525,0.409501701749,0.986397904125,-0.874750558045,1.64151239893,8.699999999999985
526,0.179206688909,-0.243783902751,-1.68168773461,2.02628845528,8.699999999999985
527,0.238589727111,-0.0148289404712,-1.01334769886,-0.289312828877,8.699999999999985
528,0.330179225308,-3.97558992702,3.95733914747,-1.81991519682,8.699999999999985
529,0.22064330811,1.14733846391,-0.576109997815,-0.592717535724,8.699999999999985
530,0.354329336307,1.17425002951,0.772148383603,6.21152436841,8.699999999999985
531,0.201248415155,-0.988167689166,1.31196577575,0.604133896286,8.699999999999985
532,0.450688162699,-0.764022437153,0.507298557296,1.09237302619,8.699999999999985
533,0.221247847981,-6.86497821058,-1.86822845734,2.66794267002,8.699999999999985
534,0.105864035131,0.241759021588,-1.01655800651,1.5477045108,8.699999999999985
535,0.12361142984,0.963312273564,-3.39618011812,2.05145594492,8.699999999999985
536,0.113998373894,-0.349137425851,-2.79523170247,1.10398416581,8.699999999999985
537,0.110351860031,-1.232159349,-0.385172018973,1.03652480088,8.699999999999985
538,0.104734098614,-0.848022759376,-0.897166351508,4.03233320456,8.699999999999985
539,0.229759876964,-1.26831270894,-0.124870240554,0.656296088351,8.699999999999985
540,0.88788152469,-0.894329394525,-1.2701791945,-0.26109677947,8.699999999999985
541,0.108859218741,0.977948140888,-0.766425564362,2.18282793733,8.699999999999985
542,0.844307065576,-0.139526810504,-0.0844950655284,1.10208990862,8.699999999999985
543,1.26120450432,-8.14155282871,-0.948895675178,1.07349649191,8.699999999999985
544,2.60503222818,-0.279409565134,-2.71597267093,2.00854236346,8.699999999999985
545,1.90196616236,-0.708561847814,-1.25329233148,0.256583057636,8.699999999999985
546,0.154641585721,-0.186589048474,-1.59917299133,1.24843511959,8.699999999999985
547,0.1443491779,0.530690523599,0.457320859386,-3.04054489241,8.699999999999985
548,0.273926700129,-0.680351848165,0.919769026661,-1.35412710744,8.699999999999985
549,0.885624410115,-3.53113026225,-0.894516573931,-0.210351882038,8.699999999999985
550,0.522033652531,-1.81690336497,-1.55174567504,0.52770813441,8.699999999999985
551,2.23054650046,1.70865838277,-1.64142894078,-0.672127395359,8.699999999999985
552,0.471776915467,-3.3129798306,-3.70357980067,-1.74250657196,8.699999999999985
553,1.33246874011,-0.715609834327,-0.450876216847,-1.11512558422,8.699999999999985
554,0.257775478934,0.0517737915735,4.70975325053,-4.40940316457,8.699999999999985
555,1.79572031084,3.41039504205,1.35501933978,0.279352573788,8.699999999999985
556,0.159315465876,-5.30606349118,6.77622707226,-0.617832780864,8.699999999999985
557,0.431187054782,0.757419166719,3.41872956297,5.77137306984,8.699999999999985
558,0.140286315735,0.169845452551,-3.20168259259,-0.215942726225,8.699999999999985
559,3.69294621888,-1.56000038007,-0.646271802137,0.780185399704,8.699999999999985
560,0.11263757375,0.137128693313,-1.20610647091,2.97511076336,8.699999999999985
561,0.555803179161,0.709942247075,-1.59017367316,2.84688101317,8.699999999999985
562,0.155420870782,1.24303080767,0.162800848231,-0.595337257655,8.699999999999985
563,1.77261978753,-2.71758491305,-0.935869843529,0.542520113785,8.699999999999985
564,0.444505476016,-1.38324474185,-0.561341948557,-0.596255326315,8.699999999999985
565,0.154448325968,-2.00094397896,-0.480791516557,-0.207961536388,8.699999999999985
566,0.299302437946,-0.440794918733,-2.35308957104,3.33225515209,8.699999999999985
567,0.113236713361,-2.76561023014,-3.61789946874,-1.38126525114,8.699999999999985
568,0.805776697027,-0.677271902904,-0.875194105804,1.13875712203,8.699999999999985
569,1.16534401644,-0.821288228822,-1.75532890119,0.900078049887,8.699999999999985
570,0.151672442523,1.70754555152,-0.868164944375,0.68344122801,8.699999999999985
571,0.188203380784,-1.11321742466,-2.32117731679,0.655379227559,8.699999999999985
572,0.230474678549,2.20035675357,1.12673625528,-7.34614559113,8.699999999999985
573,0.397771371563,0.813220885503,0.946220848175,1.11219967485,8.699999999999985
574,0.330878626032,0.323872616132,-1.34658722652,0.636800882071,8.699999999999985
575,0.197639613112,-1.06833075432,-1.76707883058,1.21119997189,8.699999999999985
576,2.74184208937,-0.994655814674,-4.5708740142,3.38688718951,8.699999999999985
577,1.37244439953,-2.2763069428,-1.90517494009,0.27530826928,8.699999999999985
578,0.345856928542,2.18512919873,-0.672959079538,1.76961415356,8.699999999999985
579,0.102493168477,-0.380618549894,-0.510300667516,-2.42771354811,8.699999999999985
580,0.129176929112,1.74562025454,-2.78884237548,0.682300875488,8.699999999999985
581,0.162991355833,-0.728738820781,-2.50044611591,1.06047387958,8.699999999999985
582,0.157385673699,1.80343011694,-0.250351799932,0.63397674068,8.699999999999985
583,0.421136589371,-0.696142795313,-2.84552363155,0.00151755570928,8.699999999999985
584,0.577971466491,-0.23824919978,-0.453465857812,2.19625072952,8.699999999999985
585,0.423072496116,-2.06488660125,-2.40361550496,0.736512678646,8.699999999999985
586,0.575750677629,-1.84918440021,1.41195841677,-1.20491197009,8.699999999999985
587,0.120982103747,-1.02077167608,-0.547636653829,0.475991013163,8.699999999999985
588,0.332320597253,0.147861693809,-1.75533209903,-1.27945868058,8.699999999999985
589,0.183536320104,-1.75739155006,-0.348878607304,3.31284440143,8.699999999999985
590,0.284797896425,-0.638152244346,-0.354850722765,3.15661988323,8.699999999999985
591,0.347835021363,2.24608530452,-2.52834426231,0.603252954815,8.699999999999985
592,0.462324449524,-1.17642523843,-3.58008877113,2.37472920468,8.699999999999985
593,2.65856427703,1.58543902144,-1.23197066358,1.90696006192,8.699999999999985
594,0.114627090417,-5.83206742778,-2.12871747186,-3.31179172989,8.699999999999985
595,0.260570098576,-2.13726769685,-0.0242551604324,0.0330057261956,8.699999999999985
596,0.190427036197,0.781367193066,-4.58856468315,-11.7817614559,8.699999999999985
597,0.368474003718,0.813023113241,-0.507745159217,1.79337807022,8.699999999999985
598,0.115602712413,1.99559461589,-7.08278788994,-3.00904867367,8.699999999999985
599,0.34811708586,2.53063676037,-0.302992416309,-3.53342110031,8.699999999999985
600,0.144168851344,-6.02784690198,-1.61097936517,6.14715746247,8.699999999999985
601,0.138135574481,-1.31345816611,1.47489400182,0.161732929953,8.699999999999985
602,0.165195203647,0.392052375628,1.14049481674,5.09727959276,8.699999999999985
603,0.944582597611,-1.24899550324,-1.54427606442,1.9823622625,8.699999999999985
604,0.172017796411,-3.37901038207,-5.22633888955,-2.64895341612,8.699999999999985
605,0.112340887773,-1.14929942089,-0.94151424567,-0.039315865154,8.699999999999985
606,0.358188653998,-1.41731015349,-2.74894163201,-0.800501472776,8.699999999999985
607,0.658379177544,-1.89027064137,-3.10623265211,-2.33247709059,8.699999999999985
608,0.507522554804,-4.11515275112,2.50318668241,2.5642071006,8.699999999999985
609,16.7696413857,-0.608169736667,-1.22744924583,1.11067542626,8.699999999999985
610,0.254142969514,-1.39845522583,-1.63319338833,2.18984180162,8.699999999999985
611,0.353965490653,-0.830026533693,-1.73576516711,-3.70971076344,8.699999999999985
612,0.148311347192,1.27053629031,-2.35789177593,2.03412017536,8.699999999999985
613,0.411806701376,0.470280946683,-1.86991194445,-0.187804730594,8.699999999999985
614,0.165386716514,0.668505217724,-0.955069500192,-0.569850393459,8.699999999999985
615,2.16409649343,-0.727367017752,-1.3413629186,0.803337709984,8.699999999999985
616,0.265954496154,-1.1518375748,-1.62653585339,1.67245684897,8.699999999999985
617,0.908736629528,-3.64017939528,-0.258749978994,1.43492252035,8.699999999999985
618,0.558267816962,-3.79544799756,-1.10641541396,0.249056568807,8.699999999999985
619,0.152914138185,-0.689765955277,0.121404883946,2.23851156126,8.699999999999985
620,7.47668172687,-0.72296588351,-0.439281643506,0.384539983547,8.699999999999985
621,0.186302477941,-0.982101442466,-1.985407595,2.60888625496,8.699999999999985
622,0.568936790369,2.48378139678,3.7507414267,4.56609856793,8.699999999999985
623,0.858802153101,-1.30538583143,0.517172734499,3.03507224494,8.699999999999985
624,0.196463833341,-0.421844443442,-2.5873278884,1.87859409445,8.699999999999985
625,1.97950165792,-3.15348467351,-2.44516168951,1.90483885382,8.699999999999985
626,0.291644071165,-0.223981834718,-1.82486985628,1.1346482639,8.699999999999985
627,1.60953389667,-0.990372331941,-1.23172455746,0.996653988458,8.699999999999985
628,0.187825755395,-1.49791504548,-1.84357374226,1.75798578469,8.699999999999985
629,0.622624075148,-4.77188288326,-0.901208475761,5.35701124137,8.699999999999985
630,0.213557367916,0.0275187016132,-2.83370635924,1.70098076323,8.699999999999985
631,0.242292168295,0.783426690345,-3.01928702113,1.62341461255,8.699999999999985
632,0.379629652958,6.4574024649,4.74998897815,0.706183260684,8.699999999999985
633,0.317565628591,-0.308818593347,-1.66829629333,1.53992561803,8.699999999999985
634,0.278320361687,-1.29801811412,0.440571817772,1.78511167756,8.699999999999985
635,0.159784995845,-3.14546127123,-1.26183657253,0.999938338368,8.699999999999985
636,1.73067450525,0.0321084431991,0.463636044831,0.971613442258,8.699999999999985
637,0.196817301486,-5.52035077406,1.60174965793,5.81717580122,8.699999999999985
638,0.282942108954,-0.302984063655,-1.08304663478,-1.12769086985,8.699999999999985
639,0.211701600653,-0.476224457322,-0.862560042896,0.338938616191,8.699999999999985
640,0.304396952453,0.531699777967,-2.35585959095,1.0748415397,8.699999999999985
641,0.509165467701,-1.06720928205,-1.36819634033,0.893459847517,8.699999999999985
642,0.308732962267,0.140293703109,-1.6126245506,2.50254001736,8.699999999999985
643,1.21239791019,3.73687133021,-0.619314387796,-0.427073370069,8.699999999999985
644,0.126407648931,-2.28717406415,-1.28476395904,-3.08901152255,8.699999999999985
645,0.290467851584,-3.38475814076,-0.301558870089,-1.37260172572,8.699999999999985
646,0.243356143459,-2.134214362,-1.17569582773,0.996499622101,8.699999999999985
647,2.63018892263,2.27107106182,-3.34407791965,-1.78745150676,8.699999999999985
648,0.212730798586,-0.842702122726,-1.15119243738,0.00952119404373,8.699999999999985
649,0.652744606983,0.879535305054,-1.65552949274,0.211719675623,8.699999999999985
650,0.380759999252,0.162349193531,-1.53269585078,-0.161905757061,8.699999999999985
651,0.652263078702,1.665392826,-3.60682618421,-3.41085896718,8.699999999999985
652,0.248272735287,-1.75544243781,-1.22717266039,-1.15520263419,8.699999999999985
653,1.34565834507,-1.78543979066,-1.98433381966,1.33736781628,8.699999999999985
654,0.240564892933,6.85842471541,10.4766561235,3.01619205197,8.699999999999985
655,0.275956941031,-0.362088625933,-0.105502230184,6.55712173235,8.699999999999985
656,0.522329212443,-3.6027016555,-5.40197122899,2.88236117381,8.699999999999985
657,0.167353832896,-0.635297169004,-3.00688062168,0.0124910317087,8.699999999999985
658,0.192648708187,5.64248506899,2.25622646926,1.69886827779,8.699999999999985
659,3.13055740837,-1.66662530462,-1.04251099243,-0.766092398574,8.699999999999985
660,0.857505582928,-0.279469590346,-0.40513588583,2.7660282361,8.699999999999985
661,0.313140527906,-2.39293339404,-1.30091051793,0.95235720467,8.699999999999985
662,0.115835327932,1.23983396276,-0.458032321415,1.52954509742,8.699999999999985
663,8.76869758185,-3.06737340019,-0.430138936713,-2.17183092156,8.699999999999985
664,0.232847760744,0.147026146271,-1.03931223291,-0.639450464062,8.699999999999985
665,0.162232810126,-1.6822288509,-2.31863224958,4.7857533935,8.699999999999985
666,0.456075666996,1.37184104095,4.55514647603,1.98630847634,8.699999999999985
667,0.118856178442,-1.24742962355,1.43676372831,0.749523666235,8.699999999999985
668,0.137573868434,-0.850171830228,-0.159890937285,1.47694549742,8.699999999999985
669,0.566735272973,-2.73561526067,-0.090453593494,7.81236282534,8.699999999999985
670,0.442046554762,-5.57634066879,2.17517379681,1.54841462734,8.699999999999985
671,0.168418087373,-1.08135675398,-0.215002884288,-1.62716576198,8.699999999999985
672,0.136431746312,-0.22271105478,-2.14701059199,0.21857389347,8.699999999999985
673,0.240529082113,-0.362449674694,-1.07718102558,0.303760025041,8.699999999999985
674,0.114683267151,-0.0706694340812,-1.70936861559,0.416580875416,8.699999999999985
675,0.471937424618,3.88215256233,5.21627744593,0.132357461289,8.699999999999985
676,0.208478706699,0.508447471499,-2.25568544595,-0.260848555986,8.699999999999985
677,0.269013419244,-3.38962492823,-2.10079307071,2.34697012346,8.699999999999985
678,0.120931502834,0.613273386619,-1.54416903931,2.64856180005,8.699999999999985
679,0.138640416812,1.11159514994,2.20801983453,-1.10907899111,8.699999999999985
680,0.35365593015,3.96369483626,-4.10832378303,0.0365415079941,8.699999999999985
681,0.582059511887,2.98667530342,0.58265018926,2.68797670354,8.699999999999985
682,0.104541510412,-1.25237710949,0.722555537403,1.52033255119,8.699999999999985
683,0.121416501173,-1.8466649356,-2.19018505527,1.66573061042,8.699999999999985
684,0.370802179175,2.74644159793,-1.96797975363,-0.18086041043,8.699999999999985
685,0.756202069619,1.36062381418,-0.573667241178,1.20515190541,8.699999999999985
686,0.442829572708,-0.466599623266,-1.42077729017,1.05858370327,8.699999999999985
687,0.140648407558,0.337652507901,0.897211395326,0.0701227500277,8.699999999999985
688,0.373768634412,0.0950319508079,-0.950284984132,-0.149655752253,8.699999999999985
689,1.02401039176,-0.438430960603,-0.920590452565,0.811114122636,8.699999999999985
690,1.10451491555,-7.45418887487,-2.16597243448,1.54397319042,8.699999999999985
691,0.140859351209,-6.39872982584,1.79353732261,-0.793592651859,8.699999999999985
692,0.206459272619,2.63653430767,2.32928667936,3.15038383969,8.699999999999985
693,0.103377434344,-0.505906585604,-0.512554343901,-0.490781497914,8.699999999999985
694,1.00153066137,0.780554382055,-0.663161369164,1.94289397942,8.699999999999985
695,0.496674021472,-1.16419663114,0.628502751518,0.687175873819,8.699999999999985
696,0.211521534951,-5.01029442995,-2.3284276642,-2.15417633155,8.699999999999985
697,0.228119447435,0.150440509372,-0.302687246107,1.99739227615,8.699999999999985
698,0.35230668838,-1.06387395432,-3.38459774776,0.710266596268,8.699999999999985
699,0.257863909825,-0.864441803957,-0.526535489585,1.34623406001,8.699999999999985
700,0.165186237455,1.47665897087,-0.903321752851,-0.541049484465,8.699999999999985
701,0.141743833253,0.398571436046,-1.17072660422,0.710645397491,8.699999999999985
702,0.138690277454,-0.568769776723,-0.943415509143,1.54948931357,8.699999999999985
703,0.279225863582,-4.59671782627,-0.471175084274,0.0999811191019,8.699999999999985
704,0.13832150183,-0.950827306932,-1.31250324075,0.446469905289,8.699999999999985
705,0.261690903394,-1.53827587378,-2.93890315264,1.56121840269,8.699999999999985
706,0.191036653036,1.13820643896,-2.45863084899,3.29119741958,8.699999999999985
707,0.318786171751,-0.0423221323867,-1.66322306954,2.75577211611,8.699999999999985
708,0.163918170571,-1.38270301238,-0.788256145957,0.973058311063,8.699999999999985
709,1.10873692088,-1.3864051752,5.08303349695,4.58118449404,8.699999999999985
710,0.178738956039,-3.45686874936,2.45936743228,2.054446343,8.699999999999985
711,1.20768128853,-1.10901738875,-2.45136126034,0.29256122614,8.699999999999985
712,0.118735860929,0.303380320448,-1.65617356997,2.24548353984,8.699999999999985
713,1.24851055862,0.667325349588,-0.923186707295,0.817523699716,8.699999999999985
714,0.137347065586,0.00141554314136,-0.0156766330553,0.434188201955,8.699999999999985
715,0.679202314093,-1.44113243378,-1.53868055928,1.30531580781,8.699999999999985
716,0.191347505915,0.0292667801252,-0.442928090969,-0.999607233525,8.699999999999985
717,0.698962710891,-0.567177412145,-0.882945324649,0.50521547376,8.699999999999985
718,0.210585257673,-0.232524627704,-2.466146204,-0.0736760134814,8.699999999999985
719,0.104153807643,-4.43066137137,-0.694095893616,-2.12931169421,8.699999999999985
720,0.108301275376,-0.0540360978647,-1.5346343899,0.806953466172,8.699999999999985
721,0.410686964357,0.14024335554,0.400606831255,1.08139754998,8.699999999999985
722,0.141212376344,0.991626678809,-0.774315674897,1.27364729734,8.699999999999985
723,0.26460710764,-1.90598200895,1.58400772305,-5.63051345749,8.699999999999985
724,0.151201818384,-2.53093923575,-3.24330546873,-1.1589819531,8.699999999999985
725,0.146273683718,3.84427093416,0.788112305308,-1.49100349996,8.699999999999985
726,0.305384004383,0.904504038658,-2.66452999685,-1.5779326663,8.699999999999985
727,0.144128328004,-1.68373917377,0.551875425498,0.372355148024,8.699999999999985
728,6.1141225915,1.12101242918,-2.65025933005,3.57539503941,8.699999999999985
729,0.15452515125,1.19644613491,-1.49980463291,0.215435223454,8.699999999999985
730,0.129944534902,-0.393130017387,-1.43608595783,-0.499931126784,8.699999999999985
731,0.327671974821,-2.10135016508,-4.26378012232,-3.02319219105,8.699999999999985
732,0.188883403797,-1.46401100925,-1.48988448847,-0.282652146099,8.699999999999985
733,0.142655027829,-0.315260439113,-2.89437645202,1.69252929369,8.699999999999985
734,0.158239172087,-0.680229205848,0.161817357072,1.83173235802,8.699999999999985
735,0.138081812706,-3.85166400634,-0.633324750509,8.16003684599,8.699999999999985
736,0.120226031137,-5.71476524541,-1.18727885466,8.34192659775,8.699999999999985
737,0.224445734727,-2.77715017418,0.121543055884,1.69202986789,8.699999999999985
738,0.159361270874,0.346224579685,-1.16071965721,0.0273038354439,8.699999999999985
739,0.616219469697,0.0107825416309,3.16868543887,1.55202236806,8.699999999999985
740,0.845623102075,-1.3903545538,-2.73553783169,2.45042832123,8.699999999999985
741,1.55372884211,1.19539525836,-1.4709066971,2.17791414042,8.699999999999985
742,0.208284097655,3.00995458481,-10.364973527,-5.30223388048,8.699999999999985
743,0.273958776022,1.48323599522,-0.695496643814,0.232618144996,8.699999999999985
744,0.135939657193,1.44466044016,0.208585750266,0.700708789456,8.699999999999985
745,0.263339065887,2.60837916977,-0.17114153604,1.60381045571,8.699999999999985
746,0.298209183842,-0.807886481437,-1.43489624813,0.57454516241,8.699999999999985
747,0.73658632577,-0.0424104489399,2.9699335727,0.85838938582,8.699999999999985
748,0.363889218454,0.402673449109,-1.57969416235,0.0674993888768,8.699999999999985
749,0.240859407405,-4.86267996638,-1.51098968854,2.46645829379,8.699999999999985
750,0.19691291609,-1.07441243196,-0.309426445102,1.03445435634,8.699999999999985
751,0.15480613658,-2.6842589763,-0.324939208,0.580125352476,8.699999999999985
752,0.391404101895,-0.968095552154,-3.10839693641,2.20301770423,8.699999999999985
753,0.112158259805,-2.76461254927,0.956027453274,-1.04768262166,8.699999999999985
754,1.3079783241,1.16688053118,-1.51761539973,4.4272036574,8.699999999999985
755,0.781165017604,-0.174774300406,4.54391112312,6.27199769381,8.699999999999985
756,0.975263314452,-0.801971661728,-3.5368689205,0.480797549389,8.699999999999985
757,1.55718275303,-1.9466129453,-0.56705857973,0.346849158514,8.699999999999985
758,6.69867442546,0.47074231928,-0.0168186214293,0.589704127789,8.699999999999985
759,0.331147417898,-2.09528873044,-1.14101819551,3.40706430611,8.699999999999985
760,0.120469217008,1.36704831489,0.68969946876,6.26771151867,8.699999999999985
761,0.776444068977,-0.520461183272,-2.21401695266,1.6921572906,8.699999999999985
762,0.153273003602,1.17545526635,-1.63636657269,1.25478018066,8.699999999999985
763,0.318089744721,-1.29484964049,-1.21021183086,0.533126904757,8.699999999999985
764,0.532412604772,-3.62607750207,0.796397668118,1.43753196306,8.699999999999985
765,0.184849735621,-0.0529741657192,0.546249639744,0.512723878518,8.699999999999985
766,1.26154120142,-4.18830442933,-3.02130349737,0.921416481346,8.699999999999985
767,0.198819737083,2.59911996921,3.42809539395,6.05742618645,8.699999999999985
768,0.306705345863,-1.05202714684,1.32831010007,3.08355116952,8.699999999999985
769,0.206377791826,-8.17729904343,5.67566486748,-1.5094803892,8.699999999999985
770,0.107407737643,-5.94733073754,-8.88427881426,-2.45951225355,8.699999999999985
771,0.119685472739,-0.134622899425,0.175456795075,-7.10731890981,8.699999999999985
772,0.820859888408,-4.42752236401,-0.767202326351,0.757146639819,8.699999999999985
773,0.102151875144,1.41344715748,-0.573011493843,1.85860270839,8.699999999999985
774,0.201682317822,2.45199711352,-0.266793924319,-1.56314873604,8.699999999999985
775,0.381155475587,-0.92915723575,-1.81548926806,-2.77719444682,8.699999999999985
776,0.504289840227,-1.55357521146,0.365109628885,5.53154527763,8.699999999999985
777,0.147012643683,0.00367972437618,-0.140862731563,0.625775488824,8.699999999999985
778,0.128075714594,-1.29927376924,-0.463356212274,0.778384631284,8.699999999999985
779,0.120791851707,3.45307181578,-4.4383428894,2.01155383832,8.699999999999985
780,0.267266688279,-0.910480932256,-3.29469364968,2.09342636102,8.699999999999985
781,0.107462574903,-0.273362486379,-1.02374918346,0.585191612542,8.699999999999985
782,0.949021657283,-11.7287173463,4.09404651816,3.48595173599,8.699999999999985
783,0.234636706204,-0.0386562501009,-2.37626955767,-1.4498262809,8.699999999999985
784,0.146618167375,-1.98605447696,-2.25365744924,-0.458599598096,8.699999999999985
785,0.378896232868,1.04947013337,-2.30284923803,0.893336296787,8.699999999999985
786,0.654470696837,2.3088285939,-2.85381855276,-0.969189846574,8.699999999999985
787,0.423211038821,10.2138747916,-5.17967820409,0.624125664156,8.699999999999985
788,0.106193936242,-1.00222922432,-4.02510983779,1.32924315641,8.699999999999985
789,0.416129644026,-0.169880169176,-0.33227686876,0.352166273769,8.699999999999985
790,0.225793208156,-0.607161499194,-9.2825436232,-6.29215042041,8.699999999999985
791,2.35266619309,-0.434367051607,-1.49098048813,1.0190611395,8.699999999999985
792,0.137679780034,-0.141054986904,0.834488289811,0.795298363198,8.699999999999985
793,0.120647237027,1.51332579965,0.401234369837,0.496402243838,8.699999999999985
794,1.29265296757,-6.41251964483,0.630525547034,-0.640688239167,8.699999999999985
795,0.703295904731,-0.62347799246,0.12219629527,2.81561170293,8.699999999999985
796,0.353504032011,-4.28761804514,3.23597799276,-0.122116917213,8.699999999999985
797,0.326185047001,-6.01588620203,1.64922776985,0.534592904029,8.699999999999985
798,0.349172285803,-0.612387139978,0.627816626059,0.522003138652,8.699999999999985
799,0.969231364234,0.894960568928,-4.63193958922,4.45556715549,8.699999999999985
800,0.199328187514,-2.12470533228,-1.575551286,2.12016582458,8.699999999999985
801,0.219085665068,-0.56875877769,-1.76588038202,0.709187328384,8.699999999999985
802,0.812676998744,-2.25640346579,-1.50953148946,2.25753616618,8.699999999999985
803,0.25711539974,0.484439014724,-0.755403617072,1.83983773481,8.699999999999985
804,0.25589580803,-0.639280815479,-0.818402585039,-0.529213264188,8.699999999999985
805,0.384845214984,0.18313612681,-1.59903585862,1.59297223573,8.699999999999985
806,0.217082579394,-0.339296427152,-2.53900575112,-0.620697796885,8.699999999999985
807,0.101959834923,-0.716224213831,0.325633331059,0.269760280329,8.699999999999985
808,0.334074415303,0.693859386442,-3.54058650743,-0.885565557337,8.699999999999985
809,0.48180250073,-0.155149556734,0.483123940993,1.61480215811,8.699999999999985
810,0.447437095778,-3.09256731017,-1.54036566171,1.14716609732,8.699999999999985
811,1.07381851263,-0.0164681729506,-0.0744567867494,2.37332550619,8.699999999999985
812,0.305651509677,0.437708702017,1.34207204819,-1.43925545528,8.699999999999985
813,0.262010179,-0.469162403475,-2.10493201421,2.80061237547,8.699999999999985
814,0.176385360319,-1.11621068831,-2.33019707644,1.16103982524,8.699999999999985
815,0.258098981556,-0.553986656461,1.70709197097,2.4980147251,8.699999999999985
816,0.380246900386,1.8649811604,-1.49394349425,3.08774906809,8.699999999999985
817,0.1171456736,-3.58676773886,0.550587347332,1.28616661259,8.699999999999985
818,0.489240304146,-0.891563745283,-0.612063914822,-0.631120286311,8.699999999999985
819,0.289107244502,0.858198947474,-1.33384215773,0.213140640648,8.699999999999985
820,0.565460419897,-2.10295374296,-2.72947493957,-0.238423556562,8.699999999999985
821,0.171023591593,-1.98352854801,-2.27250607378,1.42279345597,8.699999999999985
822,0.183333782529,-6.26991107381,0.235343299434,-5.50564615831,8.699999999999985
823,0.343937633299,-0.0167953209301,-1.21844808688,2.61573391463,8.699999999999985
824,0.147064686499,-2.38518146371,-2.07907818841,1.94064328865,8.699999999999985
825,0.142224727956,-0.968014308776,-2.45983969885,0.514149945896,8.699999999999985
826,0.187965487336,0.143335318518,-1.44781318091,1.34638682473,8.699999999999985
827,0.161544188623,-2.08942810395,-0.492782028772,1.04878591169,8.699999999999985
828,0.185751917075,-0.774218806313,-3.75501669431,5.8580505368,8.699999999999985
829,0.929362509883,-0.966337360129,-2.12621771576,0.923070450652,8.699999999999985
830,1.29811895511,-0.893203175338,1.9721608033,-1.4507187915,8.699999999999985
831,1.3420569622,-0.995341022941,0.0478225930997,2.1265655446,8.699999999999985
832,0.201922947988,-0.108023175993,-0.202271076473,2.7873779741,8.699999999999985
833,0.195330092999,1.9593454604,1.39151059429,7.67695811969,8.699999999999985
834,0.148104331037,-0.5969334672,-2.49102772572,2.37043664621,8.699999999999985
835,0.175001269383,-3.03835410477,2.90426624694,-1.33951136581,8.699999999999985
836,0.352064409755,-0.586011273746,0.0583399247423,3.40579247986,8.699999999999985
837,0.351875211098,-0.185558282737,-3.38937171866,1.22612490741,8.699999999999985
838,0.402882486983,3.26139892868,2.62621832339,0.87541052416,8.699999999999985
839,0.795102493509,0.216840870382,0.264973629221,1.26428878038,8.699999999999985
840,0.116211155677,1.72284106583,-5.09386326654,-1.21282722412,8.699999999999985
841,0.532057168934,0.448664855525,-1.58926649847,-0.278099497056,8.699999999999985
842,0.483855341099,-0.298025141165,-1.28356524619,1.10929821652,8.699999999999985
843,0.175917058187,-2.09104250031,2.02293516441,0.971571752975,8.699999999999985
844,3.50540079853,-0.40307721283,-0.866730761558,-0.676875720385,8.699999999999985
845,0.107812810234,1.33842641423,-8.84385028137,-0.833697715612,8.699999999999985
846,0.143918397563,0.505596349255,-0.620795096513,2.6066331981,8.699999999999985
847,0.147465997811,-1.27468835287,-1.54194702928,-1.39549544161,8.699999999999985
848,0.613818365806,0.645696093801,-1.93717594393,-1.37884850729,8.699999999999985
849,0.234782480711,-1.03173525551,-0.640152956424,1.36094673871,8.699999999999985
850,0.23891343655,-5.88561545433,5.15803496445,-1.22701975187,8.699999999999985
851,0.604203797045,2.05707245691,2.96344613259,-3.07065499751,8.699999999999985
852,1.63934829016,-1.82176445546,-1.33033088147,-0.388753758858,8.699999999999985
853,0.691631034218,0.672902619073,0.0613368746441,0.643410626952,8.699999999999985
854,0.131874184383,-0.76908919314,-2.60924754943,0.773794189827,8.699999999999985
855,0.600397078291,-1.62825695419,0.376623327995,2.47954469529,8.699999999999985
856,0.226121378396,0.243485388921,-1.77795653311,0.588732369718,8.699999999999985
857,10.1580165868,0.727503845172,-1.57258114313,2.89860850244,8.699999999999985
858,1.04160009129,-0.41126308416,-0.250680556326,-1.88587735401,8.699999999999985
859,0.236196409387,-1.63794167779,-1.66663401264,2.99467742323,8.699999999999985
860,0.361023579586,-0.738813969469,-2.96301467009,2.06988389302,8.699999999999985
861,0.200292428653,-1.02483825357,-1.75613142899,2.27134182265,8.699999999999985
862,0.518711789628,-1.92269173493,0.0212161970867,3.28983612489,8.699999999999985
863,0.207740179556,-0.327967063036,0.858054946416,2.97100539563,8.699999999999985
864,0.120880692781,-1.7163459876,-1.46585931633,0.776961426154,8.699999999999985
865,0.60201857156,-0.389561326774,-2.15110806052,-1.92704882484,8.699999999999985
866,0.597942191134,-0.121630859517,0.699988774274,0.437555819887,8.699999999999985
867,0.288457270663,-0.294931328364,3.82944973066,0.0298580523044,8.699999999999985
868,0.672361923027,-2.46983867817,-2.41399574784,1.98457033479,8.699999999999985
869,0.116038624122,-1.17838331075,-0.623989591906,1.36219225147,8.699999999999985
870,0.674193528383,-0.574231833488,-0.565178111712,-0.793361273412,8.699999999999985
871,0.183271352057,-0.682683335279,-1.59862575945,1.27425949393,8.699999999999985
872,0.218692420443,0.478587580898,-1.17704668104,2.50373746087,8.699999999999985
873,2.93811489487,3.31007836723,-1.53433224445,1.74230698511,8.699999999999985
874,0.146272496516,0.0257595761558,-2.07819824105,1.33369402929,8.699999999999985
875,0.549464494711,-1.43464077095,0.180956829862,0.256352863423,8.699999999999985
876,0.1261148101,-1.38381960042,-1.80546327834,0.991412229855,8.699999999999985
877,0.275661499918,-4.78546251448,2.67896303698,-0.0651893023074,8.699999999999985
878,0.61235515158,-0.402815541545,-1.28958889436,2.42855360213,8.699999999999985
879,0.307210293379,6.166164712,1.89328018208,2.57415979709,8.699999999999985
880,0.136549990825,-0.0558752518642,-7.08251157851,4.97808612121,8.699999999999985
881,0.408071109485,-3.80466959432,5.76839777903,-0.870821273018,8.699999999999985
882,0.127199541852,-0.912267645243,-1.78883576475,-2.28388154651,8.699999999999985
883,0.228107861073,-1.60807744655,0.367965212957,-0.722986155092,8.699999999999985
884,0.188188836338,-1.25196567894,-1.81765873053,-1.23342215674,8.699999999999985
885,0.165171261754,0.721575193939,5.22340402626,0.851090977052,8.699999999999985
886,0.122521085984,-0.95511701313,-0.594488215463,2.14928347086,8.699999999999985
887,0.96463762507,-0.612730059439,-3.05132126849,-0.358263472409,8.699999999999985
888,0.149952940137,-4.41618678643,0.806938263313,4.16718683619,8.699999999999985
889,0.730513100078,-3.09972257398,4.14799691808,6.17031022423,8.699999999999985
890,1.5848026316,0.550210197913,0.299447558479,1.60872339592,8.699999999999985
891,0.196593327863,-4.71342244441,4.07106818248,-2.36973308178,8.699999999999985
892,0.311327732764,-3.17003584158,-0.839808518927,1.05927165236,8.699999999999985
893,1.33131352124,-2.83796111091,-3.86591378748,2.03734874258,8.699999999999985
894,0.168966456265,-0.716896692324,-0.607984354824,2.11632440719,8.699999999999985
895,0.397923997045,-2.33026724025,-1.99816781069,1.6071749147,8.699999999999985
896,0.196177657497,-3.15338890897,-0.643771102886,-1.62122535883,8.699999999999985
897,3.96381186266,-0.610931717531,-1.05415386075,0.520469823333,8.699999999999985
898,0.237453288529,0.921824302207,-2.58832721586,-0.679344180965,8.699999999999985
899,0.35743237947,1.29031850179,-1.13087576414,0.511960913656,8.699999999999985
900,0.851835879866,-0.829852260523,-1.14819816075,-0.688306594964,8.699999999999985
901,0.269464251265,-1.0026153786,-0.786386544094,0.889002509987,8.699999999999985
902,1.03801300994,-0.312679948373,-1.76494517485,2.57681258597,8.699999999999985
903,0.374248240973,-1.43083848174,-1.74101272123,1.17975040234,8.699999999999985
904,0.225808709558,-1.07413824499,-0.249181315787,1.6498590162,8.699999999999985
905,0.313847472474,0.761640017802,1.18713408568,2.05046380898,8.699999999999985
906,0.146697501961,-4.20439925977,-1.94180425347,-2.23343088271,8.699999999999985
907,0.102076941766,-0.090360391062,-2.04397978406,0.533995402999,8.699999999999985
908,0.283742371141,-0.856893115577,-1.78075108126,-0.249191277841,8.699999999999985
909,8.27002006531,-1.09614639371,0.204068918695,2.91263858553,8.699999999999985
910,1.09407130274,2.38852081159,2.92320571373,1.28382341879,8.699999999999985
911,0.234110492802,-0.550024122718,-0.939105789535,0.315509310106,8.699999999999985
912,0.180578752037,-1.71920101591,-1.48320725466,0.923745260157,8.699999999999985
913,0.188813247927,4.73725127772,0.627379208081,3.80266680467,8.699999999999985
914,0.30658870646,0.516480325901,0.423006762213,0.679741080213,8.699999999999985
915,0.814798109412,-1.48679376247,4.54806990101,-0.985346193624,8.699999999999985
916,1.84523815945,1.02152519794,-0.83659207047,2.23308487648,8.699999999999985
917,0.9381271596,-1.25561481441,-0.407885740131,-0.202305838252,8.699999999999985
918,0.870360945333,0.396982992526,-1.81132468434,2.75619746678,8.699999999999985
919,0.536315438472,0.736967496,1.61895820026,-0.272915315083,8.699999999999985
920,0.690593581803,-1.69453499665,0.0667431469749,0.73879363185,8.699999999999985
921,0.246441617948,0.230394844086,-0.971157223256,0.0935876600445,8.699999999999985
922,1.68644288053,-1.12760065297,1.49002137987,1.44509089564,8.699999999999985
923,0.161597691244,-2.100355634,1.22642569214,-2.10712304073,8.699999999999985
924,0.116788168897,-1.75583647541,-2.70580675331,-0.386867210755,8.699999999999985
925,0.410420134626,-0.784207074584,-1.04282818581,1.37944236056,8.699999999999985
926,0.49205052333,-1.03573686538,-0.974430947285,0.0420610946096,8.699999999999985
927,0.43233132451,0.396816309406,-4.42469323941,0.0938158102232,8.699999999999985
928,0.147544707156,-0.74543796669,-0.372632126855,2.10284641212,8.699999999999985
929,0.13362933664,-0.940339905308,-1.71463274924,-0.276298146288,8.699999999999985
930,0.116965242946,-1.36094263188,-1.09737348793,0.718422752845,8.699999999999985
931,0.137920185376,1.6498157133,-3.48249186452,-1.82247333259,8.699999999999985
932,0.158496936333,-0.141797259808,-2.08207141044,-0.64611820525,8.699999999999985
933,0.168901463051,0.302809475035,-2.44995792143,2.69381814961,8.699999999999985
934,1.28540477921,0.586086415243,-2.94807795451,0.115568137198,8.699999999999985
935,0.874585647872,-0.275608997649,-1.34777386798,0.55750373252,8.699999999999985
936,0.448679723199,1.66530096067,-2.91057618915,2.82863847883,8.699999999999985
937,0.480761985927,-2.9563745272,0.33812939798,1.21818436673,8.699999999999985
938,0.161751366351,1.40675743786,-2.70998719955,2.36350287009,8.699999999999985
939,0.125945997179,2.05811407175,-3.60393037797,4.14264693083,8.699999999999985
940,0.318877805735,0.203741464521,-1.38886390318,0.997119987911,8.699999999999985
941,0.131916569079,-0.530705566752,-0.512839009171,1.41958474929,8.699999999999985
942,0.149655752766,-6.20738933032,-3.75328786185,-3.27826627027,8.699999999999985
943,0.219298901341,-0.927237861484,-0.936148353816,1.30807236695,8.699999999999985
944,0.175496853236,7.94907369898,0.618582976814,0.961912201488,8.699999999999985
945,0.147126079397,-3.5074514688,-6.74150093164,-1.61154898749,8.699999999999985
946,0.348452311398,1.89418444781,-1.25013554357,-2.3900643838,8.699999999999985
947,0.136585113112,-9.21131034716,-1.99048967147,-7.92840069961,8.699999999999985
948,0.424535013637,-0.677218871227,1.62260533855,2.86644028422,8.699999999999985
949,0.302574814382,-1.53717037065,-2.45547719429,3.17734493443,8.699999999999985
950,0.111399477077,1.64699305191,0.934201991972,-3.31736318687,8.699999999999985
951,0.444537848258,-0.609147538651,-1.27622030022,0.497971037848,8.699999999999985
952,0.150772366091,-1.85604175601,1.76642381864,0.764960897064,8.699999999999985
953,0.112242915397,-2.35328956877,0.0997421797403,1.90360965681,8.699999999999985
954,2.08733273878,-1.80238954052,-0.559440023708,1.16578849291,8.699999999999985
955,0.182911059437,-0.927455056909,0.181757636902,2.67180040939,8.699999999999985
956,0.109528431939,-0.953661480108,-1.73215472863,1.90929497891,8.699999999999985
957,0.14768673744,-2.10321130315,-1.0388693832,-1.48929606983,8.699999999999985
958,5.75808439262,2.70577048404,-8.94990298439,1.96242767047,8.699999999999985
959,1.58159322715,0.0316479484495,-0.449834301772,2.15390771174,8.699999999999985
960,0.431469476449,-1.73759310117,-1.46217751585,0.863647900161,8.699999999999985
961,12.4115921434,-0.459115458634,-0.892965577599,1.02244453275,8.699999999999985
962,0.513413767777,2.73564312197,4.88237147353,-5.79101669539,8.699999999999985
963,1.18232619028,-0.835885862918,-0.605268000843,-0.0619311361239,8.699999999999985
964,0.275586686072,-2.55911209967,6.20434006071,3.95819496097,8.699999999999985
965,0.146752855757,-1.84510402877,-1.71394848594,0.981512960817,8.699999999999985
966,0.609496194377,0.917872518421,-3.3936395986,1.46414582472,8.699999999999985
967,0.295592908827,-1.60579448983,-3.6115197666,1.85772407115,8.699999999999985
968,4.50780543355,-0.904012815136,-0.677780287746,1.16265934421,8.699999999999985
969,0.109159867894,-1.42073543334,-0.163546281868,1.26134451112,8.699999999999985
970,0.41124561131,0.902505164335,-1.06061648391,2.85213501205,8.699999999999985
971,0.44163483692,2.18554867077,-0.259166463794,2.27243434517,8.699999999999985
972,0.219239685764,-1.27628511881,-1.55513985279,-0.0264780298068,8.699999999999985
973,0.179852299129,-0.369642109662,-2.04838243203,0.60202788751,8.699999999999985
974,0.13883360479,-0.0926652573906,-0.724862831235,0.668822190031,8.699999999999985
975,0.147611764556,-1.35391989733,-1.62727841613,0.896489538006,8.699999999999985
976,0.138828202196,-1.95273253081,-1.34592673488,1.80707079555,8.699999999999985
977,0.199676460155,-0.583623042142,-1.02880868049,-0.664269554483,8.699999999999985
978,0.207331242978,-1.67774689947,-4.00580013361,-0.0965342181824,8.699999999999985
979,0.375308300599,-2.54297213336,-2.29069374707,1.32058270223,8.699999999999985
980,0.10825388887,-3.52495712574,2.79921923903,3.64633279714,8.699999999999985
981,0.150347282028,-0.266296434636,1.01595695037,-11.3909208637,8.699999999999985
982,0.118319669703,-2.85783573245,-1.22849193951,-0.754104470077,8.699999999999985
983,0.145054232199,-0.403972895109,-0.555647136651,2.29846514748,8.699999999999985
984,0.167155011909,1.31873907903,-1.06993675061,2.3244168102,8.699999999999985
985,8.51551074723,-1.30215136634,-1.07514620039,0.272805371585,8.699999999999985
986,1.15812658218,0.199997759706,-1.2814300713,0.383057845054,8.699999999999985
987,0.11785939765,-2.67387161232,-2.97707825648,1.38418536966,8.699999999999985
988,1.34502184721,-1.02877570431,-0.532778408779,-0.737738408936,8.699999999999985
989,0.17500418343,-0.4208171454,-0.840747983405,0.152446067671,8.699999999999985
990,0.457474189691,-0.267831965219,-1.08483962499,2.37880400991,8.699999999999985
991,0.378484267603,3.08352500265,-0.303368159803,-0.951825452388,8.699999999999985
992,1.11117677397,-3.98337251008,-0.221180037923,3.63032605279,8.699999999999985
993,0.878372568361,3.38937928091,-1.78902969037,2.45564209678,8.699999999999985
994,0.1757086231,0.694543285879,-1.78824476419,2.18932190784,8.699999999999985
995,0.168137133777,2.24735200705,-2.77869466669,-6.76504370408,8.699999999999985
996,0.453574413614,0.0703600519033,-1.42351075315,0.372427091123,8.699999999999985
997,0.603834150075,-3.13746588607,-0.235156412472,3.42155756532,8.699999999999985
998,1.20821171896,-1.44002700753,-1.83519951114,2.02098349822,8.699999999999985
999,1.4745856173,-0.651283251972,-1.87286839017,1.58491468365,8.699999999999985
