Star_ID,Mass (MSun),X (pc),Y (pc),Z (pc),Simulation Time (Myr)
0,0.208281661752,9.05219027353,-6.27397017597,6.37445337502,80.5999999999997
1,0.184530122993,7.46383202114,-1.05123998288,8.70655029302,80.5999999999997
2,0.228902726906,6.72304555152,-0.333016009995,4.64562946128,80.5999999999997
3,0.324643983625,7.38315562679,1.75858882958,9.94579745052,80.5999999999997
4,0.113918358033,-22.8441868356,-57.6964829041,4.23525347319,80.5999999999997
5,0.207669863191,5.64922833743,5.05819048138,5.64450391062,80.5999999999997
6,0.185691056808,7.38043492155,4.3227777881,1.54428823708,80.5999999999997
7,0.650050663721,11.2883829518,1.27546088347,7.35660064068,80.5999999999997
8,0.717841964913,18.1225067843,-14.5604294164,1.01258250875,80.5999999999997
9,0.307404151055,6.68349029704,3.77588459102,6.10888895266,80.5999999999997
10,0.247922595667,-3.6641950411,-4.48452202876,-20.0818727936,80.5999999999997
11,0.983460984624,12.0910347968,0.871829369494,-1.6655879983,80.5999999999997
12,3.15901832288,5.48900866433,3.32750627533,3.27542841072,80.5999999999997
13,0.166788104581,0.930070301428,-8.74900523684,8.40828006209,80.5999999999997
14,0.824985759821,14.2828815162,-21.3106836782,11.6471436368,80.5999999999997
15,0.185652451605,-79.9163551961,3.83602052065,29.0707233278,80.5999999999997
16,0.312935999711,7.49649269748,0.676800791801,5.02464557811,80.5999999999997
17,0.238985640425,7.82480027455,-0.954542382806,8.61866531896,80.5999999999997
18,1.8942374161,22.7593480778,-44.59148102,6.78088860567,80.5999999999997
19,0.299158336544,4.38090332207,-5.48520097668,8.77526444127,80.5999999999997
20,0.517315929452,11.9205690375,4.07168247392,10.5734340638,80.5999999999997
21,0.204957230795,6.4885456207,2.5173476803,1.85721742567,80.5999999999997
22,0.7309499523,8.9229869791,3.12758493916,13.069730976,80.5999999999997
23,0.77284308747,7.95889591498,2.82853914684,4.43291109926,80.5999999999997
24,0.120877378357,-22.6377857999,-25.2895212632,27.7052116977,80.5999999999997
25,0.117160377799,-2.60864663989,14.440069129,-16.9524754492,80.5999999999997
26,0.127029822354,1.35386913666,2.51182008025,8.13734834619,80.5999999999997
27,0.113365965444,1.28523792464,-49.5093645977,-48.7111800316,80.5999999999997
28,0.123036805912,1.60467196005,1.06161864824,2.45111061024,80.5999999999997
29,0.776909272871,13.9841644248,-4.32391760274,17.675771686,80.5999999999997
30,0.369140236208,13.6739304639,-5.83540105537,10.5466413331,80.5999999999997
31,0.210957036931,4.33735563036,-3.53308542194,2.61535410531,80.5999999999997
32,0.228621563001,-56.9803296962,18.8209692805,-8.02121521173,80.5999999999997
33,0.744906662427,7.02740386238,0.214230565818,5.75413924263,80.5999999999997
34,0.108421251276,6.6791040542,-0.980402322869,6.46510086549,80.5999999999997
35,0.200567110828,5.97377948217,1.73810893704,6.05462567353,80.5999999999997
36,0.313113760726,9.56088036114,-0.497387644489,6.83768557921,80.5999999999997
37,0.127727390382,7.47796165418,-3.5999073092,8.4482241607,80.5999999999997
38,1.59673007043,8.5481230672,-4.42075848418,5.88708072257,80.5999999999997
39,0.128815137705,6.04946241631,-4.12902401248,6.65940027244,80.5999999999997
40,0.483687883505,9.85536235992,-1.24814076019,10.2447843539,80.5999999999997
41,1.47549364652,9.1922912445,-0.437626352286,4.3127554155,80.5999999999997
42,0.286675424059,2.83123368297,0.526968346908,-2.66654002253,80.5999999999997
43,0.130722520987,72.4675365379,-40.1029968045,-14.5212972961,80.5999999999997
44,0.631097775489,-27.2211473132,68.0261424991,7.91997345327,80.5999999999997
45,0.145498013049,6.626487171,-4.31795840725,2.24166686522,80.5999999999997
46,0.552581402614,4.87537148945,1.57729280938,4.18183738543,80.5999999999997
47,0.45318890365,8.56204398015,0.152075743237,-1.54788063709,80.5999999999997
48,0.776752164754,-38.3812146145,-1.1616809575,-7.85845375191,80.5999999999997
49,0.543601097869,10.2011635134,1.39128760894,0.511140348236,80.5999999999997
50,0.327181948274,147.835376144,-20.4889602269,-43.8422390668,80.5999999999997
51,0.135092468684,4.54936834089,2.54397558396,4.29968778979,80.5999999999997
52,0.208056941237,19.0247737214,16.7284935025,33.239258964,80.5999999999997
53,0.331459832381,2.93289970028,-24.1398794088,72.2315135117,80.5999999999997
54,0.100573790371,2.33152644925,13.0664761428,6.02135959458,80.5999999999997
55,0.432017265748,0.122065223156,4.21922752788,5.14477406693,80.5999999999997
56,0.144531577469,5.76413860126,-1.02015029224,2.7866641258,80.5999999999997
57,0.202892262951,-135.752951005,25.8766572223,5.83923728261,80.5999999999997
58,0.497742005547,6.50252016339,1.65645190149,4.50727951878,80.5999999999997
59,0.214568140857,6.74906395573,-1.83031669796,5.52651738865,80.5999999999997
60,0.287991092569,2.78461613492,2.75669687156,4.49531695142,80.5999999999997
61,0.108412765391,7.05002378844,-0.309587417142,7.28900048998,80.5999999999997
62,0.123917981598,-75.7906091018,-42.1982292303,-61.6695452562,80.5999999999997
63,0.759087656913,9.10564182103,-6.37378148336,6.49300384078,80.5999999999997
64,0.354489488743,4.9110976681,6.34642870366,0.755539206265,80.5999999999997
65,0.378119984751,6.56371704018,-1.91711784458,6.90180066869,80.5999999999997
66,0.103363974336,21.0791484099,-4.7401546364,8.08737938441,80.5999999999997
67,1.27101416156,7.90501687557,2.52989506531,1.92225052275,80.5999999999997
68,0.292134706011,8.85904158955,3.10256397202,11.6737644929,80.5999999999997
69,0.663720963898,3.03735572887,51.375260452,-56.4520588939,80.5999999999997
70,0.122860391844,17.6788618848,-2.84495318456,12.4703630048,80.5999999999997
71,0.166055849018,4.08403227357,3.15172517624,3.29797316253,80.5999999999997
72,0.114025952801,47.773548487,58.7487640098,-12.986699648,80.5999999999997
73,0.225682274374,91.8912267327,-47.9542610865,-7.34885289221,80.5999999999997
74,0.14341625012,37.633722042,-7.8068975776,24.0843353636,80.5999999999997
75,1.29490201361,44.1728303162,0.500846952479,-41.8256800251,80.5999999999997
76,0.312998112943,-11.8013351319,17.9560695211,-66.9094230076,80.5999999999997
77,0.345683142493,54.5418007245,15.4291583354,10.5812110407,80.5999999999997
78,0.349265717408,4.49331886278,0.12102570895,8.00764383231,80.5999999999997
79,0.102492628193,6.36863317449,-15.1855413317,22.433094601,80.5999999999997
80,0.334312597995,-0.581770516263,-1.56007698216,4.62519651343,80.5999999999997
81,0.125196634081,6.88737971986,-0.444042565093,5.62501353973,80.5999999999997
82,0.140311066056,-3.99864001811,4.63663098123,-27.9093116415,80.5999999999997
83,0.11715782545,-7.63069564079,-3.83501958534,23.941627854,80.5999999999997
84,0.210124667993,6.03092648001,3.71534753166,0.992308114581,80.5999999999997
85,0.540622096813,12.0849201963,32.8980575421,-29.7865959785,80.5999999999997
86,0.184134782481,-78.9822289694,23.6779364849,40.8845981712,80.5999999999997
87,0.442081843857,-3.79829097268,1.26775423679,3.89971589882,80.5999999999997
88,0.202195311525,-0.395128572979,-2.48993147808,2.38317926075,80.5999999999997
89,0.118928485317,12.5599482025,-39.5306988512,19.5518389883,80.5999999999997
90,0.16156272766,3.68016511466,0.553153510225,6.09185285636,80.5999999999997
91,0.742515546356,6.28839041266,-0.0128170804118,7.21283078922,80.5999999999997
92,0.271775257231,5.8107000396,-0.616537973217,5.65269259399,80.5999999999997
93,1.83831822839,7.33956978729,1.26768027334,5.56272162596,80.5999999999997
94,0.433249268092,6.75943288061,6.5743275084,9.01416198472,80.5999999999997
95,0.324806542479,-1.83032346964,6.10567281778,6.65103370772,80.5999999999997
96,0.633250344457,6.53569252229,1.3965729008,5.44827170825,80.5999999999997
97,0.241637226979,8.77995744164,-1.94648939063,5.6797567737,80.5999999999997
98,0.285464856972,7.49753746317,1.78762591575,2.74339894439,80.5999999999997
99,0.136375724928,87.4101651714,-3.51601329411,15.4605023864,80.5999999999997
100,0.142131166805,9.79694243705,3.52613795197,6.53263954736,80.5999999999997
101,0.559104932537,8.1572814399,1.61686535781,4.84111087792,80.5999999999997
102,0.193055771471,4.82997143174,1.35716275404,4.82381353873,80.5999999999997
103,0.135145598904,3.06791552948,-0.0105375268965,7.69429529141,80.5999999999997
104,0.23842388807,5.46787498481,0.20981373588,9.13872365929,80.5999999999997
105,1.63979279763,6.66950272854,1.73049120838,5.84600991348,80.5999999999997
106,0.457221054198,7.03476419782,9.14216750543,-4.07513633394,80.5999999999997
107,0.119463935706,-19.9514470717,46.5433770783,20.806891888,80.5999999999997
108,0.121038604303,0.48544232497,2.33103033624,3.77204526343,80.5999999999997
109,0.77943263235,7.05387250437,0.698493128308,3.47928262634,80.5999999999997
110,0.723606312173,4.12001111571,5.3349980323,6.96878368181,80.5999999999997
111,0.116407793511,6.69517296064,2.67631534832,7.48407166086,80.5999999999997
112,1.03941308123,15.1844128063,-8.07513142792,4.49469418825,80.5999999999997
113,0.710296751255,-6.8684371606,-31.2271127495,-37.0033877682,80.5999999999997
114,0.200736740665,4.78866719779,-3.69062440011,-0.00072702957807,80.5999999999997
115,0.109632788822,1.19978116777,0.412513689865,-1.0023754852,80.5999999999997
116,0.644160205228,7.73691265387,0.146301369125,4.24034949506,80.5999999999997
117,1.04616725237,7.50459133029,0.655943256412,9.45785672359,80.5999999999997
118,0.209145049854,-3.53352178016,130.568798871,75.5140498895,80.5999999999997
119,1.71405914911,0.769678337998,3.33492379999,5.26336750385,80.5999999999997
120,1.1706157796,3.50958143156,6.46995260501,2.28981880564,80.5999999999997
121,0.348543102184,8.14634872143,1.40667374379,5.12343704527,80.5999999999997
122,0.132348665412,1.1669823885,3.45131376471,3.7859568722,80.5999999999997
123,0.515731956228,18.494932326,-78.5140742794,-10.4210043784,80.5999999999997
124,0.108622387413,9.10664875059,7.18010003998,2.0302940281,80.5999999999997
125,0.143614563265,1.16131156318,11.1406211747,-61.0449185947,80.5999999999997
126,0.135084492084,23.0942650427,-44.8997988535,18.2690812804,80.5999999999997
127,0.246061684739,3.3845439527,-1.19335690153,5.84153455766,80.5999999999997
128,3.18587318,6.98222133628,6.06571778245,6.16735673666,80.5999999999997
129,0.207084767183,-21.7110511842,93.9924231556,5.02535790421,80.5999999999997
130,0.156520239169,4.02360847621,1.97236359658,8.13604478983,80.5999999999997
131,0.187416279292,8.15834621496,0.046375254912,3.44516990845,80.5999999999997
132,0.106503191355,10.5491167588,-1.05933090945,4.54469676975,80.5999999999997
133,0.280022174182,9.208168963,0.329479244826,10.3442873818,80.5999999999997
134,0.228146101086,14.8013881152,9.31843920289,14.4234087827,80.5999999999997
135,0.348079169458,5.08891020194,2.4936307328,4.06730231511,80.5999999999997
136,0.254815369724,8.12540994923,2.28799669454,1.57552521202,80.5999999999997
137,0.29505675644,4.0101885789,1.45339108433,4.83258453394,80.5999999999997
138,0.193186781695,4.0157724858,-5.78769841234,5.91637601365,80.5999999999997
139,0.607929308327,-8.32499092209,-60.6551370425,-19.9292984822,80.5999999999997
140,0.12399040304,5.41240817986,-0.135984466996,9.35157646057,80.5999999999997
141,0.103267361016,5.07082448871,-0.364494271171,5.55485251501,80.5999999999997
142,0.128996073113,7.95630329928,2.40559981246,4.30174623644,80.5999999999997
143,0.26463169969,7.35069373466,2.35547937213,3.98924217215,80.5999999999997
144,0.385799059362,3.04135698266,0.405861665531,4.53839010668,80.5999999999997
145,0.132067103154,7.23516192625,1.23712330947,5.77534050698,80.5999999999997
146,0.438272838137,81.9858013513,19.5403764499,-61.2083591684,80.5999999999997
147,0.140913072304,6.63139763226,-2.25551855458,2.24763652746,80.5999999999997
148,0.731677835531,7.78149362712,-0.328844797617,7.45871128234,80.5999999999997
149,0.30415338644,0.760020697734,20.7897626771,-26.9967602573,80.5999999999997
150,0.106615165264,6.21717786091,-2.47143011467,6.67751614375,80.5999999999997
151,0.523476525197,11.8779399226,-1.27607861298,4.61492676967,80.5999999999997
152,0.163878906007,-1.84706053837,9.68442417905,6.09188279744,80.5999999999997
153,0.481968734351,7.55376024212,-0.937157068047,2.98434093988,80.5999999999997
154,0.137598035494,-42.5030898812,-37.2125086647,-4.56266822238,80.5999999999997
155,0.107115005746,7.9831639755,0.98322192337,23.0709924416,80.5999999999997
156,0.359647565248,-2.34449142942,1.55376495945,5.48340298175,80.5999999999997
157,0.173508021796,2.61926206167,6.20236686657,10.0406556172,80.5999999999997
158,0.210509544802,-14.4351010962,-2.57954728243,6.8967141123,80.5999999999997
159,0.558694240841,-33.8674403087,-23.3285346885,19.4036312463,80.5999999999997
160,0.147351361488,7.61085197002,4.2630158073,3.05362563267,80.5999999999997
161,0.609604819193,6.45044502621,1.32144571931,5.80860055134,80.5999999999997
162,4.42876661047,11.7401925709,125.789956347,17.6631483641,80.5999999999997
163,4.70550222177,9.60963210651,-0.159533794269,5.16797075669,80.5999999999997
164,0.261787060224,0.857256879582,-0.524481151813,11.0289774688,80.5999999999997
165,0.105157129306,2.48027157939,-6.26260723808,5.29553986487,80.5999999999997
166,0.829487018048,4.44414399707,-2.17759798727,7.04840880755,80.5999999999997
167,2.01174024785,6.39176096264,2.27927524273,6.51124652134,80.5999999999997
168,0.115745186517,4.12512652274,0.669600408398,5.48117245885,80.5999999999997
169,1.11874905636,6.17415267956,1.15656372002,5.1914309617,80.5999999999997
170,1.20758627557,7.47925798599,-0.674215354479,7.70483980933,80.5999999999997
171,0.547344120466,8.91625960281,-0.0191356108453,9.44951204422,80.5999999999997
172,0.282593695509,-8.6374266974,13.3596593554,8.84367854993,80.5999999999997
173,0.378785536691,-49.1346731096,-58.2780245585,50.183128717,80.5999999999997
174,0.202024609905,-54.6900019888,12.4067486981,45.8261140358,80.5999999999997
175,0.222700559133,7.46344022115,2.94943440127,4.23876787361,80.5999999999997
176,0.306000963363,7.27431315966,1.95620527524,7.94484455499,80.5999999999997
177,0.387295786365,8.62341286868,24.5454056557,-89.4461741546,80.5999999999997
178,0.237939015847,20.1464595597,-40.8924950853,19.1006556352,80.5999999999997
179,0.127618787599,-6.1083880477,35.3477616711,29.6233921211,80.5999999999997
180,0.465345355763,4.14511646911,4.34285043318,2.86580429245,80.5999999999997
181,0.437980919998,8.60336009698,0.0595151780276,8.09663385,80.5999999999997
182,0.180568204177,8.78325395051,4.20222732481,4.08353461096,80.5999999999997
183,0.307479021791,15.1155627469,104.800346713,25.698509434,80.5999999999997
184,0.403710914439,23.3693913286,14.9793872397,1.8125638011,80.5999999999997
185,0.368161908477,11.3612944719,2.41910939617,7.160292779,80.5999999999997
186,0.75872451801,30.1436356392,-16.8733855671,-18.0505996933,80.5999999999997
187,0.177686382146,7.01971997286,-0.149371138497,2.20557262248,80.5999999999997
188,0.252051627023,9.2986642735,2.09575072798,5.51434483412,80.5999999999997
189,0.100802742024,11.4205523206,1.0721744482,7.85924468953,80.5999999999997
190,0.124840855946,7.69446549642,0.510371574742,2.77091541652,80.5999999999997
191,0.182408820298,9.87638179892,-0.102328256938,9.2728187739,80.5999999999997
192,0.633788414035,6.75536627235,-1.12716456906,5.13379146559,80.5999999999997
193,0.266890744696,7.59437542902,0.711280839944,4.54901593262,80.5999999999997
194,0.133854756294,4.62614068701,-3.45477603496,2.15776726007,80.5999999999997
195,0.422299480393,10.9710644863,1.16721979539,9.50671227321,80.5999999999997
196,0.13164134443,-0.0301393365933,-14.1635597957,8.38535868898,80.5999999999997
197,0.279209679437,-0.59381596159,8.93141726021,25.0366238385,80.5999999999997
198,0.140468888917,41.1035443504,-7.49115787158,8.43874663026,80.5999999999997
199,0.511775558448,6.53715647557,1.20322229272,7.02167320774,80.5999999999997
200,0.359148230275,7.27820549826,-0.467704529898,3.49086770473,80.5999999999997
201,0.625071196202,9.28220603273,-10.949202053,6.56317761287,80.5999999999997
202,0.142884222025,3.57813224193,1.02107346662,6.85681331531,80.5999999999997
203,1.57659917098,6.34654297733,-1.12040569823,5.40911953579,80.5999999999997
204,0.110553769217,31.3564603354,13.0330797095,-58.8334143567,80.5999999999997
205,0.572277598218,5.42487330281,0.673977561106,6.59866930014,80.5999999999997
206,0.448940581078,6.3926994225,0.49851594797,7.01181319214,80.5999999999997
207,0.163467268265,-7.10567686052,15.2848505004,-25.5169416297,80.5999999999997
208,0.327307903946,8.60683571036,2.95729244206,5.73442935145,80.5999999999997
209,0.122793539001,-9.96841044005,20.3954554396,-37.1574504822,80.5999999999997
210,0.18908206268,13.0784951531,-0.143439399427,8.22515302834,80.5999999999997
211,0.139411938115,7.16847832082,1.93330893375,6.56248872809,80.5999999999997
212,1.15872738137,7.62380258276,0.926860696653,5.48509541359,80.5999999999997
213,0.888243654086,-3.87668482656,-4.34817195319,21.4935558051,80.5999999999997
214,0.107284850343,6.48448675401,4.31368218499,5.01444995098,80.5999999999997
215,0.238250394618,7.73462338209,1.89595038734,0.122813399806,80.5999999999997
216,0.967826762609,5.4035151506,-4.70176188538,3.14443388869,80.5999999999997
217,0.2432713633,6.96087910589,-3.50546425951,6.76221274402,80.5999999999997
218,0.175326195116,-14.8143356252,28.53315538,-4.19720181774,80.5999999999997
219,0.679676814615,7.28377785728,13.1729336818,1.73448091075,80.5999999999997
220,0.260176745269,29.7426276892,35.3030400559,-45.4788486326,80.5999999999997
221,0.239582432552,-5.27332033825,20.9239858575,20.0986606828,80.5999999999997
222,0.159573038229,13.5163081441,30.8318360709,40.8225438746,80.5999999999997
223,0.108870280472,7.11786052495,-1.07631943572,5.76816958355,80.5999999999997
224,2.06157596664,5.0791092664,-1.58320785093,5.65166473773,80.5999999999997
225,0.509808840316,10.6233666659,-4.25093526734,6.11245260973,80.5999999999997
226,0.439538541969,13.6387162221,1.52067198372,8.34665424344,80.5999999999997
227,0.160272928478,6.70691746372,0.0353941470218,6.33413416854,80.5999999999997
228,0.120912608962,6.22347945529,0.0842865417453,5.89262218386,80.5999999999997
229,0.114149420343,0.853272165147,7.34827261838,6.00589937327,80.5999999999997
230,0.11181741826,20.3305995454,-41.8249411818,29.9306354322,80.5999999999997
231,4.41430166611,-84.9423686711,4.71561454549,-35.573650454,80.5999999999997
232,0.242406675358,-3.59083634748,-2.59296906541,-34.7704055804,80.5999999999997
233,0.462005677641,5.73713609159,4.35924611097,6.0839715965,80.5999999999997
234,0.123967650412,7.4287181677,-5.60414376986,6.80850555628,80.5999999999997
235,0.170952695219,7.69993236422,0.307893110107,5.1158901255,80.5999999999997
236,0.29989318249,6.12697842692,4.47235879765,3.39836322938,80.5999999999997
237,3.06043609158,18.9130540816,5.39389717765,-43.7057062199,80.5999999999997
238,0.255594916115,9.53959903383,-14.1531711643,18.8503567639,80.5999999999997
239,2.32235816465,7.41002628172,-0.954590792663,4.97258084341,80.5999999999997
240,0.202110969362,10.9230196804,2.01938879746,6.32742575501,80.5999999999997
241,0.123825065641,12.86606407,-0.262565275241,-0.443693219304,80.5999999999997
242,0.11555631412,5.61464378285,0.705698497032,2.02963876076,80.5999999999997
243,0.865162729249,7.28459745115,1.93835865902,5.68030124897,80.5999999999997
244,0.321246590697,6.54431543206,-2.44334051602,3.47206211363,80.5999999999997
245,0.340020838829,8.30651377061,1.58997204213,2.25785565893,80.5999999999997
246,0.258045255823,5.26747451232,-4.06969416245,0.185070405941,80.5999999999997
247,0.238642652363,9.23313691965,-1.49938780686,4.13798421403,80.5999999999997
248,0.114248758871,5.50908818284,0.43152915272,5.29147301692,80.5999999999997
249,0.344075351088,6.99751810595,1.93478927406,5.17928461412,80.5999999999997
250,0.286039886342,-10.1925800547,7.92582053127,-4.81316485989,80.5999999999997
251,0.175550106459,2.17192788935,-7.53523140972,0.0464748215993,80.5999999999997
252,0.132220736286,4.38543878665,0.794590542847,6.53433719346,80.5999999999997
253,0.154175941973,8.62433109076,-0.2694623293,-5.1333098279,80.5999999999997
254,0.656804924505,8.44928960276,0.584522223533,3.03507542803,80.5999999999997
255,0.232999209898,9.66527905438,-3.90523174656,7.07005692494,80.5999999999997
256,0.12462383049,8.52385813171,-5.43766862695,8.15673716553,80.5999999999997
257,0.660175289302,7.30274972989,2.95724846594,7.24592618486,80.5999999999997
258,0.648565088495,6.31416314452,2.32924212869,4.34900546687,80.5999999999997
259,0.107138545554,4.77254986842,2.9813151555,4.16448522028,80.5999999999997
260,0.356488347833,-9.64187855421,22.2882635006,-2.96014318489,80.5999999999997
261,0.332140532686,8.23150861217,-1.51157605434,7.61985187712,80.5999999999997
262,0.284278725064,4.7234279848,4.35179579008,7.75539221902,80.5999999999997
263,0.333954784131,0.0407601896659,-24.1127652869,-39.3066710527,80.5999999999997
264,0.194246043871,-4.40170268425,-32.0846931021,4.37868703441,80.5999999999997
265,0.219759491581,2.8360536669,3.0132439803,6.77364361492,80.5999999999997
266,0.100573953933,47.0054959072,-48.3803535592,28.4395514375,80.5999999999997
267,0.767002743289,-41.5111032508,-6.25741996924,-11.1542221304,80.5999999999997
268,1.10930522608,11.0737264889,-1.30974913348,6.96990151245,80.5999999999997
269,0.143925993223,6.74525859803,-0.243206125303,7.48936699974,80.5999999999997
270,0.106142928173,6.88638168237,3.28659333876,8.42300420895,80.5999999999997
271,0.169797046661,5.44196677862,-0.669686737003,6.19592440577,80.5999999999997
272,0.215390080205,43.2991854376,29.629707192,19.6643955179,80.5999999999997
273,1.02309049006,7.53780028108,-2.16072794679,7.36605021026,80.5999999999997
274,0.307497257383,4.14149115071,-1.88040964328,0.624416367078,80.5999999999997
275,1.70577276625,-0.418369656696,48.3196732059,-31.4308649591,80.5999999999997
276,0.152241011964,10.2479817923,2.01656624753,7.45010984352,80.5999999999997
277,0.13200996057,5.13872708794,-1.12343074451,1.82983587209,80.5999999999997
278,0.867428090067,9.17386476877,-1.71831108285,0.105937045977,80.5999999999997
279,5.38391051712,6.46556171349,1.08816215799,5.71751275845,80.5999999999997
280,0.102510163691,12.5683554493,2.2871493408,3.40761739506,80.5999999999997
281,0.126945462732,27.8932116983,-74.1025023899,69.9728027566,80.5999999999997
282,0.112585626068,10.8952251873,-29.1744508701,-34.1614763776,80.5999999999997
283,0.655475127903,7.87953371787,0.381556123092,5.60277863148,80.5999999999997
284,0.173684868682,-3.36624152172,-4.66147360856,13.2975562751,80.5999999999997
285,0.214873815009,6.62995152548,-0.284020006774,2.30366968606,80.5999999999997
286,0.378794028495,4.48707701712,-3.13656570701,5.5159487959,80.5999999999997
287,0.411860850877,2.98767067519,5.10939555627,1.9410999449,80.5999999999997
288,0.114219284042,10.2535085107,-0.448689021818,10.3167818756,80.5999999999997
289,0.145299301718,6.3599600126,-1.44648085141,9.51076116139,80.5999999999997
290,0.321643103102,9.71372647369,2.52927185332,5.04597300465,80.5999999999997
291,0.283152366337,3.55092115261,1.28280097798,7.42982956744,80.5999999999997
292,0.952650794427,2.88804324266,1.41320835096,7.97672796732,80.5999999999997
293,0.152611584802,5.49348477718,1.03066963139,6.43572377185,80.5999999999997
294,0.100301901621,7.46522339548,-2.41857967438,7.92803696652,80.5999999999997
295,0.215993723856,22.5470949326,-6.27990662882,-9.04415790858,80.5999999999997
296,0.391395616541,-11.3632351245,14.4079211686,-13.5227899752,80.5999999999997
297,0.887460679371,20.3946004507,-5.04270310177,22.2394487076,80.5999999999997
298,0.107802188733,6.53441296426,-0.849938570678,3.24635006026,80.5999999999997
299,0.253364981793,10.5598779171,-5.06073632234,5.3234539503,80.5999999999997
300,1.34830377067,6.67208696216,3.59127000107,-2.10207926261,80.5999999999997
301,0.351608573103,52.7603134266,-59.6741645199,3.26471380955,80.5999999999997
302,0.281545152019,11.4681878544,-6.78901595753,8.19334126039,80.5999999999997
303,0.643431370881,4.8744259068,2.24343630916,6.00493237964,80.5999999999997
304,0.147718222879,8.77435242506,-1.85451184011,3.5324057659,80.5999999999997
305,0.557111382553,-4.55828984344,-150.874148553,-9.15522869143,80.5999999999997
306,0.358465884141,5.83852189533,-0.300872452462,7.69427711147,80.5999999999997
307,1.03005445874,7.81623456107,3.12009218029,5.84462746493,80.5999999999997
308,0.845227818136,9.21553718578,0.582525696755,5.21488368162,80.5999999999997
309,0.533006285478,-6.51295647081,-51.0286985441,55.9739329591,80.5999999999997
310,0.156051678017,10.2743646698,1.27929367271,9.13524900985,80.5999999999997
311,0.266557854284,-18.5074315541,49.8655013983,-18.5973918722,80.5999999999997
312,0.182274748622,34.5758085706,-1.38520902056,48.9591079691,80.5999999999997
313,0.454579238904,3.52676044111,2.50928445936,2.838808718,80.5999999999997
314,0.226797105553,8.58607744937,2.40330862,5.27841108182,80.5999999999997
315,0.176220412929,20.4422410679,18.5275255778,25.4521852302,80.5999999999997
316,0.543959362422,3.39773989809,1.41967651153,-3.07704329447,80.5999999999997
317,0.120122262128,6.27481934221,0.677147080793,3.07935061013,80.5999999999997
318,0.580599469984,-16.89320408,-0.0581465025671,-33.0617888011,80.5999999999997
319,0.191605004472,2.59928388883,-1.59046410792,4.25375143017,80.5999999999997
320,1.78981506704,9.42895439192,1.95803197297,4.68834213213,80.5999999999997
321,0.457466595564,-95.4043421872,-46.5130410604,85.9812085602,80.5999999999997
322,0.342131704772,8.94607878935,1.05764529716,8.51215221291,80.5999999999997
323,1.36541228558,6.0069160462,0.846563493284,6.22068347148,80.5999999999997
324,0.130132986657,9.15836677207,3.36232270314,1.90226391687,80.5999999999997
325,0.327631253207,2.57517931298,39.8410899133,10.5448377397,80.5999999999997
326,0.197616022645,10.6815630068,0.243219322798,6.60172290913,80.5999999999997
327,0.433228187211,16.1962034779,-47.9759794503,-28.8383519176,80.5999999999997
328,0.362621477521,8.4937830806,-1.44001861458,5.42794635125,80.5999999999997
329,0.117029530402,6.50089962907,1.21496436337,4.81611041901,80.5999999999997
330,0.448753097886,13.7273869593,7.7348026676,2.14233570172,80.5999999999997
331,0.113695640785,6.65748720025,-2.38387390788,7.88494185983,80.5999999999997
332,0.103967252109,4.98184733876,-27.9935773758,12.4778160059,80.5999999999997
333,0.379329351859,-16.700608326,43.2288645496,-32.3503184131,80.5999999999997
334,0.141338805076,4.97135712902,2.84055358217,4.97676211875,80.5999999999997
335,0.364174959418,2.63502912334,3.36966658772,6.42170346793,80.5999999999997
336,2.38695629154,4.14194888223,6.79835075658,0.0319959161316,80.5999999999997
337,0.309928462925,-15.3447938703,23.7653431835,27.1627821312,80.5999999999997
338,0.138930634074,5.71088065363,1.74005661516,5.44182846661,80.5999999999997
339,3.70864655059,6.27231968483,0.630365147161,4.95277050152,80.5999999999997
340,0.126244398486,17.717949059,8.50627450346,14.6469034762,80.5999999999997
341,0.158256764538,15.9141681665,1.9220545938,-0.295686433078,80.5999999999997
342,0.124048175945,7.11486584296,2.46335968768,8.84744540516,80.5999999999997
343,0.111270889048,-1.13445320351,28.2891399914,105.691021371,80.5999999999997
344,0.209241669929,14.0721338834,15.5433120454,-4.64918728615,80.5999999999997
345,0.113811189328,9.77181302422,3.84116453564,7.94565653692,80.5999999999997
346,0.119312719852,5.76009379839,-2.40393933156,5.35975826975,80.5999999999997
347,0.218285377682,8.72913124589,3.87925728277,6.67909295969,80.5999999999997
348,0.247306146583,3.24294006457,-0.0145369208915,3.54433378757,80.5999999999997
349,0.108562561567,22.343579455,94.2671543875,12.3769200612,80.5999999999997
350,0.147721803647,9.13868259476,2.03509746284,2.78702382008,80.5999999999997
351,0.134654257766,5.7814572305,8.23743582862,0.0478374257259,80.5999999999997
352,0.100498824797,35.749405277,-18.2710414809,14.1080698744,80.5999999999997
353,0.2670183194,5.62977609482,-0.138449011229,6.07343161205,80.5999999999997
354,0.192288567994,33.7306702114,-50.0072570526,-22.9666662586,80.5999999999997
355,0.181284290661,7.53063746315,12.0964032362,-3.56426231138,80.5999999999997
356,0.196227181183,5.58027855651,-2.89707115417,5.42422992634,80.5999999999997
357,0.191624730065,8.88244041772,1.7650814624,5.64578399594,80.5999999999997
358,0.420801352136,6.42237370658,-0.21251845628,6.24089102724,80.5999999999997
359,0.581232660401,7.98014509016,1.21160084022,4.93334744629,80.5999999999997
360,0.567167641081,13.4564095878,64.8659216846,3.60802865967,80.5999999999997
361,0.157132411449,9.87583133776,-7.49396895723,7.65626205679,80.5999999999997
362,0.264419709637,6.74114919749,0.145851403213,4.60385089796,80.5999999999997
363,0.508542881299,4.24036428719,-2.85984896763,3.53204953903,80.5999999999997
364,0.506402617533,9.86207881179,-6.74325162732,10.5364468943,80.5999999999997
365,0.112680202273,-5.48167851929,-24.2325928608,19.9336591374,80.5999999999997
366,0.108369134792,3.22408919584,0.415328294518,7.32119630427,80.5999999999997
367,0.133238158891,-23.3419177713,-22.9219133871,-15.4581642783,80.5999999999997
368,0.685080217771,7.15119643684,1.92372019478,8.17813952435,80.5999999999997
369,0.412403803219,-62.0401726525,26.848852154,-25.5239557101,80.5999999999997
370,2.54266049342,123.19044207,-33.9773557284,31.8534273283,80.5999999999997
371,1.62055083021,8.28042483065,-1.61522087569,14.5181225887,80.5999999999997
372,0.371747483956,9.75656163057,-5.51543265664,6.35387304939,80.5999999999997
373,0.705621733907,11.2337103922,-4.58541774792,9.10523788662,80.5999999999997
374,0.259218667096,-8.25876188069,20.2243834442,-0.742562279737,80.5999999999997
375,0.214530964282,-34.5220988709,-7.07630959444,-16.2699952987,80.5999999999997
376,0.180351958162,5.87405759981,3.26120296187,4.27023903405,80.5999999999997
377,0.108299170334,37.503349975,-56.2085949104,8.00821982916,80.5999999999997
378,0.373910461912,68.0446313814,31.953780793,-95.4448217295,80.5999999999997
379,0.161788302562,7.59599672509,-2.78293790964,9.03672176794,80.5999999999997
380,0.29045644663,15.2067626365,-3.96662495971,6.27106084538,80.5999999999997
381,0.232033967118,-40.8340567537,-31.2153618292,11.4782227023,80.5999999999997
382,1.29816376172,16.6080017175,21.8524062815,-36.8212068895,80.5999999999997
383,0.144168507238,-17.4275639867,-58.9292487036,16.022674473,80.5999999999997
384,0.944952968832,8.30107623892,0.687242682968,3.02743106177,80.5999999999997
385,0.50637893778,2.04456950698,-1.92904301438,11.4885094961,80.5999999999997
386,0.270981719868,-27.5515716115,46.6698623948,-32.4808041682,80.5999999999997
387,0.10172765475,4.31102624134,7.08180143453,8.45815996258,80.5999999999997
388,0.237074318251,14.9466683293,2.60721301095,5.01410157137,80.5999999999997
389,0.123775903439,1.63966463372,-0.278512609318,8.42850030825,80.5999999999997
390,0.22494366739,1.18410378796,3.41159065903,9.92839273694,80.5999999999997
391,0.132402180551,9.75208143255,7.57718090066,53.6556565897,80.5999999999997
392,0.335465894919,13.3696891827,0.930120104749,-1.28047788698,80.5999999999997
393,0.144532920695,7.49615512276,0.653935994907,4.20333440941,80.5999999999997
394,0.190779072183,2.0611823335,-0.0605130318746,1.862992009,80.5999999999997
395,0.726929426114,5.6908431002,0.886059868793,8.0821348862,80.5999999999997
396,0.269261107598,3.51019717175,2.72089524241,4.47254929677,80.5999999999997
397,0.375713011892,6.70686425805,1.9990912247,6.82121596279,80.5999999999997
398,0.246426369366,5.35500032739,1.74706655962,6.49312137584,80.5999999999997
399,0.30244100892,10.20751178,-5.31293271686,7.69307793682,80.5999999999997
400,0.150321554303,-4.78066324117,-40.4255714256,-24.8446234165,80.5999999999997
401,0.152121656748,5.76226422427,2.79873602082,7.01354199431,80.5999999999997
402,0.305443918353,46.3684550037,-13.7512016821,-21.57666826,80.5999999999997
403,0.124979323005,1.81868732129,-4.86580924456,0.770744513174,80.5999999999997
404,0.174911833148,5.90992333367,0.527144217881,6.71900195721,80.5999999999997
405,0.148116635286,-19.9215661367,1.68594081652,10.8519262667,80.5999999999997
406,0.253428042772,14.5543518296,61.2011840515,-37.3552270561,80.5999999999997
407,0.656594743741,8.55304855155,4.56412157905,13.4498671526,80.5999999999997
408,0.291603438941,5.2161702805,1.306267766,0.132762157814,80.5999999999997
409,1.43812843593,8.62896245032,-5.99440174613,-3.86438982996,80.5999999999997
410,0.680138260324,9.75508929283,-0.767185277392,8.92029657585,80.5999999999997
411,0.154825827003,47.2768494579,-48.7259463322,20.2330058749,80.5999999999997
412,0.100729393935,5.01841766891,3.1465450455,3.7865578973,80.5999999999997
413,0.922229886723,5.01099845351,1.7123771742,5.48496285714,80.5999999999997
414,0.107590796583,-5.58351562658,18.5019504636,6.89345052306,80.5999999999997
415,0.152201178376,6.30348361456,0.595098133016,6.07449291175,80.5999999999997
416,1.70538241765,5.06323434506,-0.92171579164,9.89626223689,80.5999999999997
417,0.708550270177,6.10118497336,3.04995099495,3.40880428072,80.5999999999997
418,0.145960713464,6.38473677845,-0.729031734455,7.43335134352,80.5999999999997
419,0.115338846009,23.2088220909,-56.9642046226,17.0093173577,80.5999999999997
420,0.523831754458,-42.0147473353,6.89075152457,-6.17802894032,80.5999999999997
421,0.762946106356,19.1076104037,28.907216298,44.6056693475,80.5999999999997
422,0.101657768858,5.89286180344,-2.35898168397,5.48539431339,80.5999999999997
423,0.526568450445,6.51269078338,1.13405383829,6.28951897886,80.5999999999997
424,0.142047193942,6.79811387876,4.15287168245,5.12474767608,80.5999999999997
425,2.86297543416,6.3261271313,0.636173005317,5.41148787896,80.5999999999997
426,0.29203382527,3.7271552867,-2.23034822148,7.58727643245,80.5999999999997
427,0.245348434261,6.49040009523,0.781528664203,6.40456676921,80.5999999999997
428,3.42357649662,8.17153712058,0.263928738165,4.37953649702,80.5999999999997
429,0.2428345795,1.50656826255,-1.31939715047,5.7562474614,80.5999999999997
430,0.279364980123,5.58510711666,4.15627488696,7.1687279355,80.5999999999997
431,0.104135739544,11.4339885265,2.0877051304,0.72110390425,80.5999999999997
432,0.313203220232,8.35772760002,0.648445697449,3.96996749865,80.5999999999997
433,0.352124721177,8.45389784822,1.48543407593,4.89432300731,80.5999999999997
434,0.715702710028,8.9076654781,-39.435076524,43.9135863246,80.5999999999997
435,1.37878923198,8.81535962433,-1.26745644177,4.54690830746,80.5999999999997
436,0.298693566831,3.60947015192,0.0277011664385,4.78694012126,80.5999999999997
437,3.59918194655,-0.7791230736,52.1213635716,-58.2670603798,80.5999999999997
438,0.339155137387,1.72229902852,8.65842864722,-7.09655280168,80.5999999999997
439,0.550719688396,15.5204905259,-40.8977305353,5.43819066803,80.5999999999997
440,0.188534973762,4.99291948819,1.98131005247,5.28216993762,80.5999999999997
441,0.101561243613,5.30283469336,1.30875079306,6.41865280972,80.5999999999997
442,0.143553978188,9.68166936446,-0.452718702257,3.91535995503,80.5999999999997
443,0.216908799251,10.7363423272,-14.7670840521,7.90529791622,80.5999999999997
444,0.275442719349,4.87386639645,2.57814825496,5.88469120665,80.5999999999997
445,0.947806823836,1.05452429255,1.05543952714,1.06812625259,80.5999999999997
446,0.470777324358,6.43038660665,0.15485422187,6.62527269848,80.5999999999997
447,0.614426611674,8.65513317549,-0.788335674678,5.38597663024,80.5999999999997
448,0.320233651754,20.4934633136,23.7438925657,-3.95695148157,80.5999999999997
449,0.18181753661,8.61008241325,-1.03860865011,6.32483446987,80.5999999999997
450,0.109887712471,-30.7623110824,2.14594510777,-11.3624899643,80.5999999999997
451,0.560462120518,-1.38906708333,-61.1023350179,-6.97265205999,80.5999999999997
452,0.120225060147,7.64527387191,0.264483079344,4.87475591755,80.5999999999997
453,0.205886374014,9.59290424295,-0.284892375834,4.5210383696,80.5999999999997
454,0.705756741566,5.30263758451,-0.0382786786407,7.70240332646,80.5999999999997
455,0.151024825615,10.358995811,-4.58698105405,6.69051689433,80.5999999999997
456,0.275693610945,6.77872841535,1.96689303708,4.85109542715,80.5999999999997
457,1.82650199928,5.62715261144,5.69909967598,13.5445186901,80.5999999999997
458,0.162378225813,28.8556791999,-65.6262192728,-0.214325535518,80.5999999999997
459,0.13904710147,-32.0662320791,-12.8085814318,-12.6263195337,80.5999999999997
460,0.104023328938,-92.2611860784,31.125214571,-41.4506088558,80.5999999999997
461,3.11015033135,2.00217648153,5.4906536268,-57.5396389047,80.5999999999997
462,1.79979414336,8.82520729437,-3.01073847327,5.82981755512,80.5999999999997
463,0.320667459604,12.9370148155,-13.2424996079,8.1831008002,80.5999999999997
464,0.147944833593,5.99545661088,1.78375548226,4.83420609231,80.5999999999997
465,0.124113151753,23.8865829026,-2.36661947099,-35.5266280928,80.5999999999997
466,0.577143252184,40.5752264861,-28.4361744885,-11.488390209,80.5999999999997
467,0.263275888039,7.35799244053,-1.34475502529,6.84004458572,80.5999999999997
468,0.266806131654,1.22925492357,3.19608191615,-2.94871791849,80.5999999999997
469,1.61074600139,6.28443083031,1.32168710268,4.91535634218,80.5999999999997
470,0.16496371659,-21.6729804686,-15.0873476986,15.1711831198,80.5999999999997
471,0.16442698427,66.5042097975,-17.3811496167,-40.3641436093,80.5999999999997
472,2.83120038082,8.8922923119,-0.154670942956,6.25943395757,80.5999999999997
473,0.122853245318,34.4331120294,-6.85763444424,6.23461083267,80.5999999999997
474,0.206913126924,-1.45135580588,-5.708225525,1.21526271455,80.5999999999997
475,0.117248240118,8.27814526413,0.438119889756,5.56355514618,80.5999999999997
476,0.141868791575,8.26535362348,-0.0660943756012,3.92300445908,80.5999999999997
477,0.121700969803,5.32954225748,-1.03906157781,5.70606274755,80.5999999999997
478,0.43398577914,4.13802625944,27.3578798226,50.6559260894,80.5999999999997
479,1.41657350089,5.81979649608,0.905822662316,6.09274089893,80.5999999999997
480,0.244717213074,5.05683525579,-1.90982221501,6.94318103582,80.5999999999997
481,0.259247657684,5.95008781887,-1.90229672104,5.57536818839,80.5999999999997
482,0.236682021445,13.3579534241,-6.60478595712,-19.6061431452,80.5999999999997
483,0.41534428995,3.88418046448,-6.41756530082,3.04137195193,80.5999999999997
484,0.138068975805,10.2306515443,-15.7435090039,-11.2275244528,80.5999999999997
485,0.171295537368,-0.311363406337,-12.379272658,21.6179914162,80.5999999999997
486,0.641355832901,7.26950524589,1.24736464192,4.32794247504,80.5999999999997
487,0.476688186487,-130.21760037,-39.0650867763,-7.70591053621,80.5999999999997
488,0.324349997941,5.04729756641,9.73032828548,2.17505240998,80.5999999999997
489,0.327155624463,6.10421840319,2.57311686759,-0.444308927091,80.5999999999997
490,1.47308987556,3.47736912388,6.22185685784,6.80792607644,80.5999999999997
491,0.101033360534,8.85406154369,0.10648006981,2.69777856391,80.5999999999997
492,0.287638294692,9.94011720404,4.55672942256,0.397052445291,80.5999999999997
493,0.159346164945,-52.9699524912,-23.1400261226,36.5442449976,80.5999999999997
494,0.211385199708,15.0412541744,5.52285215714,11.6202945071,80.5999999999997
495,1.68389886,9.9465931428,-0.586419213116,9.0552045163,80.5999999999997
496,0.282971711525,11.3592673563,-0.345564768741,5.30993348066,80.5999999999997
497,0.230513277985,7.48502605632,-3.58382338084,8.4347305624,80.5999999999997
498,0.50131793218,5.97201358881,6.37302597842,3.40595893568,80.5999999999997
499,0.659985478026,5.54081440988,0.825067779694,6.22570524041,80.5999999999997
500,0.22118735793,7.09433982464,7.48952319278,6.8329530739,80.5999999999997
501,0.432991817996,8.73367536677,1.0210378954,7.64162650925,80.5999999999997
502,0.280238133639,-32.5802890834,-22.9368692769,-31.1255244509,80.5999999999997
503,0.383848856031,12.1781723942,8.02875582831,32.5345497009,80.5999999999997
504,3.20464121961,6.54560232654,0.600844322551,4.57622948223,80.5999999999997
505,0.22084577124,28.2189476898,-14.2368341749,37.7495457188,80.5999999999997
506,0.103841822448,5.03355221445,-1.29031063559,4.71452896351,80.5999999999997
507,1.59092495291,-26.1958068259,-83.7404236357,-32.2603463111,80.5999999999997
508,0.700035022772,7.01487726313,0.471483039207,8.81462596296,80.5999999999997
509,2.38616752253,4.17720516744,2.6892621446,8.33678133622,80.5999999999997
510,0.117454079442,5.30308985911,-2.25964724372,5.93453348584,80.5999999999997
511,0.264703596252,5.58147863544,-1.42819884687,6.09131388794,80.5999999999997
512,0.275380237872,6.86948881423,-0.813792659729,7.02734076278,80.5999999999997
513,0.165313539023,7.41621591954,4.56457658539,2.21041260315,80.5999999999997
514,0.115757095163,5.1817241357,-0.685432496267,8.50042174857,80.5999999999997
515,0.215263721817,6.4802329099,-0.623361992383,7.23272604044,80.5999999999997
516,0.412964661388,31.9025615734,-41.6516684131,-21.7561469918,80.5999999999997
517,1.21473579959,5.96634871997,-5.08837578871,7.21448732808,80.5999999999997
518,0.773439478455,8.53325187376,-1.89778695998,7.91286716034,80.5999999999997
519,0.20604635529,-69.0173743244,-4.21687421875,11.6724603701,80.5999999999997
520,0.170891002697,44.9217145875,40.3263314403,45.8873748762,80.5999999999997
521,0.123756337129,5.60459991436,10.467957573,6.07040530277,80.5999999999997
522,1.68043601239,53.3271066036,15.351511374,25.1848698533,80.5999999999997
523,0.292262577739,7.99692392904,5.03709225641,8.65051247283,80.5999999999997
524,0.300065635007,-69.5714166085,-58.0281974038,-62.7996022903,80.5999999999997
525,3.44050578188,8.57196317108,-0.655484053732,7.76412531498,80.5999999999997
526,0.419350861439,3.39684651125,4.73117198179,8.20564065388,80.5999999999997
527,0.123762078291,15.9436340466,-1.48444368597,20.1653328292,80.5999999999997
528,0.110688074202,7.93016731437,0.60857366899,5.8504880443,80.5999999999997
529,0.166798006379,8.68597446649,-0.471758005237,6.17146491004,80.5999999999997
530,0.253910029567,0.952022802389,2.60084934732,4.29961349186,80.5999999999997
531,0.566958868663,5.3752757434,1.36667606982,4.4778861969,80.5999999999997
532,0.662113522678,15.7319206121,-87.4131353332,-3.38169341409,80.5999999999997
533,0.4292485567,6.7751400828,0.027093219553,5.69117467314,80.5999999999997
534,0.371450057846,9.78013781945,-5.55702712439,6.28482931593,80.5999999999997
535,7.51943176891,7.1590263377,1.0750127036,5.54840519266,80.5999999999997
536,0.166276620729,3.32917384116,-10.660656751,11.0389338805,80.5999999999997
537,1.09118382954,7.43146309159,-0.489334777297,5.77854457622,80.5999999999997
538,1.30525478229,7.74388100924,-0.359810870779,6.62738043832,80.5999999999997
539,0.572044202279,-51.5123470154,-15.9190792716,9.01436310782,80.5999999999997
540,0.339034547461,4.83669198481,-1.96026961187,-0.609738143765,80.5999999999997
541,0.109286004195,4.53836604459,3.11775297011,-1.04099598301,80.5999999999997
542,0.169162748592,5.10198218365,1.72010484303,6.02984123714,80.5999999999997
543,0.249503747317,14.9551069313,-3.3352760466,4.35200392421,80.5999999999997
544,0.166733616591,8.7189993398,-2.86989285713,7.32240112152,80.5999999999997
545,1.07417884898,5.49468356791,1.95189713325,3.05110787316,80.5999999999997
546,0.490529413091,11.5830273909,-0.0832060690673,6.60884853688,80.5999999999997
547,4.60234955095,7.13517285751,1.12483394894,6.03899449326,80.5999999999997
548,0.136853815858,8.54411240178,0.00514261085852,4.7214267627,80.5999999999997
549,0.139984996952,13.5510842405,-10.6993166521,8.69608075838,80.5999999999997
550,0.420522821787,8.30596297283,-1.40288328824,8.46029728222,80.5999999999997
551,0.291989078505,11.1029849612,29.7081649412,44.3083592331,80.5999999999997
552,0.503829732262,6.82863110373,2.92422863838,5.48123342703,80.5999999999997
553,0.263854669933,17.6502673125,19.6813849308,15.607163844,80.5999999999997
554,0.26937726232,5.31001920077,0.115496003351,-3.38544485928,80.5999999999997
555,0.139200420726,-92.3925568718,1.10722501644,14.8047537789,80.5999999999997
556,0.284204238146,47.4204803827,30.5404403031,16.3047480527,80.5999999999997
557,0.561510069632,6.68404024855,-0.272560443576,8.05602284911,80.5999999999997
558,0.436296451966,7.96932446763,-1.06215933504,6.33539389606,80.5999999999997
559,0.978790254693,4.30379320884,1.27354940085,5.18105184976,80.5999999999997
560,0.115125806986,7.13230503481,-3.00515612378,6.38372020414,80.5999999999997
561,0.326538061153,13.3559723953,8.48210227902,0.0571848084341,80.5999999999997
562,0.405890046738,5.80001097233,-0.51711871301,5.31401740692,80.5999999999997
563,0.297798007438,6.25772571839,1.35553748222,2.76609095113,80.5999999999997
564,0.262176174157,4.60802261968,0.193123878402,12.6004269066,80.5999999999997
565,0.621543015917,-1.66200139052,-5.19470029683,2.35701299033,80.5999999999997
566,0.134607067331,20.6893004279,10.1106026919,-3.4642953755,80.5999999999997
567,0.408606385775,9.28901123737,1.74301821002,8.21712778784,80.5999999999997
568,0.149939470453,10.7016851013,-8.07625041159,-4.04964126938,80.5999999999997
569,0.176657890377,-93.607034946,-75.8304308688,14.2840001317,80.5999999999997
570,0.977058141524,33.7978024676,-33.7095299974,-33.6415238648,80.5999999999997
571,0.690680379049,7.89489428152,-1.36319265769,6.49796890869,80.5999999999997
572,2.95919724954,6.40363126925,0.947496150507,4.84106220772,80.5999999999997
573,0.264033791258,7.74248305439,1.16832296891,6.00040302438,80.5999999999997
574,0.110950600864,17.0826649098,-1.9056679536,-2.09927964374,80.5999999999997
575,0.303274673549,6.23129665436,3.73261778926,3.49867280413,80.5999999999997
576,0.367331597871,-10.6238228585,20.7027031847,26.9830426975,80.5999999999997
577,1.38252248693,7.96338965921,1.2669122178,5.32853513794,80.5999999999997
578,0.140323175916,7.49953381504,-2.08197781611,6.07401584538,80.5999999999997
579,0.304350582543,8.30736837696,2.31184766724,7.04564478561,80.5999999999997
580,0.167174690967,6.72435327149,1.64457162088,3.98853680305,80.5999999999997
581,0.674598373198,6.51937859556,4.17258427411,6.36159795253,80.5999999999997
582,0.175586168629,-43.0798528089,-78.4614936117,-10.0371880085,80.5999999999997
583,1.12269234431,6.78729190349,1.12434381188,7.02603537273,80.5999999999997
584,0.141521284619,7.92903799456,2.02729971398,6.07665320274,80.5999999999997
585,0.543090533505,-38.0745481058,4.07284243033,10.8476977458,80.5999999999997
586,0.381924993046,4.98880195821,2.42787481503,3.12514075551,80.5999999999997
587,0.338209999764,6.93899940801,0.403721177509,5.72055730244,80.5999999999997
588,1.01319947066,7.15783497401,0.752123742187,6.03277487804,80.5999999999997
589,0.128102355311,7.98677822759,2.56444517226,7.18348411021,80.5999999999997
590,0.538670948431,6.76189809364,2.00422093726,5.52735134451,80.5999999999997
591,0.122892866585,-9.14296179117,17.6454541549,-24.2465405016,80.5999999999997
592,0.100231841706,7.46591294489,1.23994038883,7.81266430169,80.5999999999997
593,0.6219836089,7.64596394211,0.451938568259,2.13549656671,80.5999999999997
594,0.328231021871,6.12596619511,0.929686485756,6.41508356015,80.5999999999997
595,1.24664275724,6.26157257074,-5.54694462391,10.6268467741,80.5999999999997
596,0.624604941677,56.0493127561,2.71223048819,-37.6337288088,80.5999999999997
597,0.430753191253,10.0439097769,3.55118921558,3.1208511021,80.5999999999997
598,0.490534284687,-21.6335604572,-5.34412236074,69.3276442986,80.5999999999997
599,0.165981765382,25.6411647037,4.9618355489,4.77568650834,80.5999999999997
600,0.116522158847,6.90143709134,1.0837162943,5.65123026655,80.5999999999997
601,0.184366568794,7.33766509775,-0.299788643833,2.61456989659,80.5999999999997
602,0.196422928394,8.34861676333,-1.86538634327,7.75344290773,80.5999999999997
603,0.233559572202,58.2969799688,12.9411861612,105.16806047,80.5999999999997
604,0.224284500511,5.4606316605,4.14233453545,0.301394750129,80.5999999999997
605,0.119254582797,6.64825521087,0.531321777987,4.6636251262,80.5999999999997
606,2.36114755224,4.61843682794,1.13094574795,4.82080993654,80.5999999999997
607,0.164563394112,5.16554991512,0.076604951843,6.44467015593,80.5999999999997
608,0.132029190411,8.3519341021,3.05080754023,9.50640633934,80.5999999999997
609,0.116568987888,11.9315387819,0.64199104966,-2.03687860881,80.5999999999997
610,2.17560964687,6.74316985138,0.306510357989,5.925058757,80.5999999999997
611,0.124823453045,4.78246270072,1.00470578836,2.49436127826,80.5999999999997
612,0.261972019072,6.20589303142,0.534592615393,6.71856539255,80.5999999999997
613,0.130376341249,-24.2455072115,-35.0522275428,71.39048545,80.5999999999997
614,0.19765773163,7.81514531302,3.14159765428,4.23616035593,80.5999999999997
615,0.105578568534,5.07786130838,3.17383697282,1.8182076413,80.5999999999997
616,0.165796065939,4.20606888039,-5.46676012715,17.8322074319,80.5999999999997
617,0.208817565254,3.78170043789,-0.336308080663,5.94552772592,80.5999999999997
618,1.66459847365,5.6416188876,0.96449997352,5.7884323636,80.5999999999997
619,1.70137272502,7.2470416044,-0.604579506066,8.07845203269,80.5999999999997
620,0.150801152926,7.83896014776,-1.15270878602,6.26144660031,80.5999999999997
621,0.316182129297,7.95325147329,2.26246671796,2.65828953235,80.5999999999997
622,0.803910169419,4.28059874396,1.48324242789,5.53443441693,80.5999999999997
623,0.780814291314,6.49531906368,8.80979177068,-2.76578718598,80.5999999999997
624,0.540759615251,8.06364670647,-0.361930645304,3.65856029354,80.5999999999997
625,0.134588022777,10.786598419,6.09251064215,3.14246055626,80.5999999999997
626,1.23927275989,7.06103084991,2.55889950083,3.58215816498,80.5999999999997
627,0.201237199231,8.26890336513,1.62090371424,6.87466000457,80.5999999999997
628,0.241097636015,-8.56039680159,7.20957895392,16.8350904925,80.5999999999997
629,0.210084791436,6.63511051296,0.968363445524,2.63356776292,80.5999999999997
630,0.110690252578,5.63118044999,-2.66057069962,8.29764668385,80.5999999999997
631,0.160498033,6.11362129267,-1.87724713399,8.82618023147,80.5999999999997
632,0.10423688978,11.6299889152,2.28392734802,2.21540055809,80.5999999999997
633,0.145483750498,5.87642280576,3.67804245817,3.51915294303,80.5999999999997
634,1.48785814422,-15.2634358427,25.8536165838,23.4563098456,80.5999999999997
635,0.174641543735,7.92345497144,-0.320024888669,5.34588262457,80.5999999999997
636,0.631322428858,5.81872491529,-4.59138143571,12.3863159048,80.5999999999997
637,0.278010537594,10.2254244182,-1.61608230393,7.93941863189,80.5999999999997
638,0.189185279515,-32.2088879804,-42.1420660738,1.38489603257,80.5999999999997
639,0.908422815697,7.02946926713,0.692829439788,8.08817757715,80.5999999999997
640,0.144384434964,7.00836748156,0.545525836451,1.87489375281,80.5999999999997
641,3.32206878769,9.12741621436,-3.03832839518,9.52557946465,80.5999999999997
642,4.7650423873,6.72559346486,0.0971964247853,4.6277755755,80.5999999999997
643,0.153273883757,4.34070758156,0.86036563346,-1.27778149123,80.5999999999997
644,1.13421822592,32.3948085744,26.9180516364,-108.649488581,80.5999999999997
645,0.162938985938,-1.59514459628,2.16480121914,9.93797937948,80.5999999999997
646,0.326497867783,16.5020443405,-30.1551533151,28.9161074324,80.5999999999997
647,0.227374923566,11.2764028949,5.79127749913,9.00666986706,80.5999999999997
648,0.328651107753,-26.9056732582,-10.8328438523,-11.0051183453,80.5999999999997
649,0.792413669405,6.83524303517,6.24336331819,4.44106392047,80.5999999999997
650,1.4719969369,6.77397528301,0.683652077504,5.55539144571,80.5999999999997
651,0.155770841801,60.9877400196,8.3818141466,27.5321908884,80.5999999999997
652,0.273343789073,11.1053034028,0.0350994998093,2.75639451511,80.5999999999997
653,0.725322980568,5.79362786261,0.0221980419058,6.61248234853,80.5999999999997
654,0.71944830655,1.56970241469,5.51887762777,2.6011854807,80.5999999999997
655,0.659995088483,25.0686754585,-32.1907906529,-28.637519243,80.5999999999997
656,0.146683902846,8.15467454079,0.530221447849,4.36563476647,80.5999999999997
657,2.21092631967,10.790616417,-3.34667336464,9.36808229463,80.5999999999997
658,0.352700489043,7.9420990233,5.63902797937,3.34551023183,80.5999999999997
659,0.996690716895,7.47938683545,-3.19189031792,7.54605785582,80.5999999999997
660,0.182156319742,27.1500800608,-1.59250309286,-90.14478363,80.5999999999997
661,0.474180174215,-68.1246224808,79.0701599459,23.0276696621,80.5999999999997
662,0.212466924722,8.98980616202,0.911107816661,11.3005612358,80.5999999999997
663,0.224913864715,12.4431137197,-47.5343197682,-29.9094483819,80.5999999999997
664,0.68219082409,-2.61959098622,7.60061577993,-0.630438025928,80.5999999999997
665,0.365711720227,5.96381661213,2.52151630197,6.06844603035,80.5999999999997
666,0.142123286613,42.7877110874,-5.22221636028,-55.6762653564,80.5999999999997
667,0.127925860105,7.77178127618,0.0232182154639,7.96741826247,80.5999999999997
668,0.249930199338,4.47250986434,10.3960697675,6.42202475447,80.5999999999997
669,0.257790809247,1.68852494722,-3.43739682086,4.9791189601,80.5999999999997
670,0.200192082756,6.2349730054,0.156168965631,-0.0312925889423,80.5999999999997
671,0.123720995244,5.49806063195,-1.30895727784,1.32970013312,80.5999999999997
672,0.484687791153,6.62757828839,0.234246761404,7.81681980775,80.5999999999997
673,0.237167229761,17.1674106255,14.3037685566,40.4189665672,80.5999999999997
674,0.197762456395,9.06339913939,0.535662193577,7.23550887217,80.5999999999997
675,2.05929036626,7.21835740206,0.607910035679,5.05789835835,80.5999999999997
676,0.217325037226,8.86612544425,3.66566400541,5.41277065208,80.5999999999997
677,0.11162878768,5.26989089723,0.673533007504,0.723152989006,80.5999999999997
678,0.487284651989,8.09307120608,2.24080616518,1.27541414006,80.5999999999997
679,0.271415939935,-62.8254900998,-8.33279868409,-26.756968392,80.5999999999997
680,0.100039917756,7.2362499429,-0.130981890576,5.05220945205,80.5999999999997
681,1.46093047674,6.02592784602,-0.731326019301,4.03179052175,80.5999999999997
682,0.158167756203,7.7288528548,-0.0736909373965,9.18531923937,80.5999999999997
683,0.21692333566,13.6277363864,17.8108161206,-9.83009806165,80.5999999999997
684,0.13869555202,4.24565805787,4.62464345252,6.60615520314,80.5999999999997
685,0.210190187138,45.4690519199,-25.5687100715,17.9770155871,80.5999999999997
686,0.423901580621,7.09363633314,2.32034186606,4.17031728284,80.5999999999997
687,0.326783283366,2.31608536308,2.85910899035,4.95358136866,80.5999999999997
688,1.03115375107,8.51096526342,22.0238014072,-6.03188419507,80.5999999999997
689,0.142757222549,-23.6298026121,23.1713535102,-33.2985652703,80.5999999999997
690,0.881729970795,7.26841653291,3.44302616968,2.7276524098,80.5999999999997
691,0.206835154051,5.87653080137,1.91090576425,0.848526897038,80.5999999999997
692,0.286341849936,11.2652026713,3.64944396103,11.6150479241,80.5999999999997
693,0.183781857365,37.344195837,-79.8422348989,-9.08117034819,80.5999999999997
694,0.769516495229,19.0441113895,8.28077215291,29.7481223465,80.5999999999997
695,0.258990511133,3.88209806301,1.99550789891,6.06935279847,80.5999999999997
696,0.127004152087,11.0039921424,26.7220979581,65.5914315376,80.5999999999997
697,1.22832379576,9.56426956365,0.70596031471,1.30745687481,80.5999999999997
698,0.725839917107,-14.6537353861,31.2704753573,-46.8022978186,80.5999999999997
699,1.45572747893,6.2978206526,1.49058503047,0.459683559082,80.5999999999997
700,0.5134399234,12.9399264261,5.90616603742,7.002728186,80.5999999999997
701,0.165755437527,7.20350405243,1.23764880289,6.59377153744,80.5999999999997
702,0.864909031051,8.02164826402,3.59461470564,9.20120942357,80.5999999999997
703,0.131464587751,20.4874218972,-62.0245389818,-24.4006168505,80.5999999999997
704,0.424641531615,6.68927177851,1.25783448096,6.25656257769,80.5999999999997
705,0.389711731684,6.16266326989,2.83286525804,2.65696496349,80.5999999999997
706,0.124771601771,4.74096639798,1.2083718095,9.06824224074,80.5999999999997
707,0.109853903322,-34.8521860658,-1.78479834996,13.1879636934,80.5999999999997
708,0.105107767183,9.00903294542,7.04041788056,2.4198732197,80.5999999999997
709,0.28847968106,-1.30073932779,10.690263594,2.58618611395,80.5999999999997
710,0.137087890162,6.12893046928,0.757752008376,5.47105542651,80.5999999999997
711,0.105817534974,-0.685959285698,3.25300134786,14.0302565511,80.5999999999997
712,0.108502052473,5.8537495346,2.95099657995,5.40000781609,80.5999999999997
713,0.343859221755,3.79258441781,-6.58967988868,7.05205732614,80.5999999999997
714,0.702391046997,14.3404353625,-9.61898082285,-20.5990996741,80.5999999999997
715,1.82206623923,2.71172154933,1.90102551702,2.08860181076,80.5999999999997
716,0.132064436562,-39.4095377701,0.884861956858,-20.5362011657,80.5999999999997
717,2.25321580711,6.32038677721,1.19045563655,7.41045010088,80.5999999999997
718,0.186964977516,8.01041654355,1.84080305504,3.94217051875,80.5999999999997
719,0.310100840762,12.3430646962,2.21790845408,3.75957730629,80.5999999999997
720,0.393389625364,7.37256403057,1.37553889869,7.91206370294,80.5999999999997
721,2.30524337104,4.66093252215,0.702102143504,6.82733155977,80.5999999999997
722,0.109174729048,4.81902394759,-2.1339527377,7.42887396865,80.5999999999997
723,0.150788405019,5.8240566931,0.82403884181,4.15604105701,80.5999999999997
724,0.150970217924,7.39844000507,0.532605717662,6.54576638201,80.5999999999997
725,0.20277796035,4.99941319268,1.22612893554,3.21879660553,80.5999999999997
726,0.16777736563,3.60030496218,-1.19536196627,-6.8466413615,80.5999999999997
727,0.286168606715,-38.1753627545,-33.7873043588,17.4822128046,80.5999999999997
728,1.18444388154,5.36977901082,2.01005526545,7.45083360032,80.5999999999997
729,1.26649957999,6.33552332084,0.94639694952,5.03000559767,80.5999999999997
730,0.474305261337,8.476698243,-1.50778504337,4.08448609489,80.5999999999997
731,0.197379024646,10.3344256596,-0.721610925112,3.07896540594,80.5999999999997
732,0.359085439559,6.77021551037,1.07869499127,6.24501021251,80.5999999999997
733,0.192549619111,6.33558060734,2.76656325804,7.11818247221,80.5999999999997
734,0.167166330948,7.73429874103,-0.0539558084067,6.10279482811,80.5999999999997
735,0.368826298874,2.42238494993,-5.60636686008,9.88729274071,80.5999999999997
736,0.145180954203,7.62329180463,-1.72743993168,9.27406113961,80.5999999999997
737,1.00615216228,8.29047215782,0.717357048788,4.75422340501,80.5999999999997
738,0.436762377163,-9.83727062864,8.29549895293,-10.5325754812,80.5999999999997
739,0.162638519262,6.60043837023,1.67673950758,4.30621895067,80.5999999999997
740,0.168689198779,6.20157686445,2.18758210499,6.68266600803,80.5999999999997
741,1.14930767287,76.6999201675,9.51007728776,-37.725867328,80.5999999999997
742,0.804224579638,9.03041802487,0.738495677463,5.92045662342,80.5999999999997
743,0.369073199676,-18.895151641,-85.4175203972,-57.1879735651,80.5999999999997
744,0.112317908435,-16.5637279278,35.2067944009,21.263464348,80.5999999999997
745,0.103204678442,40.234690295,-18.1089841975,-13.3347542949,80.5999999999997
746,0.362529798342,6.12679578909,0.118725002653,4.16729557536,80.5999999999997
747,0.116627529055,4.90318169712,1.22100989301,4.84711445935,80.5999999999997
748,0.907913875061,6.41305244865,7.96826169257,3.87802228163,80.5999999999997
749,0.649650701748,5.75220172693,-1.54500500409,2.92534744262,80.5999999999997
750,0.114308331471,78.8654478236,-65.8479363895,-54.8365414266,80.5999999999997
751,0.453892166572,5.79969166895,-3.26296201962,6.64892309143,80.5999999999997
752,0.1256247688,8.14490663823,-3.12459797506,5.32186894839,80.5999999999997
753,0.354209012222,4.0080423251,8.99011500025,5.31786463822,80.5999999999997
754,0.172598362623,5.21186362917,3.23288870094,4.9010292425,80.5999999999997
755,0.420873779781,2.92942357677,6.75580126621,3.00805033786,80.5999999999997
756,0.231234283589,8.99277575535,1.31227419434,7.77222130165,80.5999999999997
757,0.740397523883,2.36204611326,1.74836014186,2.08370663686,80.5999999999997
758,0.919672994302,6.24483336461,-0.373245707108,3.77596056725,80.5999999999997
759,0.307494818826,46.3887361321,26.7162316365,39.924740481,80.5999999999997
760,1.46951800159,9.0148097867,0.512729272411,9.78126324438,80.5999999999997
761,0.378668985949,7.36778284585,-1.57273711729,5.54631953821,80.5999999999997
762,0.107966565057,-20.1800879645,29.3478039703,26.749955598,80.5999999999997
763,0.112833087616,20.9627840445,12.5604447308,-3.61845306431,80.5999999999997
764,1.17399397965,7.91935715313,3.42657890556,4.92437330028,80.5999999999997
765,0.101904141347,-19.8862626591,4.36729725238,-32.041455903,80.5999999999997
766,0.103291295059,-5.6166085189,6.73257928754,23.5989111829,80.5999999999997
767,0.150491441744,-3.84808169967,-1.8679180657,6.38416615162,80.5999999999997
768,0.267914960838,-0.583753941932,-7.25599785333,-16.7326858668,80.5999999999997
769,0.316487247572,16.048006015,-1.74160596744,59.6737754984,80.5999999999997
770,0.315699956528,8.70457482337,7.68903457699,4.61418451252,80.5999999999997
771,0.195404116034,12.4506666499,-0.401652995246,7.33450655613,80.5999999999997
772,0.107504591494,-10.79879661,-1.94625329434,13.7414310987,80.5999999999997
773,0.561037687499,4.29276070089,-2.50156482104,7.47535342899,80.5999999999997
774,0.135165881605,7.29107499597,2.87431651273,6.07801225084,80.5999999999997
775,0.301489259342,5.709544488,-0.440598776153,8.05850559117,80.5999999999997
776,0.420846071796,1.6174769071,-3.67050858889,11.6711749671,80.5999999999997
777,0.317353222844,12.1764254542,-2.09674679144,0.0803645864977,80.5999999999997
778,0.371680760112,5.28077578311,23.5491441277,8.76773279179,80.5999999999997
779,1.93905749789,5.63475962716,1.45342523643,3.04613234351,80.5999999999997
780,0.244995309921,6.34865373464,0.149713971585,2.56155661071,80.5999999999997
781,0.214426786195,7.56492171228,-1.82233899012,5.0867983316,80.5999999999997
782,1.04643544365,7.25410721236,0.359144496595,5.97614447702,80.5999999999997
783,0.136939236968,8.43188050263,0.131166422842,6.89375973949,80.5999999999997
784,0.221600810553,2.91593258222,-3.89196320797,8.20329532892,80.5999999999997
785,0.193741425818,6.22942152184,2.85152241669,0.714427814987,80.5999999999997
786,0.143177424228,5.86270209014,5.30147588114,5.54546985429,80.5999999999997
787,0.131790305831,6.38843700861,0.0527808447742,4.48205543588,80.5999999999997
788,0.257067370891,11.2927179079,-2.77138989912,7.18144503497,80.5999999999997
789,1.47544950017,7.10121678305,2.77354957112,6.334491874,80.5999999999997
790,2.51957133721,-53.4439287148,2.74915387473,-27.2296218554,80.5999999999997
791,0.382499530323,6.64562367668,1.08406734473,5.51344670428,80.5999999999997
792,0.27444724344,-56.5573008478,-22.7084863746,10.6903219956,80.5999999999997
793,0.491888902001,18.506386664,2.28793563781,8.47986651015,80.5999999999997
794,0.695784300896,-9.20481932386,30.5785538799,-7.82074849352,80.5999999999997
795,0.266604655732,2.94605637609,-2.04342335261,5.51701519405,80.5999999999997
796,1.21045746386,1.23966103236,-5.92594150542,12.764928141,80.5999999999997
797,0.145707272075,8.28072980796,-2.5614311427,12.0671727065,80.5999999999997
798,0.561806918308,4.90483163595,-5.94970744403,6.83737138869,80.5999999999997
799,0.352176498285,1.2047662972,1.00288614471,6.2045641852,80.5999999999997
800,0.608744842165,7.98180299037,-2.28697412779,11.3306596518,80.5999999999997
801,1.10590931124,6.58176749346,3.16343122351,6.25023290155,80.5999999999997
802,1.23629737879,56.5106650785,-69.0988750721,0.76374387343,80.5999999999997
803,0.356337701243,4.137604148,-1.45242343915,11.317655845,80.5999999999997
804,0.38655445808,9.44707114163,1.84783857391,5.21286739529,80.5999999999997
805,0.161796778672,-39.2673097654,-29.3028514046,15.0448604994,80.5999999999997
806,0.646236339089,8.07280954686,0.727355465312,6.13976596843,80.5999999999997
807,0.242421886843,7.43945650157,4.22933524606,7.61377600177,80.5999999999997
808,0.24235364611,8.79585377195,0.449829032218,5.27203057007,80.5999999999997
809,0.651301986145,6.2024586712,-2.33798703275,6.46014201714,80.5999999999997
810,0.711534401333,9.49783443883,4.82947694734,5.507048359,80.5999999999997
811,0.485106730616,6.46483879363,-2.82642814914,7.57558290087,80.5999999999997
812,0.121921329985,6.93430857965,1.24341096636,6.01120493114,80.5999999999997
813,0.104279005248,-99.6916203824,-119.95164407,-23.8696730466,80.5999999999997
814,0.357771558736,5.22939779736,-1.89902474439,4.75182226197,80.5999999999997
815,1.2249437112,1.95394398203,2.86122937737,4.49413330277,80.5999999999997
816,0.105893965512,-26.6457432948,-2.68719428331,11.0217569442,80.5999999999997
817,0.202639898455,-13.8283778177,-44.6000834167,7.35535973191,80.5999999999997
818,0.166822409542,50.5650545027,16.6525480121,-0.224479685756,80.5999999999997
819,0.166672607003,16.4474357658,39.4997652461,36.6481974421,80.5999999999997
820,0.157519955284,9.60683590948,0.608695736233,5.26054327286,80.5999999999997
821,0.142534074068,-39.2856133161,-22.7286367535,-25.6641679407,80.5999999999997
822,0.428156218834,5.89640945909,4.33762113106,0.501912783459,80.5999999999997
823,0.185019396472,11.5406174006,-1.84363444906,5.83334330284,80.5999999999997
824,0.561176978599,79.6231158135,-92.6988494459,131.560043631,80.5999999999997
825,0.195962702516,6.640504946,2.3313587098,4.69587103997,80.5999999999997
826,0.159823200673,8.50533286221,-0.348099054943,-0.10335325553,80.5999999999997
827,0.667236521531,10.8763314266,3.85848989984,9.1843085802,80.5999999999997
828,0.446111922255,5.56239575793,0.272479355749,5.22868427812,80.5999999999997
829,0.186662842658,17.2753142978,-33.4297594912,0.396201185377,80.5999999999997
830,0.348020102475,11.9880884992,1.9982182413,6.87172703725,80.5999999999997
831,0.206881671278,10.7078380233,3.46661285726,5.56584744551,80.5999999999997
832,0.107317558902,5.64841402229,-0.271631366429,6.44021467438,80.5999999999997
833,0.370620432811,18.4289543263,-4.04125098908,16.2904936835,80.5999999999997
834,0.103198198696,13.6811437457,-4.89388613002,-7.74815000908,80.5999999999997
835,0.236813169352,-7.4652448793,3.91569839641,7.75263796848,80.5999999999997
836,0.449653210289,17.4925416826,-14.5090279667,4.92131673014,80.5999999999997
837,0.510089618591,-9.61189909308,-0.669268556321,-9.85665531802,80.5999999999997
838,0.962561828374,9.83750695771,-7.11566695319,6.70468389831,80.5999999999997
839,0.773365875388,6.26893868592,-1.01954213152,8.63787086548,80.5999999999997
840,0.249319476208,5.11241464352,-1.04773647836,6.20218471016,80.5999999999997
841,0.314378833678,9.78191980222,-6.68644736027,9.40951883368,80.5999999999997
842,0.100685633602,5.10608255028,0.756217899166,5.81676268093,80.5999999999997
843,0.357549821442,4.96738626231,-1.75182516656,8.13181189392,80.5999999999997
844,0.244488646948,13.6642112477,4.81425610964,0.135959941194,80.5999999999997
845,0.263691591358,7.16230971889,-5.40980001207,5.58949680421,80.5999999999997
846,0.107460409033,50.6407077075,47.5651238891,-36.8435239776,80.5999999999997
847,0.917415984424,6.53379388259,1.43098865931,6.41251603573,80.5999999999997
848,0.102155848105,10.9469925821,-0.0993282924283,-0.628340129483,80.5999999999997
849,1.58961532456,6.69309840812,0.443502485548,5.1199848879,80.5999999999997
850,0.688784620799,-29.5406722689,-13.6461573731,-17.6718409207,80.5999999999997
851,0.105619377824,1.7380962516,0.0884609436244,2.50071863202,80.5999999999997
852,0.827226856731,10.5456568211,-2.44813375639,2.60419886313,80.5999999999997
853,0.531766874328,35.5214848077,-22.8252431458,-21.1294376446,80.5999999999997
854,1.07689885407,8.24008730481,0.776315311768,6.0655449716,80.5999999999997
855,0.108911470486,7.58226461533,2.69977416426,9.02519600159,80.5999999999997
856,0.379366115164,-1.56663266037,-6.96935504554,13.6454589535,80.5999999999997
857,0.156195446023,26.7596630944,-15.7310829929,-7.73329701864,80.5999999999997
858,1.39484271091,-10.9853579089,-31.4792606768,34.7370210175,80.5999999999997
859,0.205028286021,7.22087620642,0.979423152724,-1.68795144764,80.5999999999997
860,1.39917660146,0.762911921037,-3.36703477303,6.62807664927,80.5999999999997
861,0.379262175295,11.1353529408,1.45515961263,15.8823960128,80.5999999999997
862,0.738227925723,6.12466212297,-2.37457662233,7.19940237865,80.5999999999997
863,0.113481942515,8.20860787388,9.18696668641,1.50541688894,80.5999999999997
864,0.138500565609,12.255029325,-1.83330768118,7.74197504523,80.5999999999997
865,0.25953466196,20.584572261,-13.1948347363,-80.3503562053,80.5999999999997
866,0.110098065544,7.41383304373,-9.0395324975,35.8843129036,80.5999999999997
867,0.373468587953,12.3225884963,-4.70739416378,27.6324905498,80.5999999999997
868,0.794455643398,7.76446167827,2.43617011099,5.09835870887,80.5999999999997
869,0.444205822919,4.38188985811,4.42465803997,6.01414812136,80.5999999999997
870,0.21125668817,-81.314392228,38.1526432833,68.5070836641,80.5999999999997
871,0.480102658304,4.58191174806,0.498463563469,6.20517629164,80.5999999999997
872,0.230190198907,4.77182519839,6.04633138472,4.64907184434,80.5999999999997
873,0.595048529469,9.72461641055,5.45702567601,1.9024446927,80.5999999999997
874,0.361273238949,5.86542270074,-3.67281066074,7.57441757978,80.5999999999997
875,0.128231129415,3.26206244113,33.9488186791,-9.20904323626,80.5999999999997
876,0.302032496633,8.63475750742,5.63310935137,8.05491768221,80.5999999999997
877,0.722832148248,2.07841201867,-3.103114436,5.69410747594,80.5999999999997
878,0.123442639177,7.3580489647,-4.81182275039,76.1106226826,80.5999999999997
879,0.589263039049,4.9097847978,0.498351147407,3.9400426214,80.5999999999997
880,0.654977776331,4.72582628017,1.2668853054,5.26260576372,80.5999999999997
881,0.78220348727,4.41954086829,-1.79918443878,1.45432803323,80.5999999999997
882,0.945769721879,-0.961218171599,11.6170537238,15.4005496527,80.5999999999997
883,0.152496675559,9.02268795855,3.11213288559,7.92462909533,80.5999999999997
884,0.13220527919,-46.2868696425,10.7129699132,22.2582095566,80.5999999999997
885,1.62298236331,5.3323128543,0.361026031598,6.0167538313,80.5999999999997
886,0.684007114252,10.2002471444,3.77238707808,2.33021566194,80.5999999999997
887,0.180764641747,10.7682656875,3.79879588437,10.3071244752,80.5999999999997
888,0.163276151764,1.49441558567,8.37368916659,1.49149443428,80.5999999999997
889,0.48990452287,6.25925938976,-0.434175274985,5.28478221728,80.5999999999997
890,0.173069673832,5.82181664038,0.107829490709,5.27453743949,80.5999999999997
891,0.275657676758,9.52336609028,-4.01662348922,5.31004461781,80.5999999999997
892,0.121698324133,10.1052658352,115.685349425,-47.7771211914,80.5999999999997
893,0.410597710039,-11.8924141314,14.019974342,-14.0017719489,80.5999999999997
894,0.363163762317,11.3001902786,1.3523713693,8.97470080009,80.5999999999997
895,0.629217057828,7.63783065896,-1.1511864512,6.65143401377,80.5999999999997
896,1.30857423376,-1.87789877245,129.444992762,50.1133123806,80.5999999999997
897,0.477351076104,5.95598515825,-2.33850001065,7.119880416,80.5999999999997
898,0.117708995441,-14.4568075211,-29.148933135,54.1238660454,80.5999999999997
899,1.03595319922,8.7423536618,-2.64925946988,9.46095182253,80.5999999999997
900,0.416746025689,4.66801772957,3.98808665408,4.58607093231,80.5999999999997
901,0.362679557184,3.30100483837,5.15531174384,3.73029976388,80.5999999999997
902,0.768736378115,7.3610712307,-1.74665185575,4.91080330184,80.5999999999997
903,0.188894612892,-71.149589156,13.8398613094,-57.9832616333,80.5999999999997
904,0.292615358522,2.4058139594,-48.1033480735,73.6208864318,80.5999999999997
905,0.508015858796,7.12837579481,-0.466603577715,7.15416326044,80.5999999999997
906,1.67910783867,6.65792772398,1.68322572065,5.09302046419,80.5999999999997
907,0.198014291639,-54.7174985397,21.1653546095,35.8010663611,80.5999999999997
908,0.1098587127,48.344422609,0.895614642984,-6.27793037031,80.5999999999997
909,0.771397042297,8.08604220519,-0.825806288884,4.11038315202,80.5999999999997
910,0.327167744559,5.13482653857,-5.05693699514,5.19699124839,80.5999999999997
911,0.157692125319,-43.7041336478,14.7886635127,-19.488585681,80.5999999999997
912,0.19785072098,6.28009358563,0.394464085552,5.03456980505,80.5999999999997
913,0.220270810122,10.048955259,0.931971490603,5.50006719054,80.5999999999997
914,0.323933405116,7.90922568308,3.71324095224,10.8449346907,80.5999999999997
915,0.198217425405,7.98705110177,2.40018123294,5.23028876267,80.5999999999997
916,0.61548104655,4.95082735164,0.268571570703,8.41802710288,80.5999999999997
917,1.76892371195,11.6717704896,5.35148063591,0.420199202755,80.5999999999997
918,1.51526574309,6.23880164761,0.785152611963,5.12078055687,80.5999999999997
919,0.215803787905,3.16646190509,1.09247604491,5.77127071255,80.5999999999997
920,0.214644647436,19.1512552201,79.2827450159,-45.3012723199,80.5999999999997
921,0.416477669364,-1.39293247346,-6.47559367261,2.48300262266,80.5999999999997
922,0.130475415122,2.95907298831,3.18014374884,5.53709785097,80.5999999999997
923,0.102191159521,10.0417991958,0.269931514813,7.17712383963,80.5999999999997
924,0.107123132488,6.14706869648,-0.952779252309,6.92333411591,80.5999999999997
925,0.2069280608,12.6108162485,-37.9048040255,-5.44841366884,80.5999999999997
926,0.252209027645,24.9464282427,-4.91062048293,-22.2230775107,80.5999999999997
927,0.170088704644,4.95957983888,0.320716510746,7.70242092482,80.5999999999997
928,0.296500752908,6.21524128345,-1.69590080088,6.86372419435,80.5999999999997
929,0.377609621928,5.76550608268,-0.0567902286995,7.3454920468,80.5999999999997
930,0.415631307858,3.55942010566,2.16941318815,9.92062058724,80.5999999999997
931,0.419599215299,6.94329526856,1.79674591472,4.65592162749,80.5999999999997
932,0.295662873778,-20.408667328,-18.6937229179,18.5978176325,80.5999999999997
933,0.193222075392,9.07498966629,-69.5264745745,26.964894157,80.5999999999997
934,0.112265535002,14.954560179,-4.97883870651,2.06284242141,80.5999999999997
935,0.495668630531,14.1711837607,-1.899945237,11.9759286527,80.5999999999997
936,0.127543622093,18.4358105418,-1.40924913502,5.59408324467,80.5999999999997
937,0.23318755162,4.27374096482,2.26932549651,2.28246239387,80.5999999999997
938,0.573799080773,5.86207410222,1.65417301936,6.26741748071,80.5999999999997
939,0.387281744844,7.41631022833,-0.0446873743641,1.77220356931,80.5999999999997
940,0.232496389926,10.9184637315,-27.9109123846,3.95219821528,80.5999999999997
941,0.237274381138,5.46273911123,2.08665382217,2.47072136246,80.5999999999997
942,0.136755770567,-34.069969708,-22.6003190592,11.7598077331,80.5999999999997
943,0.272256883623,-50.6036763811,18.0846217314,26.0158432377,80.5999999999997
944,2.78668024362,-16.2387004837,47.4402397845,-28.0394308929,80.5999999999997
945,0.116125137403,7.56993548393,-1.10586442248,12.6194938646,80.5999999999997
946,0.286743661913,5.07445487119,0.509501461188,6.35568428748,80.5999999999997
947,0.439250979583,22.94605208,9.19779447061,-10.8995344544,80.5999999999997
948,0.159685548427,-0.922137728498,-6.2031635836,3.64962691907,80.5999999999997
949,0.360419240943,8.79612444623,1.62616045621,6.78549682832,80.5999999999997
950,0.750603236441,8.12049253719,-3.36267633058,8.61749374059,80.5999999999997
951,0.136309378265,6.81359638299,-2.09823623681,4.45087346689,80.5999999999997
952,0.149852336566,8.27211041104,0.536707852287,-1.8503583859,80.5999999999997
953,0.633963952736,6.21442371357,2.35849804788,8.60169801414,80.5999999999997
954,0.180004243216,8.02435146939,14.2666352433,-8.7237786265,80.5999999999997
955,0.101420994297,2.26777176661,-2.80250428024,7.73473100681,80.5999999999997
956,0.169301968073,-29.8557268586,-74.0099532786,8.89683885714,80.5999999999997
957,0.422637120242,3.63182386846,3.96186089843,4.02711413114,80.5999999999997
958,1.18509328352,-6.91621166094,-69.1292126538,17.3797910769,80.5999999999997
959,0.572617063363,6.82325649075,0.51005548489,5.10040464147,80.5999999999997
960,0.489142195789,4.38763946425,-6.81921289771,6.37830756604,80.5999999999997
961,1.25892619228,9.6914905854,3.13324219488,1.42507332347,80.5999999999997
962,0.286037670347,6.9583147535,0.351164151238,5.72253116353,80.5999999999997
963,0.254044058942,8.3642384006,-0.694254582546,6.69954449374,80.5999999999997
964,0.151660411101,75.7259731301,-15.2004342382,22.1606773212,80.5999999999997
965,0.569990433072,22.3895515118,-31.2292907613,7.58061094426,80.5999999999997
966,0.341382332447,7.31797775759,-0.8796338363,4.01589694222,80.5999999999997
967,1.77544100182,2.53010854042,-1.82538624454,4.31716541686,80.5999999999997
968,1.65778847913,27.0651960646,-32.7545055689,31.7904037505,80.5999999999997
969,0.118793787771,8.52221388384,2.7430251577,3.80868425333,80.5999999999997
970,2.65207267187,6.75977436737,5.73923074751,1.23334489591,80.5999999999997
971,1.4447190601,-11.0196068506,13.5013366575,11.7096824005,80.5999999999997
972,0.331140412989,6.98261326247,1.02562902933,5.93833158729,80.5999999999997
973,0.335734281018,8.01760994464,0.555853152407,5.63510681034,80.5999999999997
974,0.500293159216,11.5672515234,4.47465389582,1.95548845608,80.5999999999997
975,0.430193016143,4.5780617407,-0.412293283093,6.70603893939,80.5999999999997
976,0.57405390214,-62.3736813851,8.1966964714,-62.9925571072,80.5999999999997
977,0.176783494113,2.19336842667,2.73833616096,9.59045035207,80.5999999999997
978,0.607958515357,61.3428682866,8.36318420475,47.4856490725,80.5999999999997
979,0.256444588293,11.4273665466,-3.2840947848,8.65566789698,80.5999999999997
980,0.846308879288,8.27886386041,-0.874077713199,7.4114013651,80.5999999999997
981,0.616257343772,11.5319482042,4.37179087509,6.52222044292,80.5999999999997
982,0.408603055109,8.75216258796,-0.694081496727,4.98728969042,80.5999999999997
983,0.283766192417,6.70283349971,0.623894082987,4.42220094188,80.5999999999997
984,0.167140992763,7.34130712015,1.92967887615,5.5268355329,80.5999999999997
985,0.14534405787,3.52478135949,1.92226896173,7.93320901638,80.5999999999997
986,0.16662905918,6.34131149967,1.827078098,5.43024149322,80.5999999999997
987,0.427195047782,6.0809992969,-0.711074730566,8.14381134452,80.5999999999997
988,0.14226824343,10.9072213249,-2.86900213231,3.66478532635,80.5999999999997
989,1.1408664309,7.00194997175,0.0138681283763,6.60513949096,80.5999999999997
990,0.101136249542,5.75895930813,-5.95466067278,3.09196304365,80.5999999999997
991,0.424930598764,11.9698888176,3.1377220735,-7.48061349151,80.5999999999997
992,0.208606943702,6.93764336897,-1.0652600264,4.88426794252,80.5999999999997
993,0.205021649004,22.2557551387,-1.56364422458,5.77240695978,80.5999999999997
994,0.279126384865,11.016527837,4.47098975436,8.41502264883,80.5999999999997
995,0.363218322286,-38.748367235,31.7073442736,80.405699998,80.5999999999997
996,0.499486159043,7.18423719096,-0.122812351883,6.07166718366,80.5999999999997
997,0.186563653308,7.53485182913,40.1436517869,7.59623522063,80.5999999999997
998,0.289899668255,10.4882341835,1.74280455107,1.58996675688,80.5999999999997
999,0.490733913429,8.23269242997,-1.25168316719,4.64745172022,80.5999999999997
