Star_ID,Mass (MSun),X (pc),Y (pc),Z (pc),Simulation Time (Myr)
0,0.208281661752,0.2519089518,-11.935515126,1.07829395827,39.30000000000029
1,0.184530122993,4.94016404666,-0.66138894706,5.86139957984,39.30000000000029
2,0.228902726906,2.81460599083,-3.96073759149,3.01716600106,39.30000000000029
3,0.324643983625,4.55011534202,-1.21265653226,3.36181568699,39.30000000000029
4,0.113918358033,-13.4527451423,-30.7844175884,2.36637293311,39.30000000000029
5,0.207669863191,10.4737615296,1.51562975319,6.66019363095,39.30000000000029
6,0.185691056808,0.963477426625,1.1067811587,6.53839873196,39.30000000000029
7,0.650050663721,2.92818858143,2.89526705752,1.01321879336,39.30000000000029
8,0.717841964913,-1.32660938361,4.75319124654,-1.63225016725,39.30000000000029
9,0.307404151055,3.03490116992,-0.200665877782,3.58162674165,39.30000000000029
10,0.247922595667,-2.55121776122,-0.679920116832,-15.7954797024,39.30000000000029
11,0.983460984624,3.79398303354,1.6118818131,1.96289421158,39.30000000000029
12,3.15901832288,1.99533679227,-10.8386822545,6.83801368635,39.30000000000029
13,0.166788104581,0.729908101646,-7.50191702941,2.55439280888,39.30000000000029
14,0.824985759821,3.18125431732,-0.0272666637018,2.33415394333,39.30000000000029
15,0.185652451605,-40.8399187285,1.47423791676,15.1557972744,39.30000000000029
16,0.312935999711,4.18768447358,-0.172360255666,2.73922110304,39.30000000000029
17,0.238985640425,4.56493035445,0.706860976406,2.56616373389,39.30000000000029
18,1.8942374161,11.6844364982,-25.7392891002,4.87401201909,39.30000000000029
19,0.299158336544,8.0322691597,0.240382406631,1.11082107136,39.30000000000029
20,0.517315929452,-3.65162112167,5.55710075625,-1.8159327689,39.30000000000029
21,0.204957230795,-5.0849607173,2.78495869897,1.13807173904,39.30000000000029
22,0.7309499523,-2.41260021581,1.41198914901,1.2769270653,39.30000000000029
23,0.77284308747,1.24196676898,-0.702498927348,5.75634753073,39.30000000000029
24,0.120877378357,-15.0453938659,-13.9132394053,12.365522249,39.30000000000029
25,0.117160377799,-3.6262958789,11.5654939696,-9.86201922678,39.30000000000029
26,0.127029822354,11.3378086914,-7.87850338406,3.11461862327,39.30000000000029
27,0.113365965444,0.374811270902,-24.9676723325,-25.53767723,39.30000000000029
28,0.123036805912,3.21224536984,-1.12314788832,5.63180878676,39.30000000000029
29,0.776909272871,3.45621916755,-7.91080454534,13.6929224056,39.30000000000029
30,0.369140236208,2.76254367254,1.79762185762,2.25602802223,39.30000000000029
31,0.210957036931,5.92140424565,-1.65930640354,6.33402834008,39.30000000000029
32,0.228621563001,-30.928008277,10.3089393896,-4.16717620401,39.30000000000029
33,0.744906662427,3.48594663702,-1.55462745325,4.12194295845,39.30000000000029
34,0.108421251276,2.23327559595,-1.83132186836,2.33604779698,39.30000000000029
35,0.200567110828,2.22334414235,1.50218720931,3.45643521245,39.30000000000029
36,0.313113760726,2.70974391445,0.0599123049468,7.50735546138,39.30000000000029
37,0.127727390382,8.75054287383,-3.65688166796,8.12668096021,39.30000000000029
38,1.59673007043,0.674910313053,6.54748172126,2.73083787222,39.30000000000029
39,0.128815137705,0.637676058115,-3.06807606655,-0.607829048653,39.30000000000029
40,0.483687883505,4.61907075856,-1.33330607675,2.97806964978,39.30000000000029
41,1.47549364652,2.50535731872,1.54706816732,-0.935169667222,39.30000000000029
42,0.286675424059,2.97417727646,-3.46474064872,8.49666874263,39.30000000000029
43,0.130722520987,35.3719545564,-20.104705193,-6.64067398537,39.30000000000029
44,0.631097775489,-13.9238798882,36.0882447045,3.25298461498,39.30000000000029
45,0.145498013049,2.40332393285,-0.192687805461,2.16299489604,39.30000000000029
46,0.552581402614,7.36146075567,1.90731516646,2.87338642111,39.30000000000029
47,0.45318890365,5.30783284114,-6.31956866319,-1.56633003584,39.30000000000029
48,0.776752164754,-21.7062606289,-0.190438536052,-6.27035828862,39.30000000000029
49,0.543601097869,0.302622868504,-0.349238668114,1.83419384761,39.30000000000029
50,0.327181948274,72.823583244,-9.98096459773,-21.7721506807,39.30000000000029
51,0.135092468684,1.86404251807,-1.51561585837,1.94133435239,39.30000000000029
52,0.208056941237,5.73388701048,4.42738395036,9.04812516657,39.30000000000029
53,0.331459832381,-0.373400105754,-12.0762989538,37.1709243979,39.30000000000029
54,0.100573790371,5.25095339743,10.8563867235,8.80248184137,39.30000000000029
55,0.432017265748,6.19862100089,-4.97297831384,1.59446048162,39.30000000000029
56,0.144531577469,0.379108528129,1.16629379339,2.27657639084,39.30000000000029
57,0.202892262951,-67.393588579,12.8044854678,2.85573689486,39.30000000000029
58,0.497742005547,1.55703839124,-0.0832835288484,3.64927236877,39.30000000000029
59,0.214568140857,4.17306056474,-0.361852375791,1.9702423692,39.30000000000029
60,0.287991092569,3.59111634555,3.14119479529,1.46096940641,39.30000000000029
61,0.108412765391,7.52114038815,3.03835160061,14.813558585,39.30000000000029
62,0.123917981598,-38.3397582015,-20.9491908946,-31.0840199933,39.30000000000029
63,0.759087656913,6.79521730839,-5.07405597328,3.76642033989,39.30000000000029
64,0.354489488743,-2.80249551193,-3.26783275206,9.62117849497,39.30000000000029
65,0.378119984751,7.5386314577,1.35070077425,1.80004765683,39.30000000000029
66,0.103363974336,-0.0859273505229,1.98296020136,3.36831300558,39.30000000000029
67,1.27101416156,0.946327028635,4.78722940643,0.491971983707,39.30000000000029
68,0.292134706011,1.69263802381,-1.08384117715,0.0820605059172,39.30000000000029
69,0.663720963898,2.28120500261,26.6910474838,-28.6796187529,39.30000000000029
70,0.122860391844,9.99814880343,-0.461106718679,7.55352833647,39.30000000000029
71,0.166055849018,1.70265819819,-1.3040868699,3.34534313353,39.30000000000029
72,0.114025952801,24.7509477679,31.1807593553,-6.29637783798,39.30000000000029
73,0.225682274374,46.4624153944,-24.6991446759,-3.77790171166,39.30000000000029
74,0.14341625012,21.9640743836,-5.48892352649,13.0799850055,39.30000000000029
75,1.29490201361,24.5124615568,0.566678764526,-22.129569264,39.30000000000029
76,0.312998112943,-6.34300897914,9.69748420128,-34.8171078679,39.30000000000029
77,0.345683142493,22.2534285846,5.94008450597,4.9126757671,39.30000000000029
78,0.349265717408,1.66126716525,1.87272505649,3.8878059018,39.30000000000029
79,0.102492628193,3.44246233146,-5.01695131162,9.1895736998,39.30000000000029
80,0.334312597995,7.44707925486,-1.41794611788,0.814702335707,39.30000000000029
81,0.125196634081,1.86611602492,-2.92528307377,4.55481604103,39.30000000000029
82,0.140311066056,-2.5081174438,2.87938187782,-18.8639396072,39.30000000000029
83,0.11715782545,-9.37261823717,-1.95566179892,16.376368631,39.30000000000029
84,0.210124667993,4.93958627526,-1.01422121189,2.80671459327,39.30000000000029
85,0.540622096813,6.1585260315,18.1918886103,-17.6279945419,39.30000000000029
86,0.184134782481,-40.3149220309,12.3994302401,21.1875691886,39.30000000000029
87,0.442081843857,-6.94459212627,-0.490377301678,1.85267799248,39.30000000000029
88,0.202195311525,6.18926095898,1.22154699892,2.54861008203,39.30000000000029
89,0.118928485317,5.01090882594,-23.8914902606,11.3065302028,39.30000000000029
90,0.16156272766,5.36437783658,-0.957698842562,1.99543400666,39.30000000000029
91,0.742515546356,2.12869055768,-0.310353726803,2.5071284747,39.30000000000029
92,0.271775257231,2.81953813433,-0.964808451377,2.008602175,39.30000000000029
93,1.83831822839,2.76513908522,-0.722483480937,2.49086287138,39.30000000000029
94,0.433249268092,-2.34273943648,1.70465564705,1.19469817836,39.30000000000029
95,0.324806542479,6.00123767205,-4.01437748363,1.21432005773,39.30000000000029
96,0.633250344457,5.19998591422,-1.57818077518,3.31759569987,39.30000000000029
97,0.241637226979,4.25744275907,0.877030530197,1.85754285873,39.30000000000029
98,0.285464856972,4.90377454117,0.534571962221,-0.8269475914,39.30000000000029
99,0.136375724928,44.3572403705,-2.38327527589,7.74848758111,39.30000000000029
100,0.142131166805,4.52619487635,0.657250536677,3.80412020828,39.30000000000029
101,0.559104932537,1.52275600972,-1.71469802489,3.28940361086,39.30000000000029
102,0.193055771471,3.45339793762,-0.458328972072,2.81816278864,39.30000000000029
103,0.135145598904,-0.239151539501,0.112516727907,5.85455023891,39.30000000000029
104,0.23842388807,4.04679246405,4.7492552648,-0.90482563673,39.30000000000029
105,1.63979279763,3.36864628866,-0.987745828728,5.0800588664,39.30000000000029
106,0.457221054198,0.7280328083,2.16237848472,7.76001472056,39.30000000000029
107,0.119463935706,-11.4623998871,25.4294496578,11.2340535505,39.30000000000029
108,0.121038604303,3.06733261574,-4.02517975698,3.77067344283,39.30000000000029
109,0.77943263235,-0.319817773927,1.05954089808,3.10617556044,39.30000000000029
110,0.723606312173,11.9286230154,-7.54637222509,-0.203189414331,39.30000000000029
111,0.116407793511,2.58236551751,0.684027202039,2.8887030612,39.30000000000029
112,1.03941308123,-2.75764653945,2.23061203269,1.53178057683,39.30000000000029
113,0.710296751255,-4.58768264804,-16.2395414713,-21.151213991,39.30000000000029
114,0.200736740665,2.06946984479,10.0922709529,5.15171095483,39.30000000000029
115,0.109632788822,2.1440177263,-1.43443805654,4.51532726642,39.30000000000029
116,0.644160205228,5.77705336509,3.94689927301,4.74136351011,39.30000000000029
117,1.04616725237,1.25973281307,0.74466096738,1.29138281307,39.30000000000029
118,0.209145049854,-1.57495920431,65.0331659258,32.4321892384,39.30000000000029
119,1.71405914911,1.12878272894,-0.630338819679,5.04284140557,39.30000000000029
120,1.1706157796,-0.848877894893,5.40699482938,-3.62013820627,39.30000000000029
121,0.348543102184,2.36390185711,0.00201418295375,3.77106529732,39.30000000000029
122,0.132348665412,3.87895726679,-2.44600315244,1.41251938052,39.30000000000029
123,0.515731956228,9.21429710983,-40.7146012074,-6.00614720307,39.30000000000029
124,0.108622387413,7.61316265326,-3.27280937606,5.91624117074,39.30000000000029
125,0.143614563265,0.0694822028247,6.17061177384,-33.0834892209,39.30000000000029
126,0.135084492084,12.1700289385,-23.4209339869,10.34217263,39.30000000000029
127,0.246061684739,2.71917472633,0.905742160857,1.64806362943,39.30000000000029
128,3.18587318,-1.52338255055,-1.58789015575,2.83022775968,39.30000000000029
129,0.207084767183,-11.3839672024,47.6287121494,3.26162959822,39.30000000000029
130,0.156520239169,-0.033569046024,5.89447095254,-2.15798343539,39.30000000000029
131,0.187416279292,1.57498634407,2.96113002845,1.73940096931,39.30000000000029
132,0.106503191355,2.70766103186,0.181756192701,3.40887615403,39.30000000000029
133,0.280022174182,4.53313788616,-0.819455054174,0.643187345785,39.30000000000029
134,0.228146101086,6.87032420883,11.9491769486,7.95199253037,39.30000000000029
135,0.348079169458,7.46852256304,0.714511261105,5.00295219517,39.30000000000029
136,0.254815369724,-0.251688553326,0.909580968593,0.577797581902,39.30000000000029
137,0.29505675644,4.69820274394,1.51737800443,-2.71126665155,39.30000000000029
138,0.193186781695,-7.30461226785,-7.49231533751,5.60810138962,39.30000000000029
139,0.607929308327,-5.0780770221,-32.2448649052,-10.5069652694,39.30000000000029
140,0.12399040304,6.37345058739,0.415633430353,2.46772237301,39.30000000000029
141,0.103267361016,3.68013263042,-2.57897443877,4.71137347764,39.30000000000029
142,0.128996073113,3.26553219085,2.15048194246,-1.05346277863,39.30000000000029
143,0.26463169969,0.336531230837,-0.571249360026,2.31053949073,39.30000000000029
144,0.385799059362,0.845691795091,-2.80383722657,2.46700396738,39.30000000000029
145,0.132067103154,3.94431767423,0.200181700805,3.83216574019,39.30000000000029
146,0.438272838137,41.4514282194,9.64179918687,-31.6839793122,39.30000000000029
147,0.140913072304,-1.39482611081,6.39378004556,11.5400534956,39.30000000000029
148,0.731677835531,3.0596125981,2.55248107195,3.2978779966,39.30000000000029
149,0.30415338644,3.72563815451,1.87100713053,-0.130894196712,39.30000000000029
150,0.106615165264,2.01142535667,-0.198036697439,3.87424565904,39.30000000000029
151,0.523476525197,2.47149758152,0.605988812409,0.891019581125,39.30000000000029
152,0.163878906007,5.77540506394,-3.86917411251,9.04648821589,39.30000000000029
153,0.481968734351,3.30609564615,-0.0715974645841,1.08430957634,39.30000000000029
154,0.137598035494,-23.0349792358,-19.4206171115,-3.36553877453,39.30000000000029
155,0.107115005746,-0.509751991986,4.6093452794,16.4420218376,39.30000000000029
156,0.359647565248,1.45325375386,-1.62198348207,-1.16079997049,39.30000000000029
157,0.173508021796,-2.76105766914,4.65681966126,5.2757609044,39.30000000000029
158,0.210509544802,9.19298267381,0.985898445575,1.21219422588,39.30000000000029
159,0.558694240841,-19.582413921,-12.9463164362,11.7337070712,39.30000000000029
160,0.147351361488,2.44504891925,0.542198844577,5.85411018114,39.30000000000029
161,0.609604819193,3.84071142211,1.24253210924,3.0224738002,39.30000000000029
162,4.42876661047,5.52008247835,62.4334056665,8.67941376044,39.30000000000029
163,4.70550222177,0.894949054005,-0.539746187893,4.61738107883,39.30000000000029
164,0.261787060224,3.87302167358,5.20508589703,1.58217305764,39.30000000000029
165,0.105157129306,7.99715284969,2.91138078197,-2.26020336913,39.30000000000029
166,0.829487018048,7.21023051639,0.887010595756,4.26426655799,39.30000000000029
167,2.01174024785,3.74316742889,1.46826985468,2.68086845633,39.30000000000029
168,0.115745186517,4.43834383996,-0.856320126567,0.167238950644,39.30000000000029
169,1.11874905636,3.06409652032,0.727587619199,2.92924562731,39.30000000000029
170,6.50782868192,2.87998715468,0.0830154895439,3.39332460643,39.30000000000029
171,0.547344120466,5.89099303133,-0.786767763935,3.84787948991,39.30000000000029
172,0.282593695509,4.16300898192,-1.30159216916,2.15344669758,39.30000000000029
173,0.378785536691,-25.4626918058,-30.0906258719,25.5036906873,39.30000000000029
174,0.202024609905,-28.3109639798,5.88037863889,24.0814445981,39.30000000000029
175,0.222700559133,2.34565491882,0.448432334726,1.99285048024,39.30000000000029
176,0.306000963363,-1.96263358941,-0.19220010666,6.95277348435,39.30000000000029
177,0.387295786365,4.67622748951,11.8543050227,-45.6262432811,39.30000000000029
178,0.237939015847,10.5752420009,-21.132440828,10.8442407665,39.30000000000029
179,0.127618787599,-6.26079715613,19.7170390779,16.8549028672,39.30000000000029
180,0.465345355763,1.13918964325,-1.10445585061,2.5565062633,39.30000000000029
181,0.437980919998,3.54858730602,-0.417515424708,1.90100978959,39.30000000000029
182,0.180568204177,2.58515033917,-0.350171646284,2.75706132377,39.30000000000029
183,0.307479021791,7.33301105927,52.3810607455,13.6825378758,39.30000000000029
184,0.403710914439,12.6977745372,11.6794462101,0.687585808208,39.30000000000029
185,0.368161908477,2.00952634496,-0.526395451515,4.20959230566,39.30000000000029
186,0.75872451801,15.9148861395,-6.57809590831,-12.4634125561,39.30000000000029
187,0.177686382146,1.55032928497,7.32639648433,9.90025911324,39.30000000000029
188,0.252051627023,2.68718647213,-0.558792540854,3.85774360671,39.30000000000029
189,0.100802742024,1.85912805642,3.08158501756,-6.50469105518,39.30000000000029
190,0.124840855946,2.53158670956,0.4284133496,4.50676002673,39.30000000000029
191,0.182408820298,1.59220355608,-0.337070834481,-3.44296828481,39.30000000000029
192,0.633788414035,0.453714160914,2.44103452072,1.42048468139,39.30000000000029
193,0.266890744696,3.12758967729,0.182523395475,3.37124863603,39.30000000000029
194,0.133854756294,4.23931167029,-0.480963280473,1.5988165446,39.30000000000029
195,0.422299480393,3.08718137639,0.267671307941,2.07162056136,39.30000000000029
196,0.13164134443,-4.28114960339,-12.3982500776,9.14412803054,39.30000000000029
197,0.279209679437,-1.19967776984,4.92084979288,17.6216967221,39.30000000000029
198,0.140468888917,25.5505960399,-4.00811674283,4.4902823158,39.30000000000029
199,0.511775558448,3.19573760179,-0.97934750094,4.25816005162,39.30000000000029
200,0.359148230275,2.78229451435,-0.811681411641,2.23244835843,39.30000000000029
201,0.625071196202,3.50182785773,-3.68059777068,3.32824669774,39.30000000000029
202,0.142884222025,8.67346268856,-4.33866653449,0.382279975001,39.30000000000029
203,1.57659917098,6.94620171258,3.41314608049,2.37767108379,39.30000000000029
204,0.110553769217,16.8000579533,5.89877384894,-29.3580721653,39.30000000000029
205,0.572277598218,2.51248770874,-0.928555670966,4.36588195339,39.30000000000029
206,0.448940581078,3.04401352274,-0.596443724598,2.20274307231,39.30000000000029
207,0.163467268265,3.0019171352,0.285780527623,3.2077115437,39.30000000000029
208,0.327307903946,2.66321382916,-0.915828979465,2.42463589652,39.30000000000029
209,0.122793539001,-8.29485164759,11.0615738732,-20.1468224507,39.30000000000029
210,0.18908206268,2.65992718498,5.50245002446,3.11654752903,39.30000000000029
211,0.139411938115,2.37696667407,1.13301194586,1.39551995971,39.30000000000029
212,1.15872738137,2.24476100871,1.42823357374,4.17323075943,39.30000000000029
213,0.888243654086,4.19608051867,1.77012990319,-3.42725203914,39.30000000000029
214,0.107284850343,2.54258276609,-1.40858527009,1.11581353461,39.30000000000029
215,0.238250394618,2.71747658912,2.38056061863,3.24467431281,39.30000000000029
216,0.967826762609,8.04960573689,6.77359376803,-0.785547394564,39.30000000000029
217,0.2432713633,5.49837354147,1.23560959366,5.75305541683,39.30000000000029
218,0.175326195116,-7.51589443837,17.826317545,-2.30458030342,39.30000000000029
219,0.679676814615,3.08773009467,-1.12613898744,3.34041828221,39.30000000000029
220,0.260176745269,16.6363058219,18.7574213789,-24.1555929097,39.30000000000029
221,0.239582432552,3.33929246567,0.59674082657,3.71534163146,39.30000000000029
222,0.159573038229,7.01508866688,16.3257708271,21.9192253174,39.30000000000029
223,0.108870280472,1.06914181547,-1.55085127904,2.85142536599,39.30000000000029
224,2.06157596664,3.35242454435,-0.130180345764,1.61267185762,39.30000000000029
225,0.509808840316,2.58344803338,-0.130934837886,5.00427615802,39.30000000000029
226,0.439538541969,4.43420242802,2.88573342587,1.81380805784,39.30000000000029
227,0.160272928478,1.93353876509,0.438604046805,1.62185948309,39.30000000000029
228,0.120912608962,6.23377380844,-1.42625628597,2.72285382008,39.30000000000029
229,0.114149420343,6.44466169395,-3.69113695289,10.0765335282,39.30000000000029
230,0.11181741826,8.78211419101,-23.9559327768,14.9813784688,39.30000000000029
231,4.41430166611,-42.8268608944,2.8692262688,-18.4678085326,39.30000000000029
232,0.242406675358,-1.48931912292,-3.45730568839,-19.1381058888,39.30000000000029
233,0.462005677641,6.17984223509,-3.34349171275,3.20233326331,39.30000000000029
234,0.123967650412,6.79071125026,3.61200394065,-6.10006417635,39.30000000000029
235,0.170952695219,5.91870797454,-0.425925182013,2.65914056715,39.30000000000029
236,0.29989318249,5.39535635,-2.21948701415,3.52173848613,39.30000000000029
237,3.06043609158,11.2218302777,1.88430622102,-22.6581382135,39.30000000000029
238,0.255594916115,4.28214746563,-13.9777713977,9.66378861117,39.30000000000029
239,2.32235816465,2.92403270042,-0.291129490124,3.74380329999,39.30000000000029
240,0.202110969362,3.55020911543,-1.95309081177,3.49575631428,39.30000000000029
241,0.123825065641,4.34422956587,2.57656103114,2.35343196575,39.30000000000029
242,0.11555631412,7.96900551235,1.49830704187,3.86674243694,39.30000000000029
243,0.865162729249,2.81076204902,-0.0206567235194,5.88727132364,39.30000000000029
244,0.321246590697,2.88447680692,4.41786357343,6.59024905553,39.30000000000029
245,0.340020838829,0.84617818136,3.93086696578,1.45783148607,39.30000000000029
246,0.258045255823,6.85707185455,4.12542645561,5.36180762045,39.30000000000029
247,0.238642652363,5.34102428647,-1.73453535107,1.84685431382,39.30000000000029
248,0.114248758871,2.55097646391,-1.66101000689,3.95293391002,39.30000000000029
249,0.344075351088,4.75325590376,1.13381964225,2.52876619277,39.30000000000029
250,0.286039886342,-6.07853614539,8.34433871129,-8.35753691376,39.30000000000029
251,0.175550106459,6.97898919421,5.69866572259,0.539248790761,39.30000000000029
252,0.132220736286,-0.0571666793596,-0.908977806797,2.85099077936,39.30000000000029
253,0.154175941973,-4.5054321791,-0.931573565829,6.3183656638,39.30000000000029
254,0.656804924505,0.826265455589,2.04136822649,3.63225126361,39.30000000000029
255,0.232999209898,13.6887695479,-6.46496400958,-1.38915601957,39.30000000000029
256,0.12462383049,7.56328041911,4.05719757914,1.17830732663,39.30000000000029
257,0.660175289302,3.29026248071,0.879257735859,1.58422154333,39.30000000000029
258,0.648565088495,6.97985029678,-0.452625420035,1.49730887833,39.30000000000029
259,0.107138545554,1.65880926675,-0.0929943917497,1.42127201946,39.30000000000029
260,0.356488347833,-8.90463392291,13.1144256512,-3.65291467927,39.30000000000029
261,0.332140532686,3.23229279929,-0.652441614268,2.93313062841,39.30000000000029
262,0.284278725064,-0.59565919536,2.94971503347,2.15097164439,39.30000000000029
263,0.333954784131,0.019409382036,-13.5570104545,-22.559959335,39.30000000000029
264,0.194246043871,-6.25295466606,-18.0559962954,4.84162670577,39.30000000000029
265,0.219759491581,3.2200201034,1.50709497428,1.51524199545,39.30000000000029
266,0.100573953933,24.7845051469,-25.9012352303,15.6722005743,39.30000000000029
267,0.767002743289,-23.8394325699,-3.17910015356,-4.6626562658,39.30000000000029
268,1.10930522608,4.43036319245,-2.5784640119,2.51267629267,39.30000000000029
269,0.143925993223,1.85554978058,1.9617703178,3.53131587311,39.30000000000029
270,0.106142928173,3.46327484911,2.46432617807,2.41248014566,39.30000000000029
271,0.169797046661,3.29706137967,-0.640535766597,4.83102187252,39.30000000000029
272,0.215390080205,23.8528203703,16.847217222,10.9146748352,39.30000000000029
273,1.02309049006,2.65769519546,-1.66641468603,1.51361185475,39.30000000000029
274,0.307497257383,5.07748247939,2.29327389093,1.55371166264,39.30000000000029
275,1.70577276625,0.414958911,26.8601880854,-16.8198815142,39.30000000000029
276,0.152241011964,4.74131919605,-0.517697717578,6.74427283058,39.30000000000029
277,0.13200996057,4.73303115443,-1.39129024891,4.97056384091,39.30000000000029
278,0.867428090067,-1.56528180109,-5.64111207109,3.8210339976,39.30000000000029
279,5.38391051712,3.16475966036,-0.606073973134,3.66466266015,39.30000000000029
280,0.102510163691,3.71160926208,-0.638898025235,1.83953213854,39.30000000000029
281,0.126945462732,13.5899633892,-37.6102194618,35.1704754569,39.30000000000029
282,0.112585626068,4.57006952217,-16.3291868382,-18.2093392334,39.30000000000029
283,0.655475127903,4.13728143669,-0.337458629443,3.85214076161,39.30000000000029
284,0.173684868682,-3.94135461782,-2.60558548411,15.5143767216,39.30000000000029
285,0.214873815009,2.95468837023,-1.6860496724,1.78445912446,39.30000000000029
286,0.378794028495,4.59370274136,1.64221925269,2.8638787854,39.30000000000029
287,0.411860850877,4.23827592864,0.206633894055,4.16472773498,39.30000000000029
288,0.114219284042,5.17334438423,1.81699461385,4.34889264849,39.30000000000029
289,0.145299301718,4.05855956364,-1.46044041868,5.0058889339,39.30000000000029
290,0.321643103102,1.31232733328,2.18581801141,5.21526792942,39.30000000000029
291,0.283152366337,-2.88300125645,2.72765011711,4.18381637694,39.30000000000029
292,0.952650794427,2.02762738606,-0.522510343112,3.00602445498,39.30000000000029
293,0.152611584802,-0.908666647665,2.47433854859,6.04886447445,39.30000000000029
294,0.100301901621,4.12048167795,0.371101243081,2.07863627785,39.30000000000029
295,0.215993723856,16.3055790338,-1.43095149392,-8.21176863467,39.30000000000029
296,0.391395616541,-7.47933093597,10.799397753,-10.7071631813,39.30000000000029
297,0.887460679371,6.38186081063,-1.00951154333,7.07288639859,39.30000000000029
298,0.107802188733,0.813733650612,1.64107661651,2.36502194457,39.30000000000029
299,0.253364981793,3.78617633546,-1.01191009236,4.00617108443,39.30000000000029
300,1.34830377067,-0.516366182887,-3.67303951217,5.32640161044,39.30000000000029
301,0.351608573103,24.9873829862,-28.8652858092,1.47138602943,39.30000000000029
302,0.281545152019,2.0022310755,0.944681453616,3.31433847239,39.30000000000029
303,0.643431370881,5.13644197124,-0.614875946467,3.44833872884,39.30000000000029
304,0.147718222879,3.89886071949,-1.89742541375,1.28609501396,39.30000000000029
305,0.557111382553,-2.28525608712,-74.8763238823,-4.89131566977,39.30000000000029
306,0.358465884141,4.18694079739,-0.0685846623635,4.81300678098,39.30000000000029
307,1.03005445874,3.59420226152,0.218705353174,3.27661748651,39.30000000000029
308,0.845227818136,1.75682972429,0.674494514942,3.39774510779,39.30000000000029
309,0.533006285478,-3.17960330937,-26.8989571404,29.6817448685,39.30000000000029
310,0.156051678017,2.51302247904,-0.912620465118,3.43459051464,39.30000000000029
311,0.266557854284,-8.6802887785,26.1434323843,-8.81441179386,39.30000000000029
312,0.182274748622,18.4129655595,-2.46338903103,26.5002263962,39.30000000000029
313,0.454579238904,1.61949705151,2.56186321758,7.45243004144,39.30000000000029
314,0.226797105553,2.57553548109,-0.16793605746,2.52335307592,39.30000000000029
315,0.176220412929,11.7069101634,14.4749272314,13.8643664334,39.30000000000029
316,0.543959362422,8.23203646109,6.6633917238,8.45877975638,39.30000000000029
317,0.120122262128,0.819532613847,-0.740173093083,-0.428512004885,39.30000000000029
318,0.580599469984,-8.79903032644,0.664837982861,-18.427829322,39.30000000000029
319,0.191605004472,4.59844416075,-0.64245786249,4.1107074759,39.30000000000029
320,1.78981506704,-0.558254695233,1.58192821517,-2.09817523463,39.30000000000029
321,0.457466595564,-47.2367313906,-23.4043320458,42.5224582881,39.30000000000029
322,0.342131704772,1.45038288367,2.03060753728,2.06726839359,39.30000000000029
323,7.53459792687,3.01546316108,0.878403403216,4.23680803665,39.30000000000029
324,0.130132986657,2.916848905,-1.71211131578,3.89618783355,39.30000000000029
325,0.327631253207,2.42582769512,16.6377712296,5.83457808727,39.30000000000029
326,0.197616022645,2.11234887251,-1.48036960687,3.8775739556,39.30000000000029
327,0.433228187211,7.49196888204,-26.6694436944,-15.6681652974,39.30000000000029
328,0.362621477521,-0.159947361279,0.142554440501,3.11434301015,39.30000000000029
329,0.117029530402,1.76400378275,0.675423434916,4.893617839,39.30000000000029
330,0.448753097886,0.0522706844248,-6.43077391392,3.685826177,39.30000000000029
331,0.113695640785,-0.268960526617,-0.182319866968,3.26713520725,39.30000000000029
332,0.103967252109,2.09041393925,-19.6437121859,6.61752966186,39.30000000000029
333,0.379329351859,-9.55679062713,22.8117674514,-18.4542078076,39.30000000000029
334,0.141338805076,0.560751230264,-0.535124250507,6.24376167708,39.30000000000029
335,0.364174959418,2.33713502488,-4.44906347619,2.30671310685,39.30000000000029
336,2.38695629154,7.18096653632,-7.47970056089,4.19998625616,39.30000000000029
337,0.309928462925,-11.4498355705,13.2007611416,16.4763138798,39.30000000000029
338,0.138930634074,-0.324877020706,2.31294658134,1.71912808264,39.30000000000029
339,3.70864655059,4.85001761004,-1.34595147583,2.84929678684,39.30000000000029
340,0.126244398486,12.7472281097,9.44120969187,12.0652893682,39.30000000000029
341,0.158256764538,-3.68176909806,-7.24067356164,3.26498067017,39.30000000000029
342,0.124048175945,13.4509594863,7.90727251719,3.04827141465,39.30000000000029
343,0.111270889048,-1.13965918189,14.069174815,53.4076811681,39.30000000000029
344,0.209241669929,6.26521165094,7.28354726503,-1.75198098024,39.30000000000029
345,0.113811189328,-2.17264407532,1.82102697541,1.94384011352,39.30000000000029
346,0.119312719852,2.20260922789,4.41337268633,6.26307640215,39.30000000000029
347,0.218285377682,3.30785199311,0.0592573692549,2.84747974626,39.30000000000029
348,0.247306146583,1.85945944644,-1.05919715145,2.16261482176,39.30000000000029
349,0.108562561567,11.851111045,47.7153449588,6.11546982396,39.30000000000029
350,0.147721803647,1.56672413457,1.90099916784,2.02365140407,39.30000000000029
351,0.134654257766,5.70788450497,0.21620678991,2.74165065051,39.30000000000029
352,0.100498824797,7.89103695437,-4.04957584877,3.3121869836,39.30000000000029
353,0.2670183194,-1.66258116904,-3.37450192518,3.99466623336,39.30000000000029
354,0.192288567994,16.9920697175,-27.888210489,-12.0799860834,39.30000000000029
355,0.181284290661,1.47454016022,-1.44573147761,7.93645838975,39.30000000000029
356,0.196227181183,2.09645093178,2.44374443974,3.25857600559,39.30000000000029
357,0.191624730065,4.61550925769,-0.510045158734,4.81248083671,39.30000000000029
358,0.420801352136,1.9383272344,-4.00138031615,1.75529427398,39.30000000000029
359,0.581232660401,0.20605580888,2.96582120122,3.62499549411,39.30000000000029
360,0.567167641081,7.41871348048,34.2994174369,3.1499911427,39.30000000000029
361,0.157132411449,1.36571128142,1.48178297226,1.70090347369,39.30000000000029
362,0.264419709637,6.6059675951,1.29669359371,-1.19818825967,39.30000000000029
363,0.508542881299,3.64913491315,0.527075453869,2.06686705694,39.30000000000029
364,0.506402617533,3.03453383734,0.310652080484,3.4855410331,39.30000000000029
365,0.112680202273,-2.30821165122,-13.7728962085,12.764824986,39.30000000000029
366,0.108369134792,1.60325371437,-1.54941303802,4.1189195557,39.30000000000029
367,0.133238158891,-15.4958305273,-13.1007016985,-6.46423557034,39.30000000000029
368,0.685080217771,6.63394459289,3.10893915031,-0.98601940321,39.30000000000029
369,0.412403803219,-31.6858268305,14.0433343226,-14.7163284771,39.30000000000029
370,2.54266049342,61.4446273857,-16.9796411684,15.5510816792,39.30000000000029
371,1.62055083021,-2.4967947838,1.30517016709,-1.21876182689,39.30000000000029
372,0.371747483956,0.121722726034,-2.37246397401,3.40000110607,39.30000000000029
373,0.705621733907,6.36177576689,-0.475999210197,-0.599157945301,39.30000000000029
374,0.259218667096,-4.62147173068,14.134105528,-4.73719695992,39.30000000000029
375,0.214530964282,-19.7511869327,-3.18628280994,-10.7182548912,39.30000000000029
376,0.180351958162,2.09195222528,2.87266177192,2.78931337493,39.30000000000029
377,0.108299170334,19.0145233167,-30.0596619024,5.00722278862,39.30000000000029
378,0.373910461912,34.221458718,16.0970559935,-48.0337578637,39.30000000000029
379,0.161788302562,3.77182915547,-0.813237902823,1.73375742656,39.30000000000029
380,0.29045644663,15.6485590302,3.72085569038,2.22786067917,39.30000000000029
381,0.232033967118,-21.353731418,-16.1808055719,6.21771112452,39.30000000000029
382,1.29816376172,8.84591246642,12.3102242922,-21.724896911,39.30000000000029
383,0.144168507238,-8.55577336015,-31.8702447747,8.09554307496,39.30000000000029
384,0.944952968832,2.48694125373,2.07718529773,1.76790777543,39.30000000000029
385,0.50637893778,-3.06505525651,-3.83860892915,8.53371297688,39.30000000000029
386,0.270981719868,-14.9562933234,25.4181190192,-17.568058168,39.30000000000029
387,0.10172765475,5.17703783893,-4.08920774102,2.20260761573,39.30000000000029
388,0.237074318251,2.82294466135,-5.26532253012,2.60164044664,39.30000000000029
389,0.123775903439,3.57181235365,0.715872473621,-2.90319211582,39.30000000000029
390,0.22494366739,8.19117016295,4.30680135852,2.02668722281,39.30000000000029
391,0.132402180551,2.44550855288,2.53505851957,28.8100374709,39.30000000000029
392,0.335465894919,4.49421233478,-1.86513652439,8.17305261951,39.30000000000029
393,0.144532920695,3.01183717113,-2.1251424244,1.48034781968,39.30000000000029
394,0.190779072183,8.29116713438,-2.45394249403,-1.81085212492,39.30000000000029
395,0.726929426114,3.18545868742,-1.68550046917,2.66441988677,39.30000000000029
396,0.269261107598,0.821416961136,-0.579564185406,2.86275029714,39.30000000000029
397,0.375713011892,3.1519964179,0.921018452162,4.16816002254,39.30000000000029
398,0.246426369366,1.00956851932,-0.120199442467,4.58453191357,39.30000000000029
399,0.30244100892,5.29238413899,-1.92330570679,-1.89689478514,39.30000000000029
400,0.150321554303,-2.04885029446,-23.4775219863,-12.8917951316,39.30000000000029
401,0.152121656748,0.718731690652,2.08687821381,5.37018865481,39.30000000000029
402,0.305443918353,25.5810565246,-7.4010970572,-12.8721045568,39.30000000000029
403,0.124979323005,1.25996117733,7.07728910516,0.519894173529,39.30000000000029
404,0.174911833148,0.937396488776,-0.187220891455,0.86670022302,39.30000000000029
405,0.148116635286,-14.2847125589,-1.92626888199,6.13537080393,39.30000000000029
406,0.253428042772,7.1753193677,32.3087371502,-19.6356681104,39.30000000000029
407,0.656594743741,-0.267116225475,2.89019614361,-1.60216773667,39.30000000000029
408,0.291603438941,0.477346327075,-3.57199152315,0.593651891352,39.30000000000029
409,1.43812843593,2.67373148695,-2.14118241889,0.426364527406,39.30000000000029
410,0.680138260324,3.06261462002,0.219615552934,3.23529264534,39.30000000000029
411,0.154825827003,24.4220789026,-26.553301961,10.9677931851,39.30000000000029
412,0.100729393935,6.29055101109,2.13031741631,1.4855334168,39.30000000000029
413,0.922229886723,2.83012021085,0.147035486138,2.99296567706,39.30000000000029
414,0.107590796583,2.61950396856,0.630472741519,1.94390107147,39.30000000000029
415,0.152201178376,4.4605047381,0.256724735508,5.56733914468,39.30000000000029
416,1.70538241765,2.69561537236,-2.10380713088,2.73308525469,39.30000000000029
417,0.708550270177,3.78160194142,-1.88352148809,4.93736086078,39.30000000000029
418,0.145960713464,4.99869244185,0.144916844137,4.53314719085,39.30000000000029
419,0.115338846009,13.0653529478,-29.3549943981,10.5074341159,39.30000000000029
420,0.523831754458,-24.4269822775,3.30241195837,-4.85596573961,39.30000000000029
421,0.762946106356,9.24948926776,16.9122267829,24.1728926593,39.30000000000029
422,0.101657768858,3.79066161911,-0.545051614567,5.01521035636,39.30000000000029
423,0.526568450445,2.70667252783,-0.178639287572,3.97840841758,39.30000000000029
424,0.142047193942,3.88306520194,-1.25051594435,4.41926368141,39.30000000000029
425,2.86297543416,2.05714302015,-0.040320607473,2.53937061269,39.30000000000029
426,0.29203382527,4.40982102763,-2.70257313966,4.84614293864,39.30000000000029
427,0.245348434261,2.31529458492,-0.609999924706,3.17801902485,39.30000000000029
428,3.42357649662,4.71614587987,0.28193111795,1.59528093715,39.30000000000029
429,0.2428345795,2.84083780645,-1.54304760457,5.02852508632,39.30000000000029
430,0.279364980123,3.73097980867,-2.20506572552,1.62302917109,39.30000000000029
431,0.104135739544,2.0279753131,-5.00233706102,1.63545097816,39.30000000000029
432,0.313203220232,1.78761743458,-0.956132989989,2.10458418501,39.30000000000029
433,0.352124721177,2.26634564729,-0.696948594267,2.98280031094,39.30000000000029
434,0.715702710028,4.27331438507,-22.3393292658,23.8743729579,39.30000000000029
435,1.37878923198,1.58669899705,1.32134534722,4.44928224877,39.30000000000029
436,0.298693566831,3.07616413049,-4.18413398445,2.9729925166,39.30000000000029
437,3.59918194655,-0.743913088588,27.0282282339,-30.5533302897,39.30000000000029
438,0.339155137387,-1.50869934994,11.9705323489,-5.40315674063,39.30000000000029
439,0.550719688396,6.48425815835,-22.2073072656,3.37361906725,39.30000000000029
440,0.188534973762,3.08934549795,-0.121325696266,3.96063579251,39.30000000000029
441,0.101561243613,5.78822095155,-1.28279063157,1.4338880862,39.30000000000029
442,0.143553978188,3.82755274359,-1.27796635785,6.34930701235,39.30000000000029
443,0.216908799251,1.60830403144,-15.2175732299,3.83834785302,39.30000000000029
444,0.275442719349,1.63312429008,-0.457038545999,3.32662695436,39.30000000000029
445,0.947806823836,-5.38898141773,1.07751125956,-3.86096016566,39.30000000000029
446,0.470777324358,4.86237673399,-2.7402166255,4.22369610574,39.30000000000029
447,0.614426611674,2.36088892819,-1.70839382396,1.04450303703,39.30000000000029
448,0.320233651754,13.3180906207,16.6683904814,-2.8313748221,39.30000000000029
449,0.18181753661,2.02830815319,-1.19905992982,1.85406814422,39.30000000000029
450,0.109887712471,-18.8908047712,0.749723168646,-8.44329596517,39.30000000000029
451,0.560462120518,-0.37386985724,-33.3898561362,-3.29316529382,39.30000000000029
452,0.120225060147,2.77354333073,-0.820080874826,2.40693392199,39.30000000000029
453,0.205886374014,2.66590344099,-1.91663518527,1.66443115312,39.30000000000029
454,0.705756741566,3.49885164456,0.244440459671,16.0626571196,39.30000000000029
455,0.151024825615,2.22576985623,-2.7125960523,3.16039672803,39.30000000000029
456,0.275693610945,6.03080023082,-2.54786836138,0.136649260722,39.30000000000029
457,1.82650199928,2.03044678145,-0.233796848155,-3.0477534171,39.30000000000029
458,0.162378225813,14.4993283076,-35.2984149215,-0.535511305771,39.30000000000029
459,0.13904710147,-19.7676416272,-6.16142500786,-6.14185787028,39.30000000000029
460,0.104023328938,-46.704617648,15.8700991979,-20.7550139094,39.30000000000029
461,3.11015033135,1.7815880831,2.56377648144,-30.9490059954,39.30000000000029
462,1.79979414336,3.94041230399,-0.852686931322,3.06011478209,39.30000000000029
463,0.320667459604,8.41135466274,-10.4258218242,9.81220922348,39.30000000000029
464,0.147944833593,2.12255926114,1.37011564414,4.48079873767,39.30000000000029
465,0.124113151753,11.9472082714,-1.31405642794,-21.3393252639,39.30000000000029
466,0.577143252184,22.493503521,-16.7595990467,-6.78051872356,39.30000000000029
467,0.263275888039,4.11796116109,-1.34225612159,4.11200082007,39.30000000000029
468,0.266806131654,1.20308980131,0.459069056224,-5.34456370918,39.30000000000029
469,1.61074600139,1.40049656613,1.52738173586,2.20740282338,39.30000000000029
470,0.16496371659,-15.3759978834,-9.86571914657,9.06591026319,39.30000000000029
471,0.16442698427,34.6953073127,-7.76980598862,-21.0378564887,39.30000000000029
472,2.83120038082,3.67834573985,-1.24378696295,3.9477255409,39.30000000000029
473,0.122853245318,19.0203724198,-5.59527065187,6.78452185968,39.30000000000029
474,0.206913126924,-10.2122535698,-1.37798551219,-0.435672172874,39.30000000000029
475,0.117248240118,3.17427672996,2.18658635836,2.40395646168,39.30000000000029
476,0.141868791575,1.55930204086,0.159381284808,1.84630523422,39.30000000000029
477,0.121700969803,0.830091054839,1.86172286358,4.19702568268,39.30000000000029
478,0.43398577914,2.59566360824,15.6152473616,27.9594051375,39.30000000000029
479,1.41657350089,3.71363041008,-0.626842017594,3.50892627062,39.30000000000029
480,0.244717213074,6.78554422319,-0.280777151942,4.02338872601,39.30000000000029
481,0.259247657684,3.74531270822,0.249998174567,2.51991650242,39.30000000000029
482,0.236682021445,10.5885677252,-4.12174004326,-14.4868195907,39.30000000000029
483,0.41534428995,4.2545100205,6.18318600557,-0.129138047767,39.30000000000029
484,0.138068975805,9.86689920755,-10.0246770222,-9.70492000011,39.30000000000029
485,0.171295537368,-4.94221278793,-9.65884133625,14.6069907933,39.30000000000029
486,0.641355832901,0.358776047781,0.751951222178,1.26700783165,39.30000000000029
487,0.476688186487,-64.7980396301,-19.376131403,-4.00801067316,39.30000000000029
488,0.324349997941,3.61632515846,9.03655854073,-1.2116512529,39.30000000000029
489,0.327155624463,-2.96503457369,3.15987822683,-5.00027249266,39.30000000000029
490,1.47308987556,3.94756774849,1.31916163618,7.24600992813,39.30000000000029
491,0.101033360534,4.0057272919,-4.28789478204,0.715849732335,39.30000000000029
492,0.287638294692,4.07920752254,-1.37095269527,4.04579284201,39.30000000000029
493,0.159346164945,-15.0964495159,-7.4343177154,12.253601331,39.30000000000029
494,0.211385199708,2.6300712412,-6.64365527735,-0.648065233769,39.30000000000029
495,1.68389886,3.16057885993,0.701160053423,3.4147115734,39.30000000000029
496,0.282971711525,2.79007147836,1.61911041257,-0.441724528424,39.30000000000029
497,0.230513277985,8.76278013444,-3.63544951034,8.10954474834,39.30000000000029
498,0.50131793218,0.178260276707,0.827216713079,7.40670122388,39.30000000000029
499,0.659985478026,2.94881694579,-1.92477124236,2.86317013532,39.30000000000029
500,0.22118735793,4.75725939981,-1.39571283035,2.56769002714,39.30000000000029
501,0.432991817996,1.02525406999,2.48916795491,8.33300971231,39.30000000000029
502,0.280238133639,-16.8414652733,-12.0435982117,-15.9002760376,39.30000000000029
503,0.383848856031,5.1163524785,1.98083392483,12.3655018513,39.30000000000029
504,3.20464121961,2.72342854722,0.252494029423,3.52472911298,39.30000000000029
505,0.22084577124,15.1714446156,-8.10745343302,20.7300387077,39.30000000000029
506,0.103841822448,9.74844967492,2.49436033539,2.06093402028,39.30000000000029
507,1.59092495291,-13.473676662,-42.4068780475,-16.4943106276,39.30000000000029
508,0.700035022772,2.86990434661,-2.19149860989,2.98299503426,39.30000000000029
509,2.38616752253,13.0545455219,3.77825717267,4.42242162275,39.30000000000029
510,0.117454079442,4.23363880925,0.578140672162,2.99122862046,39.30000000000029
511,0.264703596252,4.27634972091,0.732134148004,4.17370816578,39.30000000000029
512,0.275380237872,6.52708635932,2.87844980429,3.76462129716,39.30000000000029
513,0.165313539023,2.74324220967,-0.781991890245,3.29175643236,39.30000000000029
514,0.115757095163,1.42920435278,4.22823203891,3.31912138607,39.30000000000029
515,0.215263721817,5.33589259043,1.00846197241,3.31182018538,39.30000000000029
516,0.412964661388,15.7080214081,-23.5046989742,-12.5406313168,39.30000000000029
517,1.21473579959,2.23216965837,0.466056236341,5.6556409524,39.30000000000029
518,0.773439478455,6.54995657445,-2.96988784518,6.39880948465,39.30000000000029
519,0.20604635529,-35.9767289588,-1.10536779501,6.93028825125,39.30000000000029
520,0.170891002697,22.1979496219,22.4536024339,22.5498567377,39.30000000000029
521,0.123756337129,-0.00310616901341,1.62335745633,2.10810767996,39.30000000000029
522,1.68043601239,29.4775619608,8.04839746541,11.6223891487,39.30000000000029
523,0.292262577739,3.34727661283,1.17685663896,1.95157949655,39.30000000000029
524,0.300065635007,-34.3882136171,-29.2337903357,-31.8559885007,39.30000000000029
525,3.44050578188,2.69072858028,0.952015777404,7.99552637769,39.30000000000029
526,0.419350861439,5.03245178058,-1.39409702471,10.0443883682,39.30000000000029
527,0.123762078291,9.45751954773,-5.55166264164,16.1005168531,39.30000000000029
528,0.110688074202,3.69195586419,-0.987885169519,2.39300372296,39.30000000000029
529,0.166798006379,2.60857836168,0.55476177152,3.73415776855,39.30000000000029
530,0.253910029567,6.01055175107,-0.319446096816,3.86911730916,39.30000000000029
531,0.566958868663,3.85515492868,0.554428041924,1.65017566705,39.30000000000029
532,0.662113522678,7.43308897502,-42.9909951457,0.346685691419,39.30000000000029
533,0.4292485567,2.94651535008,-0.211586884065,3.63523797992,39.30000000000029
534,0.371450057846,4.19712423899,5.25708777608,3.99037308526,39.30000000000029
535,7.51943176891,2.86276188592,0.0799157123375,3.38098852138,39.30000000000029
536,0.166276620729,3.99894842402,2.43920250073,3.86095953114,39.30000000000029
537,1.09118382954,4.23630479973,0.603521241144,2.49478821735,39.30000000000029
538,7.15152169115,2.69479877083,0.383691494879,3.40543025875,39.30000000000029
539,0.572044202279,-26.5312581445,-7.94262985778,5.50405545482,39.30000000000029
540,0.339034547461,-1.32761681632,2.61162539558,-4.07789150681,39.30000000000029
541,0.109286004195,-2.27286465798,-6.76688036996,8.42855557413,39.30000000000029
542,0.169162748592,3.25105152987,-3.23860415487,8.4425600685,39.30000000000029
543,0.249503747317,-2.02103703706,-2.62576386367,1.69764397969,39.30000000000029
544,0.166733616591,1.6740699454,9.95680522954,0.487949740467,39.30000000000029
545,1.07417884898,1.25633413826,1.21316611948,4.87428905083,39.30000000000029
546,0.490529413091,1.54366818143,2.33990069145,0.858903639159,39.30000000000029
547,4.60234955095,3.55121907966,0.990031224074,1.69813100308,39.30000000000029
548,0.136853815858,2.23841019168,-2.03414589026,4.19725432569,39.30000000000029
549,0.139984996952,6.02672556814,-12.917552284,3.97993568784,39.30000000000029
550,0.420522821787,1.06999365278,5.71389095643,1.10477648506,39.30000000000029
551,0.291989078505,5.41953840007,17.6318445263,24.7676839409,39.30000000000029
552,0.503829732262,3.83892979445,-0.894450134608,2.32251959407,39.30000000000029
553,0.263854669933,11.7298921179,11.1094006919,11.2926839363,39.30000000000029
554,0.26937726232,6.13899036085,5.19880041622,4.00710670658,39.30000000000029
555,0.139200420726,-47.0949738441,0.0649629879854,7.27965299848,39.30000000000029
556,0.284204238146,25.5925260979,17.0762800097,7.90138769125,39.30000000000029
557,0.561510069632,2.02186851146,0.359182176344,2.25220394569,39.30000000000029
558,0.436296451966,3.94290487747,-0.655574462813,2.03214498747,39.30000000000029
559,0.978790254693,3.54183159945,-2.09013616747,3.19892896628,39.30000000000029
560,0.115125806986,0.844649814636,0.104066462397,1.05949667363,39.30000000000029
561,0.326538061153,2.5172210566,-1.08478255598,5.0805725356,39.30000000000029
562,0.405890046738,2.18312615063,-1.65108726873,1.39675450733,39.30000000000029
563,0.297798007438,3.58776884777,-0.344664381339,2.6639490408,39.30000000000029
564,0.262176174157,-2.44170758238,-2.66543999243,-0.0189151532141,39.30000000000029
565,0.621543015917,6.85292460222,1.63191154232,-0.68220361995,39.30000000000029
566,0.134607067331,10.7523760471,5.77239495839,0.119321549192,39.30000000000029
567,0.408606385775,3.13634265181,-4.71250699986,2.14629793327,39.30000000000029
568,0.149939470453,5.45745716859,-9.55991654519,-8.57360682172,39.30000000000029
569,0.176657890377,-43.8226901849,-35.547837682,7.18975916014,39.30000000000029
570,0.977058141524,18.2801798618,-17.4394489664,-19.2154621843,39.30000000000029
571,0.690680379049,3.33705433432,6.74086425263,0.785624053878,39.30000000000029
572,2.95919724954,2.96242370102,0.281371422466,2.49712823747,39.30000000000029
573,0.264033791258,6.6697031097,3.61201107045,4.50953103317,39.30000000000029
574,0.110950600864,-3.37291489871,4.15398379342,3.36292787975,39.30000000000029
575,0.303274673549,-2.69438250925,-2.42336126167,5.11290558981,39.30000000000029
576,0.367331597871,-8.45342371792,13.0581579566,16.6341543355,39.30000000000029
577,1.38252248693,3.70074482707,-0.731316938782,2.55686702909,39.30000000000029
578,0.140323175916,3.83763493605,-1.19400512688,1.96746806242,39.30000000000029
579,0.304350582543,2.3640017604,-2.01634712732,5.24278282062,39.30000000000029
580,0.167174690967,5.95376636779,0.519817706366,5.1557310826,39.30000000000029
581,0.674598373198,4.2531685668,-1.95036769808,-1.6752418638,39.30000000000029
582,0.175586168629,-21.416508339,-40.1572439244,-5.62296550886,39.30000000000029
583,1.12269234431,3.63127188167,-1.34995554795,3.53587750059,39.30000000000029
584,0.141521284619,1.64609031771,-2.13878069892,4.40201273152,39.30000000000029
585,0.543090533505,-20.8854703465,-1.26264211017,5.56048798573,39.30000000000029
586,0.381924993046,2.17568065801,-9.27263253234,4.98555605279,39.30000000000029
587,0.338209999764,0.808518849117,-2.35627133308,4.56218902062,39.30000000000029
588,1.01319947066,6.01283631699,0.745612922596,3.1027794984,39.30000000000029
589,0.128102355311,2.40759631614,-1.95217515762,3.41285775707,39.30000000000029
590,0.538670948431,3.22178354435,-0.281789164389,1.95833481727,39.30000000000029
591,0.122892866585,-7.43156422809,10.3007078026,-14.0928638738,39.30000000000029
592,0.100231841706,3.18998266994,0.991878067338,3.83556345612,39.30000000000029
593,0.6219836089,5.31185263978,2.1512281182,4.95597848853,39.30000000000029
594,0.328231021871,3.7604220132,-0.386236957696,3.60376401946,39.30000000000029
595,1.24664275724,7.3917924046,9.92370109386,1.52545190954,39.30000000000029
596,0.624604941677,29.5962924695,2.03590582752,-20.9102863944,39.30000000000029
597,0.430753191253,3.56616875475,-0.0498197086374,2.52536704509,39.30000000000029
598,0.490534284687,-10.8270413564,-2.04645804802,36.7244632992,39.30000000000029
599,0.165981765382,20.0796423855,3.47789266313,1.19900700188,39.30000000000029
600,0.116522158847,5.89184909495,0.113855716289,3.66577701288,39.30000000000029
601,0.184366568794,3.47988829452,-2.06663677321,3.06113579872,39.30000000000029
602,0.196422928394,-4.18618194426,6.11200742501,-3.65437299272,39.30000000000029
603,0.233559572202,26.7790410152,5.54847959983,48.6516991118,39.30000000000029
604,0.224284500511,3.98921584259,0.525459049299,3.13413120557,39.30000000000029
605,0.119254582797,2.59001087091,-2.0890325505,2.51059669722,39.30000000000029
606,2.36114755224,5.23702507296,4.74714916587,1.06882881572,39.30000000000029
607,0.164563394112,2.53538871718,0.730377989814,2.05410603367,39.30000000000029
608,0.132029190411,0.928797191605,-0.259053721269,6.40397648459,39.30000000000029
609,0.116568987888,-0.751509438001,-0.864208889989,3.84153104418,39.30000000000029
610,2.17560964687,3.08684737404,-0.541992734962,1.86922363682,39.30000000000029
611,0.124823453045,0.619775763033,2.68402959392,1.87017650518,39.30000000000029
612,0.261972019072,-7.83617998335,-0.282031615919,-3.70558358219,39.30000000000029
613,0.130376341249,-13.4817396622,-17.7415346935,36.1479767506,39.30000000000029
614,0.19765773163,2.12039047542,-0.901967612001,1.14755089028,39.30000000000029
615,0.105578568534,0.242566467804,0.555611597739,5.91455241643,39.30000000000029
616,0.165796065939,2.15298913503,-5.85598599167,11.8633221451,39.30000000000029
617,0.208817565254,3.62113800994,-0.388003874688,4.05260776825,39.30000000000029
618,1.66459847365,3.09225952931,-0.380353231386,1.39577787399,39.30000000000029
619,1.70137272502,1.89057150638,-1.03676573979,2.14954324523,39.30000000000029
620,0.150801152926,2.39896750717,1.20924341558,-0.603810817428,39.30000000000029
621,0.316182129297,1.81795766666,-2.69664110485,2.39267623297,39.30000000000029
622,0.803910169419,11.1193560529,-0.235781750083,-3.74813926605,39.30000000000029
623,0.780814291314,2.67763740473,-0.521380656516,3.98878177455,39.30000000000029
624,0.540759615251,-1.64395065432,-1.88730062701,6.78659201097,39.30000000000029
625,0.134588022777,5.14982496506,-3.87266075214,6.43712670643,39.30000000000029
626,1.23927275989,2.9154260979,2.97703405026,3.49237098985,39.30000000000029
627,0.201237199231,1.08654466265,-3.8708856096,-3.02487246193,39.30000000000029
628,0.241097636015,-9.71320705334,2.30407043808,12.2060656986,39.30000000000029
629,0.210084791436,7.06687002274,-3.01364876794,1.81357570328,39.30000000000029
630,0.110690252578,5.08232510923,-0.297082008782,4.10878888989,39.30000000000029
631,0.160498033,4.44738765662,0.828984652625,2.84966800774,39.30000000000029
632,0.10423688978,2.27244349322,1.29311647266,2.93765212933,39.30000000000029
633,0.145483750498,3.78881294544,0.583470597332,3.06174278641,39.30000000000029
634,1.48785814422,-11.0998552713,15.6062623632,13.4861144466,39.30000000000029
635,0.174641543735,3.93759461518,0.545068114869,2.90580065213,39.30000000000029
636,0.631322428858,2.50315623151,6.29908594097,4.34346792937,39.30000000000029
637,0.278010537594,4.84767847401,2.55210097378,1.67585444147,39.30000000000029
638,0.189185279515,-16.7206965341,-21.9915447493,1.21786123209,39.30000000000029
639,0.908422815697,2.83475291488,-1.95488767684,2.00636850894,39.30000000000029
640,0.144384434964,5.72174260223,3.69856466909,2.86896709627,39.30000000000029
641,3.32206878769,5.18322368809,3.12608058125,0.813537217775,39.30000000000029
642,4.7650423873,6.58885403615,1.29307767075,-1.21426512916,39.30000000000029
643,0.153273883757,5.1423297822,0.484336499863,4.21560828036,39.30000000000029
644,1.13421822592,16.2427263038,14.0799127972,-54.1819185533,39.30000000000029
645,0.162938985938,5.34924320033,4.95606617375,1.87011687133,39.30000000000029
646,0.326497867783,9.52062555819,-17.3718236476,17.6512397515,39.30000000000029
647,0.227374923566,-2.6599339646,4.1100747789,-2.89311571382,39.30000000000029
648,0.328651107753,-16.8637040293,-5.86423549317,-2.87570066408,39.30000000000029
649,0.792413669405,2.6718160046,-0.616718659533,2.53756592575,39.30000000000029
650,1.4719969369,4.45179644995,-2.95644500844,5.26580815371,39.30000000000029
651,0.155770841801,33.3284362944,4.15165455655,13.4722808287,39.30000000000029
652,0.273343789073,3.30284787895,-0.071188701158,3.10434407373,39.30000000000029
653,0.725322980568,3.59661144323,3.07411967213,1.30729905125,39.30000000000029
654,0.71944830655,1.66318885671,-0.0265266250879,3.2466911354,39.30000000000029
655,0.659995088483,14.5159066321,-16.830826121,-17.4254441847,39.30000000000029
656,0.146683902846,2.84922161412,-0.42066139817,3.1027492806,39.30000000000029
657,2.21092631967,2.40618087365,5.02745862587,3.04419699185,39.30000000000029
658,0.352700489043,0.209912959802,1.46981508773,7.00842492874,39.30000000000029
659,0.996690716895,3.71266193982,1.2554368361,2.34347179131,39.30000000000029
660,0.182156319742,13.4524185088,-1.51767074459,-46.2977632257,39.30000000000029
661,0.474180174215,-34.5716807811,39.390744302,11.6514823197,39.30000000000029
662,0.212466924722,3.01271528806,-2.15530075227,4.35098454095,39.30000000000029
663,0.224913864715,8.48537701874,-24.8093098549,-15.7891836369,39.30000000000029
664,0.68219082409,1.89054462505,0.772316001407,2.68144921703,39.30000000000029
665,0.365711720227,2.96993075474,1.09805440076,0.0295771117923,39.30000000000029
666,0.142123286613,23.1126449356,-2.41099050602,-29.8527092291,39.30000000000029
667,0.127925860105,0.692131674274,3.16759128836,6.82805306407,39.30000000000029
668,0.249930199338,-3.03600503089,-7.59718089419,4.58041841691,39.30000000000029
669,0.257790809247,2.89039182704,-2.08827145258,7.24658693489,39.30000000000029
670,0.200192082756,-0.181725512088,-5.71444198221,11.4177917171,39.30000000000029
671,0.123720995244,-0.746262295688,-0.192964381165,0.740257286941,39.30000000000029
672,0.484687791153,2.52716746241,-1.0269754755,2.86342556041,39.30000000000029
673,0.237167229761,10.393789307,10.7426593881,21.5432891458,39.30000000000029
674,0.197762456395,2.79174013809,-3.98811662152,4.72611530013,39.30000000000029
675,2.05929036626,3.28488815626,0.945933220499,3.91939254979,39.30000000000029
676,0.217325037226,2.35527933328,-3.07179982996,-0.121766194208,39.30000000000029
677,0.11162878768,2.01425427671,-1.97639914397,0.534040649051,39.30000000000029
678,0.487284651989,3.62661569646,-1.14874290194,3.44353749415,39.30000000000029
679,0.271415939935,-31.0889437093,-4.38762290884,-12.6427758872,39.30000000000029
680,0.100039917756,3.55578378583,-1.50089972526,2.3419771542,39.30000000000029
681,1.46093047674,0.957602482755,-1.96641886962,1.59727965459,39.30000000000029
682,0.158167756203,3.48133893425,-0.328760901845,5.93003099736,39.30000000000029
683,0.21692333566,7.19494912945,14.4203719163,-6.98803778935,39.30000000000029
684,0.13869555202,4.77162254273,1.12255352682,3.49700814443,39.30000000000029
685,0.210190187138,19.8937822455,-11.0652685305,8.41578934253,39.30000000000029
686,0.423901580621,1.60428288101,1.72796795041,-0.114662256445,39.30000000000029
687,0.326783283366,-0.990773953216,0.894522675884,-2.50545740194,39.30000000000029
688,1.03115375107,4.93081599784,16.3277280524,-5.60444623925,39.30000000000029
689,0.142757222549,-13.4698877353,13.8505321843,-16.9758425185,39.30000000000029
690,0.881729970795,2.04991251211,1.98028168501,0.237410478955,39.30000000000029
691,0.206835154051,2.74911310307,0.25818174912,1.03845061759,39.30000000000029
692,0.286341849936,-1.77182628442,1.9714101295,2.48793178781,39.30000000000029
693,0.183781857365,18.5818426718,-41.2716918511,-3.69835370401,39.30000000000029
694,0.769516495229,13.0516488205,3.76601640585,19.4018442661,39.30000000000029
695,0.258990511133,-0.637630285781,-0.488266646814,2.35674755266,39.30000000000029
696,0.127004152087,5.14063140982,13.9967134183,35.4110747691,39.30000000000029
697,1.22832379576,7.78304136317,0.32289602403,2.03073841517,39.30000000000029
698,0.725839917107,-8.33526996678,17.1746007657,-25.0241373971,39.30000000000029
699,1.45572747893,5.91760448272,4.9172004981,8.04010078902,39.30000000000029
700,0.5134399234,-0.631638686809,-0.864544267728,2.00651830801,39.30000000000029
701,0.165755437527,2.29531872668,0.72617233906,5.08541245782,39.30000000000029
702,0.864909031051,3.67232258626,-3.01010343378,3.32894311121,39.30000000000029
703,0.131464587751,9.42203610733,-32.4351026601,-12.782093129,39.30000000000029
704,0.424641531615,2.94346435966,0.445250218136,2.64241944912,39.30000000000029
705,0.389711731684,4.49169693848,0.167482231836,2.29030894499,39.30000000000029
706,0.124771601771,2.02012211515,-0.514075968855,2.97243795598,39.30000000000029
707,0.109853903322,-2.49458967859,-1.04923573328,3.14363987521,39.30000000000029
708,0.105107767183,-0.989089215509,-1.36279553393,0.404055898579,39.30000000000029
709,0.28847968106,-3.91681885253,13.5170186394,3.30378579569,39.30000000000029
710,0.137087890162,0.932929266734,-0.629959651232,3.35237671507,39.30000000000029
711,0.105817534974,7.51252891063,-2.17706094296,0.530822443677,39.30000000000029
712,0.108502052473,2.87858952581,3.4199911538,3.30513324885,39.30000000000029
713,0.343859221755,4.01674204302,-1.37087963443,2.76148524619,39.30000000000029
714,0.702391046997,9.77275204846,-6.0281159229,-14.3259409017,39.30000000000029
715,1.82206623923,-4.45553219246,3.84428792675,-3.52806764973,39.30000000000029
716,0.132064436562,-22.5211061601,-0.171705122331,-12.5103432185,39.30000000000029
717,2.25321580711,2.59033939654,-0.687222208564,3.43861990944,39.30000000000029
718,0.186964977516,-0.511223674408,-3.78413238166,13.0249487789,39.30000000000029
719,0.310100840762,-0.442837762989,3.47876937691,-0.252174622,39.30000000000029
720,0.393389625364,-0.268394519868,2.71601021948,4.73212547527,39.30000000000029
721,2.30524337104,-0.500309859183,0.950202273672,-0.933620294493,39.30000000000029
722,0.109174729048,5.32344261712,-0.0803185623986,5.76121862336,39.30000000000029
723,0.150788405019,3.21452557047,0.509925734641,3.30332018162,39.30000000000029
724,0.150970217924,5.95787277597,-0.020404290076,2.699657018,39.30000000000029
725,0.20277796035,2.59673108913,1.01204231398,2.89137472482,39.30000000000029
726,0.16777736563,1.60135322627,-3.55128428853,-5.72217205028,39.30000000000029
727,0.286168606715,-21.1154091731,-19.0772217686,9.03531506447,39.30000000000029
728,1.18444388154,4.18317395137,1.22634028886,4.75306812587,39.30000000000029
729,1.26649957999,1.90291742373,-0.20086080434,4.79382958539,39.30000000000029
730,0.474305261337,4.55454674183,-0.891669604757,2.02818629091,39.30000000000029
731,0.197379024646,2.41578384474,-0.611150069003,1.18787327057,39.30000000000029
732,0.359085439559,7.95600216511,0.947291957794,2.57696979864,39.30000000000029
733,0.192549619111,3.13700223032,-0.104982386622,3.28207096647,39.30000000000029
734,0.167166330948,0.276275328223,0.441271913432,3.48920508474,39.30000000000029
735,0.368826298874,4.48304199982,-0.438001491191,-0.449501490663,39.30000000000029
736,0.145180954203,3.79422515436,0.509791685609,2.52861921213,39.30000000000029
737,1.00615216228,-1.13173538731,2.3862623466,0.634774295467,39.30000000000029
738,0.436762377163,-6.14634936588,8.38148206281,-10.233327507,39.30000000000029
739,0.162638519262,1.54654140815,1.81459460284,0.65564639457,39.30000000000029
740,0.168689198779,5.86038522774,-2.60240087812,3.28243411058,39.30000000000029
741,1.14930767287,38.6718228249,5.54508350277,-19.3446069836,39.30000000000029
742,0.804224579638,0.746280298668,0.409451818552,3.01404047107,39.30000000000029
743,0.369073199676,-9.61266877285,-42.4574718116,-28.7941209921,39.30000000000029
744,0.112317908435,-10.2466264086,20.0959380352,13.1233983439,39.30000000000029
745,0.103204678442,23.4988169054,-10.6826384528,-8.03331128694,39.30000000000029
746,0.362529798342,-0.126402053515,1.02889318268,0.789231397605,39.30000000000029
747,0.116627529055,6.42931889654,0.637649081991,2.02840826657,39.30000000000029
748,0.907913875061,9.07377902246,-4.78892890207,9.51635116614,39.30000000000029
749,0.649650701748,-0.796950743691,0.615654462139,1.09456269092,39.30000000000029
750,0.114308331471,39.2631103146,-33.0486350486,-27.4173627148,39.30000000000029
751,0.453892166572,1.15448591512,0.749041944148,6.31470186576,39.30000000000029
752,0.1256247688,3.03739770037,-1.64190392189,2.19436218358,39.30000000000029
753,0.354209012222,10.6647999682,2.07433782643,-1.79046859738,39.30000000000029
754,0.172598362623,-0.428396985044,0.973910717068,-1.26276589492,39.30000000000029
755,0.420873779781,-0.664287986114,-2.1744290418,5.24735113327,39.30000000000029
756,0.231234283589,2.65535612377,0.391358855311,1.86045467357,39.30000000000029
757,0.740397523883,-0.691149154428,-1.00518325363,8.49349156916,39.30000000000029
758,0.919672994302,-0.0965603280442,0.785756271203,2.97971610909,39.30000000000029
759,0.307494818826,24.3195543564,13.2102801133,22.310987395,39.30000000000029
760,1.46951800159,3.21057666788,0.247655783052,2.35216164504,39.30000000000029
761,0.378668985949,2.07733973661,-0.231271377405,3.83179416648,39.30000000000029
762,0.107966565057,-10.0015947969,16.2970199821,13.0826242373,39.30000000000029
763,0.112833087616,7.20656783482,2.38243405931,0.449771385993,39.30000000000029
764,1.17399397965,1.28872532106,-1.33467630703,2.19645586035,39.30000000000029
765,0.101904141347,-11.4376874642,5.09554131296,-17.8713315986,39.30000000000029
766,0.103291295059,-6.94841915739,2.20919570443,16.0707220791,39.30000000000029
767,0.150491441744,0.053881943734,0.543058545397,7.33797514987,39.30000000000029
768,0.267914960838,-0.49191117985,-4.04171194514,-14.4019597209,39.30000000000029
769,0.316487247572,7.09760919217,-0.0458805656163,30.5440842893,39.30000000000029
770,0.315699956528,6.06450773854,-4.46918549559,10.9236607636,39.30000000000029
771,0.195404116034,4.55977615899,1.33841780252,2.53941765007,39.30000000000029
772,0.107504591494,-10.6394410651,-1.20948670879,12.2339297801,39.30000000000029
773,0.561037687499,2.58964352236,-0.249974366681,4.24600781451,39.30000000000029
774,0.135165881605,1.55118623623,12.7954517035,-0.0325701031417,39.30000000000029
775,0.301489259342,6.72792947538,1.1282845461,1.83874061383,39.30000000000029
776,0.420846071796,4.84589187724,0.627938024846,1.58589644769,39.30000000000029
777,0.317353222844,4.34009513788,-0.546836845805,2.63042905609,39.30000000000029
778,0.371680760112,0.137667251266,15.7057282656,8.85933274072,39.30000000000029
779,1.93905749789,3.30792818524,0.882978099229,3.27868503276,39.30000000000029
780,0.244995309921,3.93277998238,3.29390291508,1.24092216889,39.30000000000029
781,0.214426786195,2.31285505791,-1.65287047746,1.80189172888,39.30000000000029
782,1.04643544365,3.28385084181,-0.0184731459633,2.75950756154,39.30000000000029
783,0.136939236968,4.31843764864,0.904707011788,3.01407851946,39.30000000000029
784,0.221600810553,-0.636028831813,3.76459334311,1.07174409914,39.30000000000029
785,0.193741425818,0.859840416985,0.435907880095,2.77579012022,39.30000000000029
786,0.143177424228,1.75796049045,2.62163238035,5.2997944432,39.30000000000029
787,0.131790305831,2.90010289768,-1.12206127456,2.64741093274,39.30000000000029
788,0.257067370891,-5.01063357284,-1.11460979051,-2.96949237455,39.30000000000029
789,1.47544950017,3.59819664239,-0.533513221551,2.5042469149,39.30000000000029
790,2.51957133721,-26.9530112167,1.66171309088,-12.9028616651,39.30000000000029
791,0.382499530323,3.88719118794,0.248820181727,1.53249170563,39.30000000000029
792,0.27444724344,-30.0979743721,-13.4330742319,5.28234484223,39.30000000000029
793,0.491888902001,13.1543412534,1.6804028966,5.01764511593,39.30000000000029
794,0.695784300896,-5.02289374645,15.4322656507,-3.87920919514,39.30000000000029
795,0.266604655732,6.44025486154,0.311282731084,2.61986551927,39.30000000000029
796,1.21045746386,2.01403374951,0.570692197559,1.55455210349,39.30000000000029
797,0.145707272075,7.73938423032,1.20339948195,1.08722144321,39.30000000000029
798,0.561806918308,6.31800169148,3.01346082241,1.9977448415,39.30000000000029
799,0.352176498285,12.3569663718,-1.39153901419,5.91146864801,39.30000000000029
800,0.608744842165,3.69180615003,0.024907848337,4.40543866714,39.30000000000029
801,1.10590931124,1.37294572318,-2.08416598136,3.34089369824,39.30000000000029
802,1.23629737879,29.4160652875,-34.2851078066,0.273991653966,39.30000000000029
803,0.356337701243,2.28154943856,-1.11168731433,3.09324889274,39.30000000000029
804,0.38655445808,5.73500403853,0.904816951617,1.31548846863,39.30000000000029
805,0.161796778672,-7.83030187141,-7.16584500116,4.54687009277,39.30000000000029
806,0.646236339089,2.18283708801,0.732632654689,4.39176620323,39.30000000000029
807,0.242421886843,2.98123310298,1.32583161725,3.37166061514,39.30000000000029
808,0.24235364611,4.74933993216,-0.625456952341,2.32614062259,39.30000000000029
809,0.651301986145,2.99713162836,1.91817777447,5.5963649467,39.30000000000029
810,0.711534401333,-7.34913071486,-1.69001831483,3.24306871798,39.30000000000029
811,0.485106730616,7.6242204854,-0.284619210724,-0.8427427954,39.30000000000029
812,0.121921329985,5.00546495562,-1.39362280343,2.68913799375,39.30000000000029
813,0.104279005248,-49.2638163814,-59.2093901705,-12.0291283584,39.30000000000029
814,0.357771558736,2.84041407652,0.474850125536,2.14437948034,39.30000000000029
815,1.2249437112,7.45252955979,7.70625651118,5.20378631177,39.30000000000029
816,0.105893965512,2.67495492296,-0.434258753113,1.88207443213,39.30000000000029
817,0.202639898455,-6.96231554383,-24.9389165892,2.18845763429,39.30000000000029
818,0.166822409542,27.362574877,7.09348895659,-1.68143984157,39.30000000000029
819,0.166672607003,7.18401014339,22.1924779358,20.4022341072,39.30000000000029
820,0.157519955284,1.26959167193,-0.367349147655,3.79482786846,39.30000000000029
821,0.142534074068,-21.5759562329,-10.3436386096,-13.3367439857,39.30000000000029
822,0.428156218834,6.45292013765,-0.889064293446,3.22904779125,39.30000000000029
823,0.185019396472,-2.2208787659,1.01827406231,-4.57568302785,39.30000000000029
824,0.561176978599,39.4148166215,-45.5684668585,64.991507761,39.30000000000029
825,0.195962702516,2.5725824135,-0.628807261048,3.53209062106,39.30000000000029
826,0.159823200673,-1.23254768215,1.55298242112,10.5445838496,39.30000000000029
827,0.667236521531,-4.03625728888,-3.21286238121,2.9018523693,39.30000000000029
828,0.446111922255,3.04438714644,-0.843902379161,3.83703994358,39.30000000000029
829,0.186662842658,12.3159994767,-19.2484923337,-0.545479645712,39.30000000000029
830,0.348020102475,11.3491411071,-6.82354984324,8.3111770884,39.30000000000029
831,0.206881671278,-5.10793143211,-6.59434128171,1.11770998198,39.30000000000029
832,0.107317558902,3.82537730729,1.76423726867,4.72591326897,39.30000000000029
833,0.370620432811,10.947896682,-2.12676265658,15.5322083448,39.30000000000029
834,0.103198198696,12.206723877,-0.754018279658,-9.4805520124,39.30000000000029
835,0.236813169352,9.16904100649,1.0080701319,-0.864494524159,39.30000000000029
836,0.449653210289,10.4763085753,-10.7382190894,1.61138604102,39.30000000000029
837,0.510089618591,-9.06066364791,-1.70769598876,-10.355927294,39.30000000000029
838,0.962561828374,-0.243586193096,6.33838555673,-0.631978704154,39.30000000000029
839,0.773365875388,4.46729332079,-0.645425325658,2.55081453018,39.30000000000029
840,0.249319476208,-0.231488057946,-0.682652654344,4.40581792484,39.30000000000029
841,0.314378833678,3.01330252541,-1.79746661575,-1.14942029916,39.30000000000029
842,0.100685633602,1.98272727059,-2.91255145826,-0.449335926195,39.30000000000029
843,0.357549821442,2.16970662447,0.458566217877,4.83546300655,39.30000000000029
844,0.244488646948,-5.03549173946,2.48447263257,6.18234484502,39.30000000000029
845,0.263691591358,3.04208459622,-0.174281658007,3.89286138583,39.30000000000029
846,0.107460409033,25.1506633783,23.4988828674,-19.8782745194,39.30000000000029
847,0.917415984424,1.98335631967,-0.404878262042,3.49470438339,39.30000000000029
848,0.102155848105,-3.83491091275,5.4373437867,6.11064313999,39.30000000000029
849,1.58961532456,3.58579688758,-1.76587043132,4.81239293607,39.30000000000029
850,0.688784620799,-18.1448561845,-5.8140083332,-9.86678080225,39.30000000000029
851,0.105619377824,1.28171555242,0.469628894755,2.72251757093,39.30000000000029
852,0.827226856731,0.735881212056,-1.5331811752,-0.386563517068,39.30000000000029
853,0.531766874328,17.259737107,-12.9414866998,-13.6874077347,39.30000000000029
854,1.07689885407,3.53896360293,1.81621953168,1.15586411764,39.30000000000029
855,0.108911470486,6.82071716782,-0.143822647312,-0.284520090209,39.30000000000029
856,0.379366115164,-1.47732648265,-7.03247066652,12.9940012102,39.30000000000029
857,0.156195446023,16.1870157752,-9.39268191123,-3.43644168257,39.30000000000029
858,1.39484271091,-8.11823439334,-18.3601933227,18.8496529308,39.30000000000029
859,0.205028286021,4.89884395578,1.57932681434,3.83706241909,39.30000000000029
860,1.39917660146,4.74744360534,-3.64502421686,1.06593795919,39.30000000000029
861,0.379262175295,5.66931331067,-1.79577758664,4.59412210162,39.30000000000029
862,0.738227925723,3.42316359545,0.830597026228,2.54777909618,39.30000000000029
863,0.113481942515,5.94918196065,13.1733846,3.54215136827,39.30000000000029
864,0.138500565609,1.69215294569,1.6403650714,1.422111366,39.30000000000029
865,0.25953466196,10.7468831554,-7.38421059086,-41.5423959263,39.30000000000029
866,0.110098065544,4.00555441998,-7.8520514479,22.3691315722,39.30000000000029
867,0.373468587953,5.76743599876,-2.33042618623,11.8815065506,39.30000000000029
868,0.794455643398,2.66467048186,-1.13594333436,4.43972593242,39.30000000000029
869,0.444205822919,3.88749413289,0.485904804061,5.19345785366,39.30000000000029
870,0.21125668817,-40.844911643,19.080740742,34.6861111804,39.30000000000029
871,0.480102658304,-0.605814476335,-2.1973777562,3.08209928684,39.30000000000029
872,0.230190198907,0.77348198842,-4.45549202248,7.20931136832,39.30000000000029
873,0.595048529469,-0.691102163152,-2.10972963084,-0.551323677771,39.30000000000029
874,0.361273238949,2.05861243027,0.258026171994,5.44534077084,39.30000000000029
875,0.128231129415,1.71784870287,20.1379363337,-4.6782030839,39.30000000000029
876,0.302032496633,8.59142304822,-2.30096804833,4.68535013459,39.30000000000029
877,0.722832148248,6.67587175832,-5.06521108321,2.72629432371,39.30000000000029
878,0.123442639177,3.23491623011,-2.22349941672,39.9006168314,39.30000000000029
879,0.589263039049,4.70402140637,-0.20090303571,3.56350576628,39.30000000000029
880,0.654977776331,3.05285416531,-0.303174023676,3.53540465986,39.30000000000029
881,0.78220348727,4.73296413161,1.21223748735,3.60755382373,39.30000000000029
882,0.945769721879,3.85474895443,-1.10144938264,2.43233467017,39.30000000000029
883,0.152496675559,5.35822520655,0.269007445869,5.48358597064,39.30000000000029
884,0.13220527919,-26.0907798729,6.13322358916,12.1161648361,39.30000000000029
885,1.62298236331,2.04042189411,0.405590715993,2.37642374488,39.30000000000029
886,0.684007114252,11.1251497836,9.55063554466,-3.10277741516,39.30000000000029
887,0.180764641747,1.58391647036,0.744845100315,4.37426757899,39.30000000000029
888,0.163276151764,1.08562967549,-5.43630728566,9.47340173137,39.30000000000029
889,0.48990452287,2.08709164732,0.888963989004,2.2393654619,39.30000000000029
890,0.173069673832,2.96367256879,0.936732033486,2.56571119814,39.30000000000029
891,0.275657676758,3.43113953239,-0.0738679803939,4.4805645964,39.30000000000029
892,0.121698324133,4.92100197209,54.38779536,-22.3347023967,39.30000000000029
893,0.410597710039,-8.00444458038,10.4390529079,-11.1410720586,39.30000000000029
894,0.363163762317,-7.42764657986,-4.44747347159,2.22012693373,39.30000000000029
895,0.629217057828,4.0754497393,1.78679283345,3.43548539895,39.30000000000029
896,1.30857423376,-0.907381581498,64.5830165604,25.0280201718,39.30000000000029
897,0.477351076104,4.20826514959,2.1072621299,3.55403196928,39.30000000000029
898,0.117708995441,-8.68053642018,-15.9976405776,28.709976212,39.30000000000029
899,1.03595319922,3.91937597627,0.978370947255,1.92590132369,39.30000000000029
900,0.416746025689,-0.625102733124,1.90119073929,5.69233136951,39.30000000000029
901,0.362679557184,1.76792918999,0.459854002351,3.05746705886,39.30000000000029
902,0.768736378115,4.8882431798,1.34033409005,2.88692445377,39.30000000000029
903,0.188894612892,-36.0924800889,6.31195828137,-29.9418408634,39.30000000000029
904,0.292615358522,0.91555940648,-25.5985658371,36.9097610004,39.30000000000029
905,0.508015858796,5.21583485803,-3.40870025817,3.99432998688,39.30000000000029
906,1.67910783867,2.60442582607,-0.472238567217,3.39909493192,39.30000000000029
907,0.198014291639,-28.9874533547,11.2318218696,19.0557545663,39.30000000000029
908,0.1098587127,21.4125494405,-1.17301911833,-3.24369713779,39.30000000000029
909,0.771397042297,3.77658632813,-3.22174933006,3.17855428963,39.30000000000029
910,0.327167744559,2.8650067642,-0.174390531509,2.32165021822,39.30000000000029
911,0.157692125319,-22.7721060899,7.72008303532,-8.97682797289,39.30000000000029
912,0.19785072098,3.70361374785,-0.741431874323,2.87464015204,39.30000000000029
913,0.220270810122,2.29908631202,-0.301782848393,3.41618690827,39.30000000000029
914,0.323933405116,5.24925415003,4.75988066944,-0.886714982621,39.30000000000029
915,0.198217425405,3.58256057665,-1.56254034062,6.36178792107,39.30000000000029
916,0.61548104655,2.63447471361,-2.92520764747,3.23368044121,39.30000000000029
917,1.76892371195,10.8962404991,4.27451083701,1.30067259932,39.30000000000029
918,1.51526574309,3.58364196576,-0.735658001987,3.40946682948,39.30000000000029
919,0.215803787905,5.06661122454,-1.67038230409,5.02131927478,39.30000000000029
920,0.214644647436,9.77882326236,40.5204544464,-22.6218980722,39.30000000000029
921,0.416477669364,-9.26468536845,-6.29525710033,-0.969504684756,39.30000000000029
922,0.130475415122,4.07427985396,-0.402118061517,1.10866291687,39.30000000000029
923,0.102191159521,1.67425607979,-2.54437149058,1.33867237837,39.30000000000029
924,0.107123132488,4.18235013766,-0.0560565578747,2.51986783631,39.30000000000029
925,0.2069280608,7.69667373856,-23.1779022474,-4.0146317012,39.30000000000029
926,0.252209027645,14.3454450444,-4.85095396481,-16.0282998713,39.30000000000029
927,0.170088704644,2.13941061491,3.54175419378,6.03359947319,39.30000000000029
928,0.296500752908,4.45989171734,0.292712317862,2.28766572747,39.30000000000029
929,0.377609621928,3.86645897167,0.320770639722,4.55369964928,39.30000000000029
930,0.415631307858,0.444328449158,1.40608999755,5.57610722168,39.30000000000029
931,0.419599215299,2.19597820299,-0.174016656028,3.6155060417,39.30000000000029
932,0.295662873778,-13.7126753413,-12.9104631103,8.96032653953,39.30000000000029
933,0.193222075392,5.23338145656,-35.6840567079,15.0785334983,39.30000000000029
934,0.112265535002,-0.187045131997,3.59784941767,-1.37587622514,39.30000000000029
935,0.495668630531,-3.22005998282,-2.1994707962,1.91929036651,39.30000000000029
936,0.127543622093,5.18312423197,-0.635061516679,2.42531649105,39.30000000000029
937,0.23318755162,6.77050601986,3.30944362963,3.14606329246,39.30000000000029
938,0.573799080773,3.90792647855,3.70307072848,2.77732306112,39.30000000000029
939,0.387281744844,0.826309414988,-0.0377575904851,0.20713498676,39.30000000000029
940,0.232496389926,6.26549520504,-19.3603791561,3.02562178616,39.30000000000029
941,0.237274381138,2.51391615602,-1.00312803014,2.67798846147,39.30000000000029
942,0.136755770567,-19.4161207177,-12.5476960676,8.17196468894,39.30000000000029
943,0.272256883623,-27.6703229936,9.09232545852,14.4859312826,39.30000000000029
944,2.78668024362,-9.95611753421,25.3059305293,-14.6609624368,39.30000000000029
945,0.116125137403,-2.23870379509,-2.19226009842,0.707809179186,39.30000000000029
946,0.286743661913,3.47846393166,-0.22499499508,3.3845535678,39.30000000000029
947,0.439250979583,9.9351673786,3.04202073824,-3.7835412125,39.30000000000029
948,0.159685548427,2.05254863262,-2.0694708843,1.55480908456,39.30000000000029
949,0.360419240943,5.64085528655,-0.69531937374,3.30789380369,39.30000000000029
950,0.750603236441,1.06333179052,1.55766833196,3.64097581734,39.30000000000029
951,0.136309378265,2.96384267662,0.23139608363,3.62182400534,39.30000000000029
952,0.149852336566,3.76244364803,-0.32407111629,3.8126098098,39.30000000000029
953,0.633963952736,3.30905377722,-0.112416450954,-2.7291436095,39.30000000000029
954,0.180004243216,3.04832661099,-0.830599932859,4.0341358479,39.30000000000029
955,0.101420994297,3.07416858044,-3.07117956382,5.18008457457,39.30000000000029
956,0.169301968073,-16.2638761424,-38.0166356013,4.69465575802,39.30000000000029
957,0.422637120242,3.1790734,-2.13126696197,5.10023021617,39.30000000000029
958,1.18509328352,-3.39993386856,-35.7039908604,8.42005666575,39.30000000000029
959,0.572617063363,2.19095096525,-0.586634319587,4.40300061808,39.30000000000029
960,0.489142195789,2.25296007293,1.38108575222,4.20645620107,39.30000000000029
961,1.25892619228,1.27062790828,-1.33088323158,1.36066972686,39.30000000000029
962,0.286037670347,2.54907844434,0.480021830907,4.12202795846,39.30000000000029
963,0.254044058942,1.33403240404,-4.12686483579,5.64380464048,39.30000000000029
964,0.151660411101,38.5454648762,-8.35437852199,11.3943111015,39.30000000000029
965,0.569990433072,13.8696457075,-19.8673562295,4.30295662711,39.30000000000029
966,0.341382332447,2.34293375555,3.23194710743,5.13822497167,39.30000000000029
967,1.77544100182,4.24665271208,2.07173239667,-2.33971742339,39.30000000000029
968,1.65778847913,15.5394050534,-18.3540332945,18.697653676,39.30000000000029
969,0.118793787771,5.33900759386,-2.69802353447,3.49179078734,39.30000000000029
970,2.65207267187,6.86551829879,-1.24821467955,3.14114787417,39.30000000000029
971,1.4447190601,-7.85248325615,10.8784534638,11.1496140511,39.30000000000029
972,0.331140412989,3.05963409821,-0.605009828589,1.90482630245,39.30000000000029
973,0.335734281018,0.318287412878,-0.321571941129,1.62776255876,39.30000000000029
974,0.500293159216,-2.10460695648,-1.2368640715,12.5014381965,39.30000000000029
975,0.430193016143,4.14632977341,2.4795552576,3.76411750005,39.30000000000029
976,0.57405390214,-31.619600508,4.79557818371,-32.2986237592,39.30000000000029
977,0.176783494113,2.22509760581,-5.66981243027,2.38362889275,39.30000000000029
978,0.607958515357,32.0741935188,4.19391787328,24.616297097,39.30000000000029
979,0.256444588293,0.689352429259,-4.28663887343,4.5371298222,39.30000000000029
980,0.846308879288,3.63896526077,0.774238232597,4.37808456973,39.30000000000029
981,0.616257343772,1.96385939788,4.299222319,1.07631170226,39.30000000000029
982,0.408603055109,3.5731650958,-0.434527839538,4.0022186212,39.30000000000029
983,0.283766192417,4.13648495757,-0.611901303509,1.02724950002,39.30000000000029
984,0.167140992763,6.95748579813,0.514704584287,8.30421247234,39.30000000000029
985,0.14534405787,2.99551302783,-0.851698316035,6.59238448849,39.30000000000029
986,0.16662905918,0.375688084304,2.0393960119,1.38753061504,39.30000000000029
987,0.427195047782,2.80226432541,-0.213567855368,3.18551836797,39.30000000000029
988,0.14226824343,3.16530249931,-2.64646806447,4.10439853796,39.30000000000029
989,1.1408664309,2.81606368518,-1.70365323427,0.945011358732,39.30000000000029
990,0.101136249542,3.15130450219,-2.29220920634,4.10970188718,39.30000000000029
991,0.424930598764,9.88749374307,3.8721640318,-9.50945929057,39.30000000000029
992,0.208606943702,2.22738317157,-0.510395879042,1.29755416397,39.30000000000029
993,0.205021649004,2.81730659236,-0.243708380125,4.7126668995,39.30000000000029
994,0.279126384865,0.460847265729,2.04905706161,-1.49148266943,39.30000000000029
995,0.363218322286,-19.5139914839,16.6038879365,41.0368004248,39.30000000000029
996,0.499486159043,1.5541582255,-1.3521943847,5.167634013,39.30000000000029
997,0.186563653308,3.9257470769,12.3119202403,3.51800681338,39.30000000000029
998,0.289899668255,3.17164314511,0.695368432063,1.82135459023,39.30000000000029
999,0.490733913429,2.75193396738,4.44853224114,4.70975152784,39.30000000000029
