Star_ID,Mass (MSun),X (pc),Y (pc),Z (pc),Simulation Time (Myr)
0,0.396344301263,0.666903212022,6.19489329878,-4.7300175304,19.300000000000004
1,0.3117405728,-0.66284319189,2.12104588526,-1.8519222135,19.300000000000004
2,0.17459471687,-0.23506484745,4.47392679162,2.92334556957,19.300000000000004
3,1.28627650352,2.70945139767,2.16329646444,-3.89347456124,19.300000000000004
4,7.36064557256,-2.25377637178,0.644116382983,-15.4698745832,19.300000000000004
5,0.36030800552,-0.546964852505,3.24307034252,-1.46933011832,19.300000000000004
6,0.379290787529,2.88059878621,0.183316384147,5.03177011081,19.300000000000004
7,0.366423091808,1.19816435983,-1.8043756703,-1.49750833347,19.300000000000004
8,0.207429687396,-0.897917845197,4.66672879996,-1.89890936871,19.300000000000004
9,0.86823385835,-2.59277271645,18.0786209349,5.84791028914,19.300000000000004
10,0.274075243518,-3.31225651274,10.0512760259,5.7039557292,19.300000000000004
11,0.451038295488,-2.49595903026,9.73026210971,0.622821532346,19.300000000000004
12,0.277887845398,-0.214903106454,4.60147693383,-1.17289692119,19.300000000000004
13,0.245943131566,-10.4937301688,-5.92217448607,-3.43623261248,19.300000000000004
14,1.12166973714,-0.478686266104,3.87678946998,-0.33015752441,19.300000000000004
15,0.521091349867,-0.79946338838,5.58330014192,-0.225121407068,19.300000000000004
16,0.762093365264,-0.697903606111,3.09822621526,-1.30113049591,19.300000000000004
17,0.31988998167,0.51996220408,2.1461000322,-1.9000653086,19.300000000000004
18,0.116502149326,-1.11007023439,5.96973341039,-1.31202455532,19.300000000000004
19,0.167818796443,0.986161955717,4.26811893481,-1.81749220376,19.300000000000004
20,0.16956505587,6.54293696272,10.4399117088,9.33544239793,19.300000000000004
21,0.13610429301,-0.669918310832,6.89776865858,2.11799736371,19.300000000000004
22,0.143284022045,0.878458766666,3.29740817848,0.856662850576,19.300000000000004
23,0.200208316338,-1.84927682513,4.52937490012,-4.30681460485,19.300000000000004
24,0.127374229699,-2.46370983113,4.64341254236,-1.09691104174,19.300000000000004
25,0.103543097793,5.90657447235,2.75596429689,4.28023172348,19.300000000000004
26,0.101400242721,-2.26942496897,-7.60447802385,-2.46088540406,19.300000000000004
27,0.15212470667,-5.85399432747,0.654199812002,-4.75812633417,19.300000000000004
28,0.355242000014,-1.6632993525,0.439027760249,-17.924737659,19.300000000000004
29,0.109297783142,12.3616853837,11.6547203213,4.07997742906,19.300000000000004
30,0.178732935981,-0.190969875867,3.32852475299,-1.22234984188,19.300000000000004
31,0.157474977408,0.962728089775,1.07682431675,0.432235172886,19.300000000000004
32,0.109932020903,3.81373068325,13.2873998353,-2.23963027775,19.300000000000004
33,0.297686353639,0.939951648101,-7.27509695744,10.5135019275,19.300000000000004
34,1.08222441479,-5.5945327393,11.2754594343,24.3642215985,19.300000000000004
35,1.04045070284,1.89822557909,3.57414162005,-0.951745747951,19.300000000000004
36,1.97260524211,-3.49402225678,2.23849899904,0.370470956241,19.300000000000004
37,1.95935337631,-0.790096629513,3.85755311548,0.167781834709,19.300000000000004
38,0.174955626514,-0.0886271757605,-2.17526463591,-1.26901891245,19.300000000000004
39,0.424017180968,-1.99119723971,8.82645529193,-9.02265183414,19.300000000000004
40,0.128715035071,0.934892196598,2.88703105062,-0.374507716977,19.300000000000004
41,16.6381507674,0.173982915319,4.3049765948,-1.12055241848,19.300000000000004
42,0.469211009579,2.94838618781,7.14293445591,5.54853968517,19.300000000000004
43,0.381119849503,0.579226190062,6.74785600141,0.830111145578,19.300000000000004
44,0.135953195698,0.43849914932,5.42286456792,0.0357501610145,19.300000000000004
45,0.256226001201,1.56251186948,3.938220526,-3.63797019126,19.300000000000004
46,0.575357148632,-1.54370975187,-0.82554124374,-15.193038759,19.300000000000004
47,0.100023685512,6.12396873004,2.11165815658,-11.0145399586,19.300000000000004
48,1.00443861879,9.70945638961,15.5279407692,12.3876135745,19.300000000000004
49,0.167863492571,0.368914084547,-0.259158683674,-5.63653838689,19.300000000000004
50,0.149076842782,0.111290651946,4.28722740807,-3.86018149184,19.300000000000004
51,0.299905987616,1.04423592441,-1.03116731888,2.18870075417,19.300000000000004
52,0.315998954751,0.0309598477468,0.259884702511,0.29973465892,19.300000000000004
53,0.273064773995,-0.632161747674,3.94659695551,-0.431770012227,19.300000000000004
54,0.147874344878,4.76147956147,2.13913835726,0.682305924659,19.300000000000004
55,0.358881547163,2.96345682097,3.85751613919,-2.51126353535,19.300000000000004
56,0.535226621721,0.104132187584,4.21225649833,-1.96317858684,19.300000000000004
57,2.129556699,0.215487384293,4.52654935982,-4.30174469441,19.300000000000004
58,0.187799813185,1.22696763697,3.33578404181,-4.15490659215,19.300000000000004
59,0.418312467952,-0.319009825194,4.74314824712,-0.975992685838,19.300000000000004
60,0.26747443736,1.3505812466,2.11575865501,-1.49939284831,19.300000000000004
61,0.118657155039,-8.9260535443,-4.75809765854,13.0851268183,19.300000000000004
62,0.37551484679,0.915080326083,-2.17706027061,-1.76114947203,19.300000000000004
63,0.149658755336,0.707809045307,3.33726247981,-2.47037046532,19.300000000000004
64,0.588343369111,-1.07950648374,4.78833741298,-3.30893789353,19.300000000000004
65,0.255935031404,-2.66395389039,-10.8878476335,-3.36798919448,19.300000000000004
66,0.114966476773,-0.62532946217,4.77856067747,-0.722890521291,19.300000000000004
67,0.209089849063,-0.749149807813,2.93989799198,0.0734739323311,19.300000000000004
68,0.381160157303,2.23305798701,5.70378827262,1.14545927591,19.300000000000004
69,0.103704387076,-2.09611835413,3.1692397858,0.442755020707,19.300000000000004
70,0.158423627487,1.87345412502,0.783864604372,0.0382360449424,19.300000000000004
71,0.158745876695,-1.29202879887,4.09199522252,-1.75950114371,19.300000000000004
72,0.168131729139,1.7956876607,0.954731558861,-2.40839662653,19.300000000000004
73,0.15353083053,-4.39243912376,-0.192243954279,7.81910345351,19.300000000000004
74,0.162373790037,-1.76063164459,-3.56243446076,-3.47199113591,19.300000000000004
75,0.265880628682,1.04985685297,4.14138385861,-2.14100558414,19.300000000000004
76,0.635655064496,3.89913155121,-2.29453564306,2.41419642462,19.300000000000004
77,0.719520134543,-11.9764120048,9.85893334042,-5.25959184065,19.300000000000004
78,0.208095862288,-1.84206619598,4.22241912835,-1.71884499851,19.300000000000004
79,0.219331316947,-2.05824007078,3.02558614475,-1.3957680188,19.300000000000004
80,0.244677081497,0.209521227923,1.18942449892,0.754023067232,19.300000000000004
81,0.112069428753,0.250153571778,2.95367373066,1.75297329212,19.300000000000004
82,0.347188353609,1.2446212567,-0.0920643965901,-1.26104720836,19.300000000000004
83,0.209253599501,-1.71854035246,-14.7203684504,2.48957647935,19.300000000000004
84,0.282779382233,-24.2244842977,5.57670008059,-1.33699970018,19.300000000000004
85,0.794342808215,-1.61737863364,5.06984384022,-0.195807624553,19.300000000000004
86,0.179714529834,1.2932435937,2.53269813548,-1.90822468252,19.300000000000004
87,0.116478010634,0.392072718708,1.45362472133,-0.314780695189,19.300000000000004
88,0.429351603363,-10.4049665371,16.5967562941,3.81284699328,19.300000000000004
89,0.124376020159,-0.245941016775,0.139878734849,-1.62132139426,19.300000000000004
90,0.396150353359,1.56984022604,-0.555335795528,-1.61589508685,19.300000000000004
91,0.121281879905,0.194962900755,4.87629207129,1.63272250026,19.300000000000004
92,0.102874878468,1.18294171372,3.64174274538,1.09455254601,19.300000000000004
93,0.586356035906,0.191529606704,4.14737320231,1.0702001168,19.300000000000004
94,0.223473166371,1.27439011923,1.19836368332,-2.61940290271,19.300000000000004
95,0.663122412377,-7.29654459162,-0.137333171979,-4.15383531665,19.300000000000004
96,1.96881041677,2.99928118333,0.541660656627,4.62028677236,19.300000000000004
97,0.119672736307,-4.86808247558,11.2652819898,1.16290007663,19.300000000000004
98,0.105605875517,0.135594111525,5.54601000776,0.745277755162,19.300000000000004
99,0.136662614938,0.531490543175,4.91610085513,-0.796454456188,19.300000000000004
100,0.220993901345,10.6592535079,-4.4166578267,-11.2943479815,19.300000000000004
101,0.152961976159,-10.1635531998,-12.2784918624,-1.55470254163,19.300000000000004
102,0.236856575073,0.561697302323,3.6953248442,-4.24626456488,19.300000000000004
103,1.43475536867,-4.06825159507,3.49115303915,0.895787202354,19.300000000000004
104,0.110174905266,0.344508198861,8.49062382999,11.8925018367,19.300000000000004
105,0.114044722649,-0.531714652191,4.92063108208,0.66183835611,19.300000000000004
106,0.101881694316,1.41226962567,1.38430633893,-1.3691037739,19.300000000000004
107,0.620900146541,-3.50697670744,2.58644919187,1.02182815585,19.300000000000004
108,0.381057583005,3.70679058435,5.16480380717,-6.46765612348,19.300000000000004
109,0.205499556983,1.79770780538,3.00385967959,-1.03795141726,19.300000000000004
110,0.102660906968,0.298949635317,3.83458243071,-3.05036616388,19.300000000000004
111,0.587067234205,-0.46199245248,5.52431065581,-0.610996657441,19.300000000000004
112,0.294145541286,0.839216406863,1.13771283648,-1.52792424506,19.300000000000004
113,0.157802630441,1.92750904192,3.36960297312,-5.72675076628,19.300000000000004
114,0.113337354286,-5.33138950749,1.48702458938,2.07638355263,19.300000000000004
115,0.184880100768,0.422140507268,-1.60120942919,-5.29044246902,19.300000000000004
116,0.408185151212,-1.5063191691,3.66613785994,0.301365184702,19.300000000000004
117,0.119556008415,-1.50709526994,5.39235460032,-1.70710728236,19.300000000000004
118,0.204946308524,5.8309333301,2.99730670977,0.935441200861,19.300000000000004
119,0.39021086948,-0.135476333092,2.82404364657,-0.469217414716,19.300000000000004
120,0.440412809808,-0.780463813201,3.75925958602,-0.517899121971,19.300000000000004
121,0.233292182399,-15.5267351306,-8.02254431099,3.99802562668,19.300000000000004
122,0.103070724582,6.95158608413,-2.81341618274,-5.39323197692,19.300000000000004
123,0.446617832653,-9.04469754772,1.56803781601,6.10861733804,19.300000000000004
124,0.274855086764,3.59220956573,7.30672524248,-1.87177636751,19.300000000000004
125,0.118121447403,-0.60438273891,3.8981888857,-1.2070528342,19.300000000000004
126,0.418411956042,1.06279376875,4.47165309116,-1.5194530391,19.300000000000004
127,1.71745627356,1.17738367088,3.19223694545,-1.52142147545,19.300000000000004
128,0.288128911154,4.07329122084,6.58619058155,0.573350683,19.300000000000004
129,0.235292815672,4.3575843141,-4.55422437822,12.7891257941,19.300000000000004
130,1.04481678052,-0.155140097567,1.50604276244,-0.788159967132,19.300000000000004
131,0.314379950725,-0.562656354647,3.83444820157,-0.542412552314,19.300000000000004
132,0.524461589974,-0.0909199438348,2.69473312753,0.233991864656,19.300000000000004
133,0.6045657594,1.93803954569,2.18796601423,-3.06082382614,19.300000000000004
134,0.559334207559,-0.280255452853,3.12722710951,-0.45087525534,19.300000000000004
135,0.654599513045,2.97113645956,8.50312070955,-6.56782175004,19.300000000000004
136,0.182775375422,3.69933575219,4.52435654748,-6.93109971522,19.300000000000004
137,0.309634108473,-3.69794979148,6.09129782518,-1.24801970559,19.300000000000004
138,0.131147315912,2.88136892168,3.67418318135,1.48490715632,19.300000000000004
139,0.188150093909,-10.2963229254,-11.050073577,3.75279591067,19.300000000000004
140,0.116315938603,11.4196016119,16.412155407,-0.42431638532,19.300000000000004
141,0.532061388458,-0.0324220548726,6.451329919,-1.16257288542,19.300000000000004
142,3.50225836112,-0.268499697976,3.91237511676,-0.911952953715,19.300000000000004
143,0.7437921755,-4.97319413053,7.51269902145,1.39979183174,19.300000000000004
144,0.149058063179,-0.533549964799,3.73994757734,-3.24150056245,19.300000000000004
145,0.605821677722,1.00277681905,1.79145707848,-1.48022204554,19.300000000000004
146,0.850741933486,3.19888957553,1.11705199285,11.2363556728,19.300000000000004
147,0.292310499679,1.6231581048,2.63173027679,-1.69224556829,19.300000000000004
148,0.255937464249,-0.91484071373,3.64721996368,1.56845655339,19.300000000000004
149,0.298507520144,-1.30079198331,3.83439791988,-2.46181177417,19.300000000000004
150,0.231493847041,2.47380025747,4.26145426378,-4.23504568668,19.300000000000004
151,0.124276319546,4.1035001152,0.80660518047,0.858937171515,19.300000000000004
152,0.339676170521,4.83208949738,3.2314807023,-2.08071336882,19.300000000000004
153,0.349852458361,-3.21205947673,4.46606181821,-1.36845901182,19.300000000000004
154,0.516293725287,-1.94501597377,3.18518040569,-0.177694220133,19.300000000000004
155,0.162025636217,1.08272343299,3.9456114364,0.346765046179,19.300000000000004
156,0.190624171618,0.815680235371,7.74346615508,-3.72871472768,19.300000000000004
157,3.58420936187,0.601834025158,3.71851358558,-0.984392903901,19.300000000000004
158,0.789874643566,-1.10137304526,1.60970987442,5.92701706518,19.300000000000004
159,0.105234864204,-0.118754185545,1.27154012714,1.60470967135,19.300000000000004
160,0.386346760232,0.0848772862539,2.78086104933,-1.40645232444,19.300000000000004
161,0.106794309221,0.685718149646,5.54179336866,0.648391637251,19.300000000000004
162,0.122574285684,-0.898597890816,4.24638697598,6.43279136283,19.300000000000004
163,0.208659567096,-1.01481680455,2.43687155635,-3.95645268633,19.300000000000004
164,0.12176885366,-0.292410905755,5.15457808644,2.46168483658,19.300000000000004
165,1.00763696679,2.9804386695,-7.20621438639,2.80592279537,19.300000000000004
166,0.122919577503,0.00957792332954,2.85177907698,-1.07918980558,19.300000000000004
167,0.426319112781,0.676348416092,2.85482505708,-0.766244850522,19.300000000000004
168,0.148134677528,11.2107504245,-2.34350195155,-2.56835787541,19.300000000000004
169,0.141615838637,-2.25427483012,2.62621789946,-0.33235049269,19.300000000000004
170,0.45296512585,1.26369360474,2.93574838036,-1.84111078691,19.300000000000004
171,0.143720317816,0.398127698249,5.44656310302,0.688214228716,19.300000000000004
172,0.662365036985,4.75313116763,2.12096678087,2.32846033385,19.300000000000004
173,0.104386678023,1.22225783629,2.05376394233,-3.12522226329,19.300000000000004
174,0.438889040231,1.37128128512,3.94651930413,-0.464894677769,19.300000000000004
175,0.105547544269,6.21392912277,-3.49660338257,-0.285898312666,19.300000000000004
176,0.173250058188,1.47592329389,-1.63039143105,-1.79279580364,19.300000000000004
177,0.144390311607,5.12903908955,-1.1607052256,-4.39498280088,19.300000000000004
178,0.269585760297,10.2210621194,-8.81177572421,0.029725350693,19.300000000000004
179,0.662937748467,-1.09374512912,4.19120552605,-9.24629151335,19.300000000000004
180,0.470953245736,-2.86094000014,4.1143898173,-4.73089491355,19.300000000000004
181,1.05484737012,-0.101975303508,4.4094040725,-1.13639712172,19.300000000000004
182,0.103594519269,2.04041740238,5.44949432505,-3.99460203642,19.300000000000004
183,0.396206722002,-3.66882083914,2.27748630267,-4.97365097727,19.300000000000004
184,0.335275035686,6.78739395967,-2.17067042886,-12.0665249977,19.300000000000004
185,0.121456327868,0.621283398913,3.66974065551,0.454299654309,19.300000000000004
186,0.484692767349,4.1930535555,2.6711861485,-8.56251553024,19.300000000000004
187,0.134539450701,0.193434428864,7.71138926694,-1.02921424155,19.300000000000004
188,0.170587999707,-1.24752268428,5.11993486363,-2.07865733882,19.300000000000004
189,0.506091020343,0.202576144447,0.777029331511,1.44109273268,19.300000000000004
190,0.118093022407,-0.726758558667,-7.94010899956,-3.20929259469,19.300000000000004
191,0.403245388359,-0.00564833012576,5.48858940633,0.888350502631,19.300000000000004
192,1.0229663452,-1.48947310814,10.5283095273,-5.94550984962,19.300000000000004
193,0.862612669198,5.47594957518,7.55303922053,5.25077143411,19.300000000000004
194,0.225696214835,0.609304827096,4.57333839534,-0.330989055815,19.300000000000004
195,0.120869170697,0.31499642548,4.18562120174,-2.91089670276,19.300000000000004
196,0.310963903283,-0.963686792687,7.33746069997,3.00981929162,19.300000000000004
197,0.939701427466,1.92418514544,8.93126653848,-2.87916973594,19.300000000000004
198,0.246159666216,0.0297566843371,2.35680601156,-2.0109152005,19.300000000000004
199,0.534508456378,-1.17848828399,2.62384276562,0.512293585058,19.300000000000004
200,0.34639750521,0.632899633749,4.19260821029,-0.110369393589,19.300000000000004
201,0.101725792942,-4.77574336206,-2.8503116427,-25.0509755594,19.300000000000004
202,0.681943287477,7.20104788807,-0.268858765905,-4.18808426531,19.300000000000004
203,0.477536237874,1.88471128742,6.98891256199,-2.46507107274,19.300000000000004
204,3.03409213391,-0.984208597032,3.3619155892,-1.30606393068,19.300000000000004
205,0.12408604159,1.1684790044,7.71530307953,-13.7708503819,19.300000000000004
206,0.239035552451,-1.00556824804,1.27928049545,-8.00025591748,19.300000000000004
207,0.1389326866,7.66176785101,9.07342902112,-10.9914008093,19.300000000000004
208,1.98288068191,1.42808114551,2.14896782723,-3.00112252756,19.300000000000004
209,0.123073242496,1.31673839429,3.50444358287,-1.00151358441,19.300000000000004
210,0.157488745413,-0.685252569516,0.388300001447,-1.35796510766,19.300000000000004
211,0.172712037341,9.06541166624,7.11200459975,6.57690896219,19.300000000000004
212,0.177020706157,-1.11383418226,1.02036191554,-1.4876579158,19.300000000000004
213,0.165489945246,9.88603769833,-2.60305779558,-10.5638646114,19.300000000000004
214,0.113587630021,-3.46498106523,-4.42351559282,3.36618537258,19.300000000000004
215,0.101204347737,-0.374478920956,6.88255372604,-1.33976712154,19.300000000000004
216,0.172953266653,2.01162709192,-0.475175425873,-2.75621971983,19.300000000000004
217,1.2614887155,0.646801579318,1.59852531211,-0.294715823713,19.300000000000004
218,9.19539322882,0.0405874122737,3.5630943305,-1.5190384643,19.300000000000004
219,0.308094498213,0.689073314918,3.95733035876,-0.688468333979,19.300000000000004
220,0.440774531013,-11.921795643,-2.59268771995,-0.68851776426,19.300000000000004
221,0.238116319588,-0.291585394536,6.96050242106,-0.533790786687,19.300000000000004
222,0.137881727079,-3.55298506072,5.37538576612,1.44947275516,19.300000000000004
223,0.886336772069,-1.97240908408,1.50838033543,-17.0567495485,19.300000000000004
224,0.178981583262,-8.66031090353,5.54987066149,4.50769093447,19.300000000000004
225,0.285614485012,-2.28619471379,2.34694780366,-0.454247348985,19.300000000000004
226,3.7393289359,-6.43524373587,-3.47844408064,1.97219070932,19.300000000000004
227,0.799978873873,-0.700182022127,4.15816460068,-1.4885120056,19.300000000000004
228,0.409121595182,-0.730111630584,2.39264707317,-0.833600337415,19.300000000000004
229,0.300230880689,1.72758573382,2.23956125932,-1.42210898968,19.300000000000004
230,1.33210846637,3.84600705312,0.448073394663,-18.3642999995,19.300000000000004
231,0.311751714659,0.256316570558,2.49918933461,1.16592266749,19.300000000000004
232,0.240777450574,-11.6249963644,16.56494515,-2.47700132902,19.300000000000004
233,0.223745557454,0.797932883047,2.52419835885,-0.878975136589,19.300000000000004
234,1.37085614785,-7.9415545406,15.3712530176,-5.24052342571,19.300000000000004
235,0.503317841055,-1.22063157952,5.41198897542,0.3189157165,19.300000000000004
236,0.302579202867,0.60941048128,5.02755986578,-0.870490991307,19.300000000000004
237,0.102568068269,4.27660587048,-1.523625817,-4.34256556318,19.300000000000004
238,0.230579453567,-0.915793306837,2.63284820767,0.944316656038,19.300000000000004
239,0.276071815416,0.851836718352,4.85617652604,-1.26981301877,19.300000000000004
240,0.165998016948,-0.625668088392,1.05499065869,-0.169491591223,19.300000000000004
241,0.448726657298,9.2375839796,4.63163662814,3.0474645583,19.300000000000004
242,0.955796470101,-2.78734357896,5.68051632926,-1.14698296531,19.300000000000004
243,0.219589937965,0.608839393593,4.77769772957,-0.787018034852,19.300000000000004
244,0.420556910993,-0.600919296717,4.67838990416,-3.08273895272,19.300000000000004
245,0.188838671231,0.142348687354,4.42673574959,-0.674337791614,19.300000000000004
246,1.72277800506,-1.16805260576,3.47594389064,-0.257179818865,19.300000000000004
247,0.64175931837,-0.664036049435,1.82118117397,-0.274841510406,19.300000000000004
248,0.501438471589,-1.76442849883,2.72118063957,-4.09803376024,19.300000000000004
249,0.781533039262,1.924790181,4.20086344732,0.188070205503,19.300000000000004
250,2.80518388449,-0.0881838670719,5.51320119419,-1.6381432347,19.300000000000004
251,0.464620319577,2.25413166318,3.54444462267,-2.14394081681,19.300000000000004
252,0.370869765126,-7.86798220213,-3.58499325603,-0.400917418586,19.300000000000004
253,0.381441783387,13.5254931337,9.84509035092,-3.33272789087,19.300000000000004
254,0.14947222661,1.83000284459,2.36085149654,1.22167625904,19.300000000000004
255,0.143297168688,-0.591098177156,3.53244843885,0.987863978239,19.300000000000004
256,0.211463135922,-1.28412712407,5.00146333695,2.45348156858,19.300000000000004
257,0.14565015599,-1.026069701,3.40473532986,-2.72528545262,19.300000000000004
258,0.475446366112,-15.3099081597,7.47768677901,0.584650060582,19.300000000000004
259,0.145138771304,1.81314631683,2.66263971533,-1.68403556847,19.300000000000004
260,0.18507184997,0.965323050984,3.64804021594,-1.31906248327,19.300000000000004
261,0.296139542497,-2.61173152183,4.0266626466,-3.051491192,19.300000000000004
262,0.509962158768,-3.21441173628,3.22918154806,-0.0899495488762,19.300000000000004
263,0.268093225799,-2.75391542318,4.49745381069,-0.661534453229,19.300000000000004
264,0.307024691851,1.45415617558,2.87942675748,-5.30206734219,19.300000000000004
265,0.412797143877,0.00378085195794,5.39623174071,-1.75689644168,19.300000000000004
266,0.641853859942,2.6306668195,6.93634355223,-4.63573245717,19.300000000000004
267,0.206566866303,10.7793476149,6.28130990661,-9.98320597244,19.300000000000004
268,0.11600977213,1.28628977128,4.05525522642,-1.52665673458,19.300000000000004
269,4.07517584201,1.61637895723,4.047664095,-0.498133477343,19.300000000000004
270,1.77589774456,11.847473166,8.99507200467,-11.4081536533,19.300000000000004
271,0.320654010834,-7.29456869254,4.2064886388,-6.2235572929,19.300000000000004
272,0.111414815648,-6.36974066546,-0.506713421584,-0.724475516693,19.300000000000004
273,0.356759075528,0.0700260719772,2.76145546412,-0.159336854673,19.300000000000004
274,0.131221384176,2.39927497795,3.41247366961,-2.42367185772,19.300000000000004
275,0.275966280613,-0.418236914072,6.1318729845,-3.22200410281,19.300000000000004
276,0.525394288373,2.95034494593,6.52019482133,1.44274937236,19.300000000000004
277,0.292626506559,6.04983955937,4.97549899155,0.988755315372,19.300000000000004
278,0.198016184235,-0.415042126452,10.368951058,2.14192752462,19.300000000000004
279,0.332781593629,1.81873007239,1.35487108412,-1.48971497944,19.300000000000004
280,0.263889429431,1.18724064905,4.15855382177,-0.0475554643814,19.300000000000004
281,0.113222812999,1.52362566615,4.85890135379,0.155816068144,19.300000000000004
282,1.04949124303,-0.156152686647,2.94215997766,-1.00982829084,19.300000000000004
283,0.759891564467,0.812139712365,5.8952461624,-3.20956250337,19.300000000000004
284,0.123591883014,-0.261126105192,4.50599171044,-2.03837968663,19.300000000000004
285,0.684513278807,3.72632331383,7.57107349401,-1.77488379072,19.300000000000004
286,0.119208591503,1.2127730843,2.95910831036,2.59954684396,19.300000000000004
287,0.275155181143,19.2205733393,2.03480510468,-7.46444760637,19.300000000000004
288,2.32379590985,0.853405431394,3.76787466128,0.0146541895683,19.300000000000004
289,0.281561944035,5.00654456733,-8.89812769124,-4.75698251593,19.300000000000004
290,0.563735339871,1.14578234131,2.15138424424,0.903426532385,19.300000000000004
291,0.136717086783,-3.21547284065,-30.1934469383,-1.23987658083,19.300000000000004
292,0.417595071652,3.98824862074,3.23798481615,-3.58287690826,19.300000000000004
293,0.318643145737,-0.820594845964,2.89539362326,0.552992636625,19.300000000000004
294,0.220880459389,0.595183704696,1.49040054817,-0.41610082838,19.300000000000004
295,0.15513302158,0.458092833849,2.56313163335,-0.376214520957,19.300000000000004
296,2.01779618328,0.857352181479,4.24145971761,0.461920690383,19.300000000000004
297,0.168440376114,1.18595129881,3.59096182223,0.505823614159,19.300000000000004
298,1.11554103571,-0.910886872464,4.33930404593,0.156379224201,19.300000000000004
299,0.206066934664,2.26776223772,2.50684486626,-1.31332739938,19.300000000000004
300,0.725082922292,10.0116252295,-1.99796684762,-6.74379800287,19.300000000000004
301,0.31552143883,-9.18105815367,1.49391405787,1.97685987363,19.300000000000004
302,0.149647429002,5.29916477915,-11.4012734702,4.83261431488,19.300000000000004
303,0.103774673226,0.0621205124087,2.95597106398,0.215879118186,19.300000000000004
304,0.180940784381,1.03128759178,4.08041747675,-1.16115928345,19.300000000000004
305,0.297221760173,-0.456388234088,3.99132971614,-4.4331622384,19.300000000000004
306,0.447003981193,0.290012067098,3.67266095008,-1.66793634088,19.300000000000004
307,0.17197483016,-0.0878728733299,3.97607271207,-0.941158058347,19.300000000000004
308,0.132356852078,0.863795107573,6.2464065503,-1.44129534937,19.300000000000004
309,0.100912088762,2.5213423755,1.02203421058,-2.2714320092,19.300000000000004
310,0.283522156291,8.06365382538,-8.573713556,-3.20483975872,19.300000000000004
311,0.728678273885,-2.27475012879,-16.758497432,18.520961023,19.300000000000004
312,0.114172934894,0.358716337203,8.50186539614,4.04776949187,19.300000000000004
313,0.324574892791,2.68485927722,2.65878633226,0.0940645809051,19.300000000000004
314,0.264640693047,0.157988787084,2.07475902683,-1.10283905024,19.300000000000004
315,0.148107149885,-3.09719938536,5.80342420659,-5.45164808025,19.300000000000004
316,0.243122620474,-1.01692577028,13.8963718298,-4.59158564356,19.300000000000004
317,0.100820583492,8.95327782444,5.80579394002,0.713841613702,19.300000000000004
318,0.127550924939,-0.754387340759,8.47643791304,-3.03437150603,19.300000000000004
319,0.141057132198,-3.98578077371,5.77830655213,-7.07031000423,19.300000000000004
320,0.14455269469,-12.3136987606,4.29253497446,6.05890982151,19.300000000000004
321,0.139234685572,1.93630269982,3.26670124056,-2.1822130705,19.300000000000004
322,0.603813906588,-3.19853075312,1.3385277729,-4.37927543926,19.300000000000004
323,0.195841721985,4.27599216062,3.70453159062,3.44355016917,19.300000000000004
324,0.10599059719,-0.689416007309,5.01529853025,2.77127377958,19.300000000000004
325,0.368582828723,-0.92497907637,2.93279981108,-0.876286327258,19.300000000000004
326,0.334462341434,1.49153753318,2.15570456487,-1.25346370247,19.300000000000004
327,0.45092943398,-19.8351643549,-2.27661518804,-9.4035954292,19.300000000000004
328,0.108034254619,-0.854891311412,3.84484136981,-5.72801891173,19.300000000000004
329,0.209559876809,-0.552001848652,3.03891352795,2.78401509253,19.300000000000004
330,2.14585036312,-4.35107030448,7.6744791278,-3.71868189671,19.300000000000004
331,0.331655886215,5.31577672424,14.04637201,14.9966947507,19.300000000000004
332,0.287930036026,0.00133228814713,5.636404541,-1.76293977368,19.300000000000004
333,0.148337249882,2.83130126296,9.22155640115,8.24088840583,19.300000000000004
334,0.150636381738,-0.285059140064,-0.909334227059,-3.12440952333,19.300000000000004
335,0.166696118589,-2.13283895855,3.75974843542,0.459201277813,19.300000000000004
336,0.380705458451,-1.28815670151,2.96621334891,-4.25108376086,19.300000000000004
337,0.193860982771,-1.25429560695,5.3723060185,-1.21230917936,19.300000000000004
338,0.304093066137,0.771530735185,2.75997871174,-2.36279042222,19.300000000000004
339,0.294449571434,0.964273138915,2.29917504137,1.45271548318,19.300000000000004
340,0.358228250363,8.36258221755,-17.1238533637,0.106366777677,19.300000000000004
341,0.268599109251,2.3649394261,2.58227844656,-1.15485274598,19.300000000000004
342,0.173408670899,2.69872404291,0.827295004846,-1.69616883643,19.300000000000004
343,0.426126282873,2.16960961619,8.55275867444,-1.2604104193,19.300000000000004
344,0.138142253485,-21.7753518021,8.14221665233,7.33482001648,19.300000000000004
345,0.390769485133,-0.093075764481,3.99397380756,0.0598415020801,19.300000000000004
346,0.187950978301,-0.249522859016,2.8721429572,-1.59357492458,19.300000000000004
347,0.105813844391,-0.786928872947,3.67408111765,-0.250739600626,19.300000000000004
348,1.0680997803,1.18338698575,3.039915866,-0.144166898938,19.300000000000004
349,0.374743011977,1.66271041578,3.63910239845,-4.5028995617,19.300000000000004
350,0.142244169729,-2.40481980599,4.06493129291,0.0630993820796,19.300000000000004
351,0.526649643231,-1.17767160541,0.335684182616,-2.83502409181,19.300000000000004
352,0.37003142897,1.11249498345,4.27577192277,1.20273116437,19.300000000000004
353,3.97926362516,1.70783924968,2.9858335937,-2.91073820538,19.300000000000004
354,0.595835891158,0.605391757793,3.55343648131,-0.957131803775,19.300000000000004
355,1.30246617089,-5.33011167818,4.57101322598,1.40794722821,19.300000000000004
356,0.176180850066,-1.11174944355,2.33804001059,-1.45500036198,19.300000000000004
357,5.95917634844,0.0212507229971,4.2860383025,-1.21786091578,19.300000000000004
358,0.172240939574,4.34534274785,6.31077152577,-0.00563280301946,19.300000000000004
359,0.128144947593,-0.835628143324,5.83892939553,-1.57742509091,19.300000000000004
360,0.481329573252,5.20499451006,10.8188151502,0.227489824078,19.300000000000004
361,0.115450791586,0.239006783993,5.00485162434,-1.58870054328,19.300000000000004
362,0.108280553735,1.9866812621,-0.23626559512,-1.4286358799,19.300000000000004
363,0.229482957635,1.70535608726,3.8482351365,-1.95420062644,19.300000000000004
364,0.337746948156,1.21083135763,3.73893495702,0.795885177108,19.300000000000004
365,2.85389363207,0.238044702067,3.74128184378,-1.65510193892,19.300000000000004
366,0.14644828922,0.294848856962,3.12872786501,-0.711823004606,19.300000000000004
367,0.587283213278,1.54252039932,3.72793306326,0.485187116795,19.300000000000004
368,2.25697898068,-0.28124645889,3.27838875645,-1.02941591981,19.300000000000004
369,5.27249781676,5.65374633968,7.08891130512,-2.34163461911,19.300000000000004
370,0.283314845117,0.62253263446,3.56797819431,1.04869113833,19.300000000000004
371,0.115313393071,-1.93083051425,5.44241890784,-4.24272441474,19.300000000000004
372,0.290678059296,-0.837373815263,2.44798405775,-0.142486964879,19.300000000000004
373,0.129869501013,1.5403392378,4.23761586634,-0.798749288863,19.300000000000004
374,0.430092852474,1.67852388805,3.4004481751,0.200193879679,19.300000000000004
375,0.682026044689,-0.35446639914,-1.0062796108,-1.42218487472,19.300000000000004
376,0.49715153447,2.99242606927,2.24525703302,-0.0531020270268,19.300000000000004
377,0.242259575007,-0.640916626904,4.94116911319,-2.02360138124,19.300000000000004
378,0.341463884677,-3.82345271579,-11.8686399495,22.734392882,19.300000000000004
379,2.28780982417,-5.7683322419,3.52218107257,3.40026685858,19.300000000000004
380,0.532831847413,1.14365951279,2.65318362364,-0.74999513089,19.300000000000004
381,0.137693649176,0.235839115833,1.80150601299,-2.47553089672,19.300000000000004
382,1.20256252594,-0.084701499278,4.43357094177,-1.89613185759,19.300000000000004
383,0.196356184355,-4.37910087818,3.29632974354,7.45986691903,19.300000000000004
384,0.27285259885,4.87718730205,6.58675887829,4.33566025076,19.300000000000004
385,0.127100387143,-8.63783479912,1.11000641559,-9.93736883325,19.300000000000004
386,0.157688762408,-4.7682323914,5.02443823478,2.81506712587,19.300000000000004
387,1.01757521878,1.41569977061,3.28612926688,-3.28996285836,19.300000000000004
388,0.175947525697,-4.76712540974,1.60745067565,-1.89390261616,19.300000000000004
389,0.397120812827,-1.23642110533,4.00179871073,-3.33934466976,19.300000000000004
390,0.519965085764,-2.61220443147,3.87428917453,-0.0175914964258,19.300000000000004
391,0.126350559616,15.2147956002,7.57955900189,7.20185386861,19.300000000000004
392,0.813047110722,-1.82632653391,-13.2234094625,-16.0917172348,19.300000000000004
393,0.148228822801,0.959362473937,4.68148861281,-0.813538859032,19.300000000000004
394,0.305508452744,0.31911875017,1.27622938216,-1.3657042909,19.300000000000004
395,1.08220207942,-7.52573996799,5.66739876417,0.515984320543,19.300000000000004
396,0.416697940916,-2.68257505077,6.2397420692,4.08273111382,19.300000000000004
397,0.124829425993,0.0206739291394,0.417558328133,-4.92428919266,19.300000000000004
398,0.134606256009,3.73495751942,6.15665122965,1.29070243769,19.300000000000004
399,1.01400355372,-5.2155703851,10.1523463116,-0.695747301239,19.300000000000004
400,0.131658573883,1.19901715374,4.72074649159,-1.48078728401,19.300000000000004
401,0.457323792706,-0.406958455227,4.70874063086,0.183179332616,19.300000000000004
402,0.100192570631,0.596953154722,5.22136409146,-1.74725246565,19.300000000000004
403,0.107729733721,1.34633427369,3.68195048179,-0.359385403732,19.300000000000004
404,0.362375224943,-0.579567057612,1.12902318828,-3.78244981083,19.300000000000004
405,0.172917415154,0.856033722097,-0.771797126743,-5.77890645483,19.300000000000004
406,0.100689987953,2.50348722183,3.79247444163,-6.65855330352,19.300000000000004
407,0.110527187414,0.593008728516,4.32811755095,-0.534270039341,19.300000000000004
408,0.118843781045,3.82182249159,3.210223645,-3.5641306105,19.300000000000004
409,1.5954245952,-0.0525603894001,2.85244437009,-0.40811309964,19.300000000000004
410,0.10028945491,-0.647536802876,2.0425212806,-0.982397732843,19.300000000000004
411,0.134549458695,-0.531612609467,4.25810008186,-0.183392675333,19.300000000000004
412,0.147754809271,-0.165712087072,3.42860166466,-1.40129502491,19.300000000000004
413,0.428605036193,8.35946656275,10.4501334541,3.7195965993,19.300000000000004
414,0.105733407357,15.9596437742,2.3465467876,4.67364770815,19.300000000000004
415,0.509331135489,0.9505642611,5.21628439245,0.780314560537,19.300000000000004
416,0.378868527313,-1.70528081262,4.02421145796,-1.7383272102,19.300000000000004
417,3.27164335235,0.770567556811,1.33726242211,1.13451341253,19.300000000000004
418,0.228293201261,1.73997693263,1.84289341634,-1.29453250205,19.300000000000004
419,0.183630678508,0.0897347399324,3.75048611862,0.380757040301,19.300000000000004
420,0.808982082692,-0.896188635304,2.75562569453,-0.0138420426186,19.300000000000004
421,0.104775915591,4.80818752062,8.28076115757,-1.92538065363,19.300000000000004
422,0.298231759432,0.503982723751,-3.4871842253,-4.568546626,19.300000000000004
423,0.305029513495,0.669916032871,4.6178273372,-0.127424312687,19.300000000000004
424,0.798485234062,-0.0263885580717,4.53969071119,-0.966216573754,19.300000000000004
425,0.189865813131,-1.03784936378,3.44779655572,-0.681696105339,19.300000000000004
426,0.564372421444,-2.13056167586,-0.0457838696864,0.32323418393,19.300000000000004
427,0.240016780807,-6.44371716834,-0.941230194276,5.37415500019,19.300000000000004
428,0.90917449759,6.06223036591,-4.46697213023,0.826657588089,19.300000000000004
429,0.101595400222,1.46352049771,-0.134222353982,-4.50914989298,19.300000000000004
430,0.256795622596,-0.419716778439,4.91699511338,-2.16388416221,19.300000000000004
431,0.225892818263,-1.50565536254,6.36787249936,-1.55871949914,19.300000000000004
432,0.252126362279,-7.43814247782,-1.59381469929,-11.8191487884,19.300000000000004
433,0.44421916542,-1.34904444425,5.27021972665,-0.731222494131,19.300000000000004
434,0.25613515049,2.15052893282,3.88279068658,-1.15970099949,19.300000000000004
435,0.248153497808,-0.452626321684,3.16370490449,-0.901781128646,19.300000000000004
436,2.82019163324,0.55920814346,2.98044584011,-1.70730500336,19.300000000000004
437,0.305173701138,-1.63198867825,5.65781310737,1.27137701781,19.300000000000004
438,0.172760522703,-11.9207493182,-5.75258561014,-29.7595799125,19.300000000000004
439,0.137577218893,1.10985277512,2.71835467555,-1.30288996174,19.300000000000004
440,0.195206908846,-0.378162047463,5.45673344682,5.61488416157,19.300000000000004
441,0.138974165491,1.85101927893,3.32400564807,-3.9946664505,19.300000000000004
442,0.339834422877,-0.406889875322,4.57208070478,-1.48541616129,19.300000000000004
443,0.205448889401,4.13750245143,5.59989563882,-2.61588277519,19.300000000000004
444,0.112480547896,-0.755417158107,3.75577454537,-0.330422023471,19.300000000000004
445,0.224715390991,1.22114499158,-6.2468948754,-14.1675170043,19.300000000000004
446,0.230490387413,2.26897640357,-2.67851343808,0.998353514598,19.300000000000004
447,1.96280397838,0.218366728285,2.98177705127,-0.757182639255,19.300000000000004
448,0.174869639187,-8.58387627964,-0.875310598541,-4.07268670269,19.300000000000004
449,0.24406811819,-1.82613055152,2.49061667411,-1.46839475231,19.300000000000004
450,0.149552964694,1.69484462385,4.31992924336,-1.14976169882,19.300000000000004
451,0.529862705878,-0.19525880339,5.27494459103,-0.982800419382,19.300000000000004
452,0.62140006841,1.95231955588,1.25414995738,-0.593360090348,19.300000000000004
453,0.40013450158,12.2436678807,1.91106751448,-16.4997974389,19.300000000000004
454,0.287521972656,-2.13763728582,4.58085817072,0.832113846764,19.300000000000004
455,3.72017260108,3.00015207764,2.48819848635,-2.32898797946,19.300000000000004
456,0.121465459726,-5.9615282382,1.92379550467,0.684204429718,19.300000000000004
457,0.134065778972,1.80398818921,7.38063232016,-0.609840814014,19.300000000000004
458,0.348906037125,-1.55290590225,4.04483825084,-1.19252062474,19.300000000000004
459,0.182560475374,-2.12624282944,5.23950722657,-6.52901847085,19.300000000000004
460,0.752226580848,3.82287124238,17.6342643118,-7.60500657918,19.300000000000004
461,0.533699353247,-1.90677915467,5.33062956464,-0.11089980661,19.300000000000004
462,0.109273214221,1.94351856712,2.1897564936,0.661116346911,19.300000000000004
463,8.38154217324,-3.1549431886,7.23025366369,1.36804977132,19.300000000000004
464,0.121676937348,2.28410444918,0.349938912194,3.65756947709,19.300000000000004
465,0.103180024657,4.2089704505,5.20488036015,-3.00279730246,19.300000000000004
466,0.204692378567,-0.085313426364,3.55841259884,-2.0836853219,19.300000000000004
467,1.19979121384,1.20176001846,3.89719145538,-0.657443480724,19.300000000000004
468,0.119176921814,11.1284785671,5.89648428905,-13.7174810924,19.300000000000004
469,0.435250143356,1.42584451738,2.54315189568,-2.49436176904,19.300000000000004
470,0.127599265877,-0.901838772981,1.22109186442,-3.47901911454,19.300000000000004
471,0.169876667343,0.258625636975,4.31096967794,-1.11285865709,19.300000000000004
472,0.124964444344,-14.1156747543,11.400028499,4.8999345699,19.300000000000004
473,0.235759032272,-1.59516842738,3.39211663806,-0.320428906291,19.300000000000004
474,1.01888593772,13.0962797906,-8.43591821733,9.95813157214,19.300000000000004
475,0.213332416555,-1.45345080031,4.34251923879,-3.72082100508,19.300000000000004
476,0.468017121098,-0.517808234964,2.85732025356,-2.01774708896,19.300000000000004
477,0.150788148716,1.52068179071,3.37415515431,-0.269848309776,19.300000000000004
478,0.115405948333,0.493495797886,3.99954689482,-0.633458865319,19.300000000000004
479,0.42833515441,3.12357285969,-1.01953338547,2.72695871649,19.300000000000004
480,0.650628719152,0.00330079563732,2.87439483234,-0.583705341869,19.300000000000004
481,2.06401288643,1.64639507168,3.39533686887,-2.57768467001,19.300000000000004
482,0.12185743249,1.01503575907,2.56097682739,1.26474350491,19.300000000000004
483,10.0804346039,2.34612088699,6.29964186719,-4.68958658147,19.300000000000004
484,0.112545581583,-2.86116799312,6.67646900497,1.62715836989,19.300000000000004
485,0.197730350067,1.96626374795,2.23385505475,-2.95509875725,19.300000000000004
486,0.196946333392,-4.72203241103,-2.30354097318,2.23082735188,19.300000000000004
487,0.509132156807,1.34040810737,3.66038909175,-1.73088923346,19.300000000000004
488,0.10739867474,-9.97202476544,1.43733332382,6.70342337345,19.300000000000004
489,0.136146112276,4.19334006841,1.36361336812,-4.99792734225,19.300000000000004
490,0.101345802025,9.01378762981,2.84606449021,-1.78417184941,19.300000000000004
491,0.111511140791,0.135747875813,3.70945816429,-1.06953826883,19.300000000000004
492,0.137947782819,0.398212005167,3.98453713338,0.0847349719605,19.300000000000004
493,0.319954174175,2.07715444912,-6.16457923446,5.05041475075,19.300000000000004
494,2.9469380299,-6.49876906464,-6.92468991851,-6.54602662582,19.300000000000004
495,0.746776745121,0.726345989128,1.84658414812,1.24997109942,19.300000000000004
496,1.10430441258,1.89786424794,2.97328955103,-2.80764562923,19.300000000000004
497,0.392556170264,-3.30837510217,2.54896506536,1.59542473705,19.300000000000004
498,1.38190341753,-4.06841911217,1.71067465276,2.27081448217,19.300000000000004
499,0.620036642859,0.631996009384,3.37887451883,1.23729199032,19.300000000000004
500,1.86593486306,1.93509678881,-2.54368816227,-1.15768348002,19.300000000000004
501,0.870064500442,2.44750984419,4.60727205818,-5.98349875397,19.300000000000004
502,0.55152877069,2.90331670216,-0.201589212025,-4.6573323055,19.300000000000004
503,0.12388226154,-2.32242026742,2.6739801672,-2.05142336077,19.300000000000004
504,0.77291191466,-0.365787779268,1.64313692788,1.8310119591,19.300000000000004
505,0.117900242419,7.44795600194,5.23201889607,8.22227417402,19.300000000000004
506,0.900650580762,6.65078504836,2.52706732828,-1.76451602936,19.300000000000004
507,0.248744583206,1.51202404187,2.44897764142,1.17939838286,19.300000000000004
508,0.148763458333,1.39223041806,5.78985005369,-0.748848907147,19.300000000000004
509,0.342007733069,1.25027096742,3.56514247872,-0.956085933766,19.300000000000004
510,0.137674347154,3.88982032176,3.05088018391,-1.36714840012,19.300000000000004
511,0.214335195422,-0.468346655543,14.2723449622,0.603511623769,19.300000000000004
512,0.255710639587,0.0187678992219,1.36625342972,-1.22609586082,19.300000000000004
513,0.138870516653,2.6037108155,4.81859242015,0.762530946022,19.300000000000004
514,0.615973729363,1.60661482532,2.6641492019,-0.123555126956,19.300000000000004
515,2.87637406987,0.559594197124,3.52482308858,-0.744098402379,19.300000000000004
516,0.151515723656,1.35551146484,-1.02838413284,0.382640051793,19.300000000000004
517,0.219920688083,-3.94626343233,1.9203131268,1.93520962305,19.300000000000004
518,0.189668391636,-0.974872296271,1.1698956065,-1.18165974319,19.300000000000004
519,0.822021811578,-6.17346733888,5.78374660249,0.277004573136,19.300000000000004
520,0.152562182736,0.0263718774206,3.63486510635,1.56486969959,19.300000000000004
521,1.78599796025,-0.251120644671,1.94535945672,-0.273800496479,19.300000000000004
522,0.39791093248,-0.219050533034,1.88877438026,3.77058990586,19.300000000000004
523,0.148828006661,-0.173125504339,7.08726625721,4.49464408456,19.300000000000004
524,0.410787660894,-1.68749664408,5.80410520959,-3.10020520697,19.300000000000004
525,0.581826656199,3.31720836345,1.67494380896,-0.0939310084008,19.300000000000004
526,0.567319168377,1.04255133429,1.01747087199,-0.260745073614,19.300000000000004
527,0.172194502533,0.24995648508,-4.08396222583,-8.09099286764,19.300000000000004
528,0.214962256554,-3.15151285632,2.98914746478,31.4120625101,19.300000000000004
529,0.125402881791,-1.00771373657,2.53813604266,-1.09224632605,19.300000000000004
530,0.166216767847,-5.20140412907,3.0595575674,-10.1186209382,19.300000000000004
531,0.796633870375,-2.87598017628,3.58053880493,-1.18119773654,19.300000000000004
532,0.375394335138,5.36520330623,5.05228206615,4.47019434007,19.300000000000004
533,0.314960954576,-3.4253975308,2.95297620024,0.884165808998,19.300000000000004
534,0.150090607184,1.49437555057,3.37140024838,2.44254430893,19.300000000000004
535,0.163085081561,0.0077486516273,3.74896168504,3.07127570851,19.300000000000004
536,0.140320440521,-7.05593383884,7.88462179629,5.53362156013,19.300000000000004
537,0.157623473776,1.6719376228,3.40882806497,1.30075149897,19.300000000000004
538,0.35592530872,0.172758031058,8.61133950133,-3.04496078894,19.300000000000004
539,0.583119694961,-0.0175238001257,-0.467095565924,0.289882314292,19.300000000000004
540,0.103552661789,0.117685545717,9.2196146589,-1.49633190776,19.300000000000004
541,1.12550846287,1.21360607992,3.14341881372,-0.675771414693,19.300000000000004
542,0.139572378735,0.146600984523,2.61603050594,0.340371897957,19.300000000000004
543,0.333023661147,-1.28991745233,3.66280604906,-1.53149249528,19.300000000000004
544,0.461721165971,1.23199258801,3.60752787543,0.113443544642,19.300000000000004
545,0.304880756111,-3.28422537899,-4.00401485805,-1.38865141647,19.300000000000004
546,0.112573030242,-1.90435860229,1.00342515981,-2.37708793987,19.300000000000004
547,0.140277957974,-0.232610378169,4.80775029507,-0.213645744867,19.300000000000004
548,0.225842578388,2.80635223604,4.20948128971,0.262383952188,19.300000000000004
549,1.03398778948,-0.210597860949,4.37713962709,-2.29914020568,19.300000000000004
550,1.02007856658,0.610881906717,2.5877228203,-0.995796041028,19.300000000000004
551,0.157794458009,-3.74538595666,9.67307075471,-2.86538453742,19.300000000000004
552,0.20570088187,-11.4887002034,1.56022096211,-1.77904539248,19.300000000000004
553,0.763581968119,-1.76869185417,1.92540202624,3.51070277702,19.300000000000004
554,0.220034613002,1.32974729093,2.7696554392,-0.738429691992,19.300000000000004
555,0.12005351698,1.74679103008,3.92665257004,-0.531647123823,19.300000000000004
556,0.121717028294,0.109584109228,3.90816923958,0.288507124159,19.300000000000004
557,0.248425264331,-0.806747362902,-4.44381957404,25.9554571535,19.300000000000004
558,0.392550034269,-0.64143018409,7.76697946853,-6.56500690736,19.300000000000004
559,0.375149514952,-13.9637780809,18.5169207127,7.60549768632,19.300000000000004
560,0.420881973604,-0.203780670756,2.78507407876,-0.695802915421,19.300000000000004
561,0.666101121432,-0.159058354695,2.08380563042,-1.82165476518,19.300000000000004
562,0.581543400767,-3.49686408581,-20.3469449044,15.0970239154,19.300000000000004
563,0.40252765728,-0.279066290353,2.94312215305,0.443874395179,19.300000000000004
564,0.252400473496,1.11318597604,4.92091123888,-2.11395946538,19.300000000000004
565,0.578856543929,0.7982167838,2.86333458514,0.425499887832,19.300000000000004
566,0.173923585227,-0.125069189447,3.70926095859,-1.41320831122,19.300000000000004
567,0.289120505524,0.757222004804,5.85149395383,-3.40636412693,19.300000000000004
568,0.498132245584,3.16065481383,11.9694521097,-6.80737850963,19.300000000000004
569,0.11770212248,4.46075262106,-0.00759542335116,-2.75034929793,19.300000000000004
570,0.242616856009,-1.99518120075,8.15844515334,1.84624764576,19.300000000000004
571,0.157438971117,-2.16692117231,6.71552839724,-16.3476704728,19.300000000000004
572,8.52916819739,0.239444342737,4.33227367195,-1.0819682391,19.300000000000004
573,0.371695608105,4.04468910114,15.0962331802,11.6080047201,19.300000000000004
574,0.653486235307,0.121469821932,3.02193668966,-0.923867915663,19.300000000000004
575,0.192340223887,-5.60747462844,0.862555353961,-1.10626230281,19.300000000000004
576,0.503615418684,0.664560664135,7.02188789952,-0.813045454748,19.300000000000004
577,0.204599568844,0.585656676769,3.98104513718,-0.884996203998,19.300000000000004
578,0.231555945033,0.608181967421,6.63240559181,-0.831129549543,19.300000000000004
579,0.101342579759,1.5025767327,1.4093290609,-2.30630911654,19.300000000000004
580,0.218352001387,-4.81685921103,10.793854166,8.55181287205,19.300000000000004
581,0.354527893664,0.611870107814,3.35563443244,-1.69682506628,19.300000000000004
582,0.876825725781,5.02394386046,1.38188885692,-7.82629244924,19.300000000000004
583,0.301561369038,-0.919549302868,5.29624343626,1.07683904791,19.300000000000004
584,1.3917080443,0.908372308815,3.04245103924,-1.82322125973,19.300000000000004
585,0.316333828793,-7.03221984562,3.88846718873,-7.23306780736,19.300000000000004
586,0.129659612362,1.90341685231,7.19853697442,-4.58856432315,19.300000000000004
587,0.311288756972,1.49187224323,5.16493413504,-2.33285477702,19.300000000000004
588,0.373769267006,0.270098777389,2.59856077301,-1.78928461585,19.300000000000004
589,2.23165132176,-5.14658280296,13.7304776854,-2.35591297508,19.300000000000004
590,0.116813671594,2.47353004701,8.14125511283,1.11051445484,19.300000000000004
591,0.329849298573,-0.73069417386,0.367731793197,2.84795419534,19.300000000000004
592,0.512628203968,1.63798111796,0.397794355836,0.531099439188,19.300000000000004
593,0.295321282517,-12.8640696656,-15.4401824036,-6.97223963476,19.300000000000004
594,0.661838676034,7.5481085772,5.64205339467,2.39948670247,19.300000000000004
595,0.344051636646,5.09664163298,6.54130649953,1.25419474473,19.300000000000004
596,0.691409246148,0.642229245891,6.65926088195,6.10281449633,19.300000000000004
597,4.25170620637,-0.0670488646793,4.87111240937,-0.395713663985,19.300000000000004
598,0.349108797265,-1.18080568077,3.64228126722,-0.586478099913,19.300000000000004
599,1.88074459992,2.1898966367,1.77164595949,-0.654658968231,19.300000000000004
600,0.233051506327,7.60526705541,11.1490400972,-3.01374534938,19.300000000000004
601,0.517147650615,-0.724360284712,1.43499212858,-0.0796304422124,19.300000000000004
602,0.805669419274,-0.596891984871,3.36529065508,-0.912264171803,19.300000000000004
603,0.274629674155,1.45192007705,0.200557071993,-2.09520475477,19.300000000000004
604,0.664922278929,-0.131740477446,5.12563963525,-1.59254862639,19.300000000000004
605,0.252246172132,-4.52802993386,3.45633004145,0.493879715237,19.300000000000004
606,0.13363052872,0.233861386769,3.47554892972,-0.732348448061,19.300000000000004
607,0.227814291951,1.97542396191,6.46388943442,-17.3803733304,19.300000000000004
608,0.128633136597,0.287101723657,4.48788755363,-1.03885796488,19.300000000000004
609,0.479260571474,0.31432791325,4.86726827897,-0.95043577835,19.300000000000004
610,0.301429426176,14.3360203712,1.69190581852,4.39374579664,19.300000000000004
611,0.452344261309,0.051970829325,5.90732207745,-0.194393970428,19.300000000000004
612,0.7368109486,0.336296173367,4.54541933589,-0.363494195704,19.300000000000004
613,0.278931761287,3.73137905147,-1.59124950205,20.1085491761,19.300000000000004
614,0.137398585751,-5.35936707932,19.6207825454,-4.72851788797,19.300000000000004
615,0.705961834885,-2.05805214827,-12.6026007384,-11.6781056403,19.300000000000004
616,0.664194514704,0.277601868261,5.2894296475,-1.80465760757,19.300000000000004
617,0.247144214393,1.61424682488,4.17964707039,-1.70664293314,19.300000000000004
618,0.187843539968,-7.25096668992,-3.05720494865,-9.89543568206,19.300000000000004
619,0.900088051549,-7.49619919013,0.437303821822,2.2865435617,19.300000000000004
620,0.13034503179,-2.5121564024,3.78899366956,-0.68830128042,19.300000000000004
621,0.280347914752,0.199902544018,3.80721991775,-1.1534062894,19.300000000000004
622,0.159143111098,-1.1855190904,0.894844290819,-0.319715202086,19.300000000000004
623,0.319740796505,11.5859724572,-3.79994025014,-0.791401329441,19.300000000000004
624,0.111909052234,10.0087213002,3.12624981468,-5.80144854744,19.300000000000004
625,0.14363847542,-3.96284234269,-1.73854121455,-3.25172683748,19.300000000000004
626,0.245372930526,0.288610645076,4.4784979128,-0.934001984844,19.300000000000004
627,0.150097322701,2.52232904743,6.14948630242,-1.44900075434,19.300000000000004
628,0.125240606049,-0.0819719562907,3.38712476975,-0.212998398705,19.300000000000004
629,0.148837838445,-2.93481831997,12.0879390442,6.35236749184,19.300000000000004
630,2.6637954782,-0.933364457094,4.3932147519,-2.82987928691,19.300000000000004
631,3.26395439417,2.20290843756,6.57008527446,-3.35516015977,19.300000000000004
632,0.595113497428,2.32204050852,2.32372950649,-0.421069920046,19.300000000000004
633,0.446928184421,-1.38950813732,4.29310264733,-4.0119774245,19.300000000000004
634,0.246609086095,1.5767269312,4.80811578712,-2.45599133806,19.300000000000004
635,0.336280709871,-1.30716276081,3.29471136816,-0.631426007592,19.300000000000004
636,0.815403977789,9.36551595233,-1.3760551647,-2.23554705759,19.300000000000004
637,0.385326771873,-0.562526262891,3.11243035726,-4.05498548327,19.300000000000004
638,0.689797485918,0.14420393557,4.41713700146,-0.369835537319,19.300000000000004
639,0.396366663572,6.20077856335,16.4129202432,2.21757354435,19.300000000000004
640,0.578542281106,0.170791558603,4.68384652636,-4.6264680852,19.300000000000004
641,0.111872818533,2.27084420328,-2.99993539639,1.43242911768,19.300000000000004
642,0.263572379468,0.704451379444,4.82278747688,-0.332156094043,19.300000000000004
643,1.54904466395,-28.4820690633,1.34938457696,11.5155263196,19.300000000000004
644,3.02113565484,0.491239022165,4.2859247878,2.77301757142,19.300000000000004
645,0.383110379881,-2.56816316454,-0.309843842082,-1.23790726544,19.300000000000004
646,0.260414299578,0.0500809422645,3.96530158884,-0.881813812896,19.300000000000004
647,0.209429204313,19.186797745,-5.40717277116,-2.13436743507,19.300000000000004
648,0.313848713467,-10.5028503679,4.79044175542,5.26424665397,19.300000000000004
649,0.927971499784,1.16581461909,2.5867006705,-1.63026413626,19.300000000000004
650,0.111598771558,0.881400922521,3.90448332496,-2.01089599572,19.300000000000004
651,0.148299548296,17.9531069829,2.94026128802,-0.814013646365,19.300000000000004
652,0.253640946685,-0.667284818134,2.35329640435,-1.32314063014,19.300000000000004
653,0.181811143164,-2.88652486582,6.2605207253,1.18895633652,19.300000000000004
654,0.553598896127,1.03425446607,11.1341313783,3.31405700982,19.300000000000004
655,0.189452769442,0.178201310856,5.81295794452,-2.34791899325,19.300000000000004
656,0.102195923018,-1.3769844629,4.09959199377,-2.69027067799,19.300000000000004
657,1.67634525993,0.153257172773,4.11555849729,-0.775858851674,19.300000000000004
658,0.893429462403,0.454850483585,3.53354069987,-1.70453328951,19.300000000000004
659,0.215929196551,1.43173082279,-0.904909859017,-17.4523220452,19.300000000000004
660,0.122128322939,3.53700108314,2.90484606194,7.1608329421,19.300000000000004
661,0.206051459085,1.18415527031,4.32628141711,-9.14869310539,19.300000000000004
662,0.492109543407,16.4979753126,7.44569351383,-3.16510348356,19.300000000000004
663,0.271118673851,-0.58241303431,5.89364365221,-1.13777051046,19.300000000000004
664,0.771564789037,1.94778226998,3.45376516779,-2.44375899875,19.300000000000004
665,0.892651406369,1.61460508502,-1.32624614277,-1.11867730515,19.300000000000004
666,0.185077317285,7.90299209798,1.79288581296,-2.94196660014,19.300000000000004
667,0.163026296127,-12.0281238815,-4.96363144496,17.8201002358,19.300000000000004
668,0.189725951552,1.54743069514,1.77819505412,-1.69205457734,19.300000000000004
669,0.374044853585,4.85037924444,3.06685121807,-4.48138467511,19.300000000000004
670,0.159174369911,-0.103956616066,1.68004582502,-0.491127102375,19.300000000000004
671,0.612594199163,0.47365965697,5.06435528508,-1.35770053752,19.300000000000004
672,0.17273124796,-0.475619237961,4.86760406297,-2.78166924306,19.300000000000004
673,0.171681003071,-0.778477098665,3.52769487926,-1.44934487494,19.300000000000004
674,0.138434356643,2.30934496807,-0.306192022702,4.75787649371,19.300000000000004
675,0.116059382146,-0.500712020893,3.14599222377,-4.18849206097,19.300000000000004
676,0.247284604863,-0.545544674606,0.0727072526212,0.861095811478,19.300000000000004
677,0.15568406344,-1.12868377654,6.28782665208,-0.845165298212,19.300000000000004
678,0.889514253556,5.35527436297,3.34878587332,-5.65527913863,19.300000000000004
679,3.18233822659,-2.65362670325,6.70357731113,-5.52694775715,19.300000000000004
680,0.530261681032,-0.55826846545,4.22928181401,-2.2386464296,19.300000000000004
681,0.282165207917,1.04175270061,5.3465252502,-1.02451772601,19.300000000000004
682,0.115667753031,-0.944035078649,1.10395362378,0.696733959441,19.300000000000004
683,0.117668636224,-0.0555289768489,4.5520825329,-1.17473430848,19.300000000000004
684,0.235671272971,-14.3764754901,12.4644926433,-6.60625809702,19.300000000000004
685,0.121284633177,5.46355815819,1.34350025347,1.13362612156,19.300000000000004
686,0.153444471362,-0.0637716876942,0.303926013849,-2.0254497207,19.300000000000004
687,0.367146657552,0.0533125058821,1.95588574575,1.45195014897,19.300000000000004
688,0.662341389714,0.799187320936,3.36263880149,-4.174041849,19.300000000000004
689,0.30411268321,-5.77702844189,-0.512667501851,7.32612133028,19.300000000000004
690,0.23913698584,-2.23212803386,2.13926923729,-1.57089358411,19.300000000000004
691,0.120608843147,10.5260763441,5.24367655296,-11.0140926962,19.300000000000004
692,0.576742767422,-0.418856210359,8.65788468736,17.7398205416,19.300000000000004
693,0.131842443545,1.39424812705,5.60069938255,0.563316449671,19.300000000000004
694,0.266095647549,-0.632139912545,3.34039375908,-1.72243529496,19.300000000000004
695,0.205677664746,-0.0504145987905,2.25940924762,-0.451250828807,19.300000000000004
696,0.170493451853,-12.1367182014,9.64002440294,0.345039028757,19.300000000000004
697,0.137206067048,-0.948868183366,4.00220779483,-9.70493681226,19.300000000000004
698,0.299510167326,-1.3927677085,2.62855312347,0.0733796978663,19.300000000000004
699,0.74112127045,0.94166133602,4.10092945307,-0.54985770651,19.300000000000004
700,0.306163061628,-0.970898868934,2.92610295701,-0.548197955463,19.300000000000004
701,1.12817540243,-8.03447275993,3.89566485702,4.69443946431,19.300000000000004
702,1.02867448834,0.370412480193,3.74402971045,-4.21998912883,19.300000000000004
703,0.499957962265,2.85321534326,4.36744179334,1.76737024451,19.300000000000004
704,0.329433430061,-0.223517759557,6.83854317694,-4.00544454818,19.300000000000004
705,0.114901063514,0.629772303329,2.64811209981,1.83356253355,19.300000000000004
706,0.162809850016,1.96436886211,4.79503041668,-9.24841537769,19.300000000000004
707,0.375324075195,1.49398326966,2.87847409384,0.0650168554828,19.300000000000004
708,0.211225889923,0.748572665199,2.8639411224,-1.59130102865,19.300000000000004
709,0.373780171498,0.202170952237,4.00406000596,0.654195907533,19.300000000000004
710,0.880143944186,-0.220398518215,3.8947153427,-0.53644005056,19.300000000000004
711,0.725026832286,-0.43622107404,6.38144767956,-1.20411754817,19.300000000000004
712,0.356944086179,-0.32259898532,4.37297899371,-2.08915606913,19.300000000000004
713,0.147404635868,-8.8124772951,5.27819189443,-6.31332049406,19.300000000000004
714,0.130650196537,2.27671630878,1.50407373915,-0.391219162959,19.300000000000004
715,0.392081181752,-1.59667849837,1.22576015057,-1.29003498962,19.300000000000004
716,0.413736015515,0.265856923252,3.23771123619,-2.23638994291,19.300000000000004
717,0.761758640004,-0.133898388609,7.75766348824,0.155802502194,19.300000000000004
718,0.129604877107,-3.69293151497,11.0277104174,-18.5730940863,19.300000000000004
719,0.169265405368,3.09017672868,11.1085868204,3.25860817075,19.300000000000004
720,0.113514004621,-1.37986647523,3.73025160861,1.18545796379,19.300000000000004
721,1.66887198264,1.39257999292,7.25287501363,-0.518476207288,19.300000000000004
722,0.244530037441,3.19019696973,13.5631334609,1.85957839635,19.300000000000004
723,1.40375244304,-0.140477462326,3.596022567,-1.62890245288,19.300000000000004
724,0.571540901567,-1.76785723189,7.43887883577,14.9515029591,19.300000000000004
725,0.598004666604,1.0801139335,4.62693180907,5.60801674757,19.300000000000004
726,0.218634032744,-0.755902051592,3.67870886994,-0.971537042826,19.300000000000004
727,0.288622002597,1.66446122915,1.37026587341,-2.12396238571,19.300000000000004
728,0.213754516488,-0.715392758267,3.22440884875,-0.231248692715,19.300000000000004
729,0.243201886233,-5.23503049509,-0.0145066929162,-15.1865373184,19.300000000000004
730,0.451437755815,0.560664748289,2.59290860185,-1.08229413685,19.300000000000004
731,0.147679314285,0.910301138803,-0.08898525702,-3.10721669,19.300000000000004
732,0.352100683656,0.8483561964,-1.61193132578,2.75317238823,19.300000000000004
733,0.159984413611,0.0878900750638,5.29833433902,0.764178985023,19.300000000000004
734,0.119642075708,-0.385537176091,4.6520227818,0.597823581562,19.300000000000004
735,0.426372160515,-0.702440153666,2.55931898805,-0.833737695296,19.300000000000004
736,0.372835427174,2.27720623591,5.64697254201,2.02686202975,19.300000000000004
737,0.44943074223,-4.42273350686,3.6592274872,5.88355225728,19.300000000000004
738,0.225220018158,3.37551555467,4.30032874054,0.638510307027,19.300000000000004
739,0.120069617166,2.98695869353,7.07577834183,-5.05867625264,19.300000000000004
740,0.109477982662,-9.28910286603,11.3685549977,10.2960525355,19.300000000000004
741,3.07778259532,0.235887433356,5.54053742549,-0.666010946166,19.300000000000004
742,0.551091025973,-5.51867860561,-4.00356651632,-10.5997732168,19.300000000000004
743,0.585489821502,1.10299786003,5.68194466822,-0.208695972271,19.300000000000004
744,0.112513432149,2.34356632283,4.74170636472,1.0376333337,19.300000000000004
745,0.316247464568,-0.550345477814,-5.0750308078,-7.35921842166,19.300000000000004
746,1.6461484385,0.568238506355,3.96856305844,1.19234467995,19.300000000000004
747,0.402742632674,-1.62309366083,5.48851194482,-1.6110106702,19.300000000000004
748,0.217402358372,0.434184299303,1.10537969213,-2.19805324975,19.300000000000004
749,0.51464956446,-2.30631412021,2.48756995509,1.90111352794,19.300000000000004
750,0.222298219542,-11.3292002104,-0.594232539116,-17.7484799437,19.300000000000004
751,1.63877019936,9.09037179199,5.05616157018,2.85968332588,19.300000000000004
752,0.109490871096,-1.80862272276,3.2787124088,-2.30369998816,19.300000000000004
753,0.166956479046,-5.23385677486,13.3956548535,7.30437247872,19.300000000000004
754,0.340033428811,0.799350163219,3.7123707435,-0.988971195919,19.300000000000004
755,0.215480126943,1.7614771873,4.13397165416,-1.74378913056,19.300000000000004
756,0.152087696958,2.83225907884,4.50793700424,-1.57207000228,19.300000000000004
757,5.28201987353,-2.56968901261,1.35778580937,0.262157915584,19.300000000000004
758,0.127375236859,0.0359290192805,-1.82543511772,11.7696069509,19.300000000000004
759,0.481353066078,1.96299489621,4.58549574903,-3.49380078225,19.300000000000004
760,0.165575427778,15.6374729133,-2.43875005275,-11.5284126342,19.300000000000004
761,0.123700641381,2.8940519222,-0.155694597864,0.900118738815,19.300000000000004
762,0.124260390038,0.604124065042,7.79681674405,-0.683967672357,19.300000000000004
763,0.101848165084,1.29128525294,1.66672423892,-0.230404573853,19.300000000000004
764,0.139099357095,-0.0595620332253,-4.26889019907,-2.94838584829,19.300000000000004
765,0.18851898225,-0.308097496867,4.9653457358,-1.00333430344,19.300000000000004
766,2.19709597269,-1.99607662498,7.09317340522,20.6289285647,19.300000000000004
767,0.161803405115,0.509546994138,4.42590802067,4.38479719667,19.300000000000004
768,0.297907681377,-0.309665425067,2.96067334101,0.71243854442,19.300000000000004
769,0.196280384121,-3.22485982701,3.39330906371,0.33801604409,19.300000000000004
770,0.143456222481,2.91440989479,1.72507437285,-0.692877457147,19.300000000000004
771,0.100769181052,0.218877173343,1.7191912982,-1.20888194093,19.300000000000004
772,0.15094557441,0.904628729845,1.42779632506,-1.96629894447,19.300000000000004
773,0.995937965761,0.966539182955,-0.200899710647,-0.680511622345,19.300000000000004
774,0.907393713564,7.46796452045,4.58167241136,-4.0590147997,19.300000000000004
775,0.478214617246,0.0179723628711,-0.15611114009,-1.47506899561,19.300000000000004
776,0.520134861167,-0.509524083245,3.75912556791,1.92288354102,19.300000000000004
777,0.190279455711,-1.51845471587,4.49706545472,-0.325240477876,19.300000000000004
778,0.20730019279,3.03787040625,5.27787656004,-4.31233328907,19.300000000000004
779,0.118129655303,2.47753603931,3.91684268464,-2.6721133179,19.300000000000004
780,0.335431420205,-1.69676850386,2.85239594205,-1.00991526478,19.300000000000004
781,1.70209869645,-0.0763499700084,7.33738504348,-1.83448850562,19.300000000000004
782,0.462214262731,-2.09026017924,5.25533018871,-0.0364273520948,19.300000000000004
783,0.429933934568,0.101689891752,7.12003463144,15.6810362547,19.300000000000004
784,0.433059897931,-4.31669350292,2.99612039187,-8.71162325752,19.300000000000004
785,0.460649839148,1.85913774921,3.06050145658,-0.285600950743,19.300000000000004
786,1.85921960173,2.90294238536,3.85035281703,0.995170985494,19.300000000000004
787,0.594962295544,2.00159662627,1.43947032777,-2.72744010203,19.300000000000004
788,1.73895521306,1.25030388978,2.64807754981,-1.76873966034,19.300000000000004
789,0.51818109745,2.64693689809,4.84165422621,0.0489155097183,19.300000000000004
790,0.106382834724,1.20643607913,0.883496013167,-2.81238316506,19.300000000000004
791,0.214303714503,1.00117638453,-0.692973177931,-6.97895352843,19.300000000000004
792,0.137709338941,-0.574243694183,2.7610370774,1.08485876249,19.300000000000004
793,0.120964216349,-0.401906232806,5.8550516339,-2.15880722311,19.300000000000004
794,0.241820708321,-0.53585377944,2.56422977755,-1.47670700452,19.300000000000004
795,0.434921627786,0.569102676897,2.70501222809,-0.941416810929,19.300000000000004
796,0.39614389385,-0.521237889779,9.40184603259,-3.03154351412,19.300000000000004
797,0.223136702982,1.3926564596,4.76925939354,-1.58520211976,19.300000000000004
798,0.112336766499,-0.201865053526,1.39119977834,-4.78350163691,19.300000000000004
799,0.805442773973,-1.33201860114,4.57602714664,-0.589144918045,19.300000000000004
800,0.248370710321,1.72589425966,4.73215878284,-2.27833935462,19.300000000000004
801,0.103311186638,-2.86493456768,3.3387608895,-0.632061345392,19.300000000000004
802,0.16030451033,3.74687739741,5.34092107169,2.28288636434,19.300000000000004
803,0.297670701847,3.9206292677,-2.39631489175,-0.25671216518,19.300000000000004
804,1.69301961762,0.382464400666,3.53440628543,-1.8153436642,19.300000000000004
805,0.267714876699,-0.0300445181763,4.0064294508,-2.71368310235,19.300000000000004
806,0.282233917761,-0.205910510338,4.53771685245,-2.00939880166,19.300000000000004
807,0.230196327683,-1.21953249644,2.37665147911,-2.79522415805,19.300000000000004
808,0.367125554783,-0.635316129771,4.24098843357,-2.45555056133,19.300000000000004
809,0.409349316584,-2.8568605599,4.30974554744,-1.4694614973,19.300000000000004
810,0.141254382277,-0.352195484425,2.83671067538,-9.25591517003,19.300000000000004
811,0.297806331312,4.92683712798,13.7188026117,-8.20055065052,19.300000000000004
812,0.629313017701,5.75099207703,3.94452460258,-2.06361295347,19.300000000000004
813,0.410609529815,-5.29623674147,2.96929546946,-8.59155300854,19.300000000000004
814,1.31197439676,-0.629889199523,3.92504664365,-1.4312883204,19.300000000000004
815,0.600700726822,0.165276494187,4.16037364127,-2.08988224043,19.300000000000004
816,0.914800309431,2.37091923653,-2.15303289421,3.05805668559,19.300000000000004
817,0.225661733255,-0.647864069443,3.85588851886,-1.24231173467,19.300000000000004
818,0.474328017541,0.01803803662,3.85660128904,-2.35602813976,19.300000000000004
819,0.125498289806,-5.29290969772,0.730163548082,-1.95887288122,19.300000000000004
820,0.413321790183,3.57824019618,-6.80764574958,-6.77852130214,19.300000000000004
821,0.675240084818,1.18668217571,6.43713832536,3.12324742011,19.300000000000004
822,0.111818145118,8.92421097715,-2.84675550303,14.3535091243,19.300000000000004
823,0.128908279219,0.462852895126,0.375302649954,-16.5076001582,19.300000000000004
824,0.162716561857,-0.750459115776,-1.25905458806,-0.879067183754,19.300000000000004
825,0.529202671234,-1.61694190135,4.09042228382,-1.09114426278,19.300000000000004
826,0.182660340764,2.70999328561,-1.23267023436,7.01485613075,19.300000000000004
827,0.275605761292,-11.7887252784,13.3817266906,5.89004557022,19.300000000000004
828,0.892381629678,-1.6626743557,4.03427275898,-0.906003714584,19.300000000000004
829,0.103390150682,20.865202111,-0.432130142393,4.45236365992,19.300000000000004
830,0.534747538895,2.27472624241,2.74442689032,-2.17666677329,19.300000000000004
831,0.134331998667,-0.545699473417,2.0581381188,0.0470305879685,19.300000000000004
832,0.136784656424,-3.118806611,5.88706582895,1.12185212391,19.300000000000004
833,0.123971208878,0.442135777837,5.4516030347,-1.62283323338,19.300000000000004
834,1.45475188384,1.0678607495,4.5847854783,-0.916531417178,19.300000000000004
835,0.221506217054,0.769251792541,5.3871587143,-1.66656437085,19.300000000000004
836,0.633339645857,14.4763318147,10.7439604524,3.98883899672,19.300000000000004
837,0.386633680854,5.85291338143,5.84072497687,-3.92343170387,19.300000000000004
838,0.283134928405,0.534096541399,3.03660132899,-1.30217569631,19.300000000000004
839,2.6703829118,3.15719779503,4.45293595208,2.28096394998,19.300000000000004
840,0.775633890433,2.68263627011,7.21047812776,6.78967853467,19.300000000000004
841,5.09251301517,-0.0522991139507,3.3671618209,-0.885951974985,19.300000000000004
842,0.223074656361,-9.25163811266,-3.12997231321,-3.3546587047,19.300000000000004
843,0.301835975991,-0.55496874042,3.92794844442,-1.27099636921,19.300000000000004
844,0.27441960239,0.668086201819,2.83755288449,0.899996738233,19.300000000000004
845,0.113089152256,16.2756391864,2.85902882708,4.25908256507,19.300000000000004
846,0.356014469956,-0.614115612258,2.57044539943,-0.876080301576,19.300000000000004
847,0.105322658808,1.80490625207,4.0077280045,10.1921409787,19.300000000000004
848,1.28009863001,-0.329084216754,2.98011046861,-5.72560864466,19.300000000000004
849,1.43044236735,-0.0732660756849,4.32565120942,-0.465338757185,19.300000000000004
850,0.13384792325,2.52287719768,1.00217677472,-14.3039929675,19.300000000000004
851,1.07355669575,1.15916177006,4.56556451505,-3.69086575854,19.300000000000004
852,0.145288576332,1.58301694818,2.55960948842,-2.3847113873,19.300000000000004
853,0.153687399236,-1.92358569758,3.57361787834,-0.308648608606,19.300000000000004
854,0.140433501995,5.90001255204,1.94139954786,-1.61632617379,19.300000000000004
855,0.236676106103,0.313498333587,5.07511914488,-2.26179415298,19.300000000000004
856,1.23156577646,4.55047278919,7.96369152419,1.29144656817,19.300000000000004
857,0.258141455714,-1.93090910812,3.59929732559,-1.91840634715,19.300000000000004
858,0.125234564224,-8.23828311855,-0.73909667515,2.017600626,19.300000000000004
859,1.00829699932,0.567435979652,1.30649341759,1.27644553878,19.300000000000004
860,0.451126642972,-0.0708682631282,1.51257679425,-1.48145264915,19.300000000000004
861,0.716295571145,2.41084463677,2.51849931756,-1.53044060837,19.300000000000004
862,0.220401228328,5.07955984226,1.76851935012,1.32902431302,19.300000000000004
863,0.171829034867,-5.29627148353,1.37224453148,-5.77758153796,19.300000000000004
864,0.266278064161,0.256373110795,3.06331806986,0.452062272575,19.300000000000004
865,0.97594322187,0.780773539512,-0.456003651525,-1.41617379768,19.300000000000004
866,7.44690905396,-0.453790696494,3.93832788012,-0.78293542333,19.300000000000004
867,0.61061797728,-1.60318779876,-8.93651223213,-1.60259610827,19.300000000000004
868,0.183167350472,2.39267584154,3.87118245881,0.590706199279,19.300000000000004
869,0.216812344789,-12.7693477463,-8.46518297836,3.18517618443,19.300000000000004
870,0.119326102151,0.409610461421,3.74141662136,-0.56640842007,19.300000000000004
871,0.184313467771,-9.53049501604,-2.82492368425,-1.9461826812,19.300000000000004
872,0.262103799712,4.54718381538,-7.82155812045,10.9607664547,19.300000000000004
873,0.187944460805,4.40004261915,2.99731291532,-7.54757301034,19.300000000000004
874,0.54604912478,-0.452095810656,10.3608845651,-5.34924991497,19.300000000000004
875,0.139365051046,1.13654241068,4.12762540826,-2.73488772053,19.300000000000004
876,0.571539011913,1.21054105893,3.06715939613,0.120103673373,19.300000000000004
877,0.169353072917,-3.55778926533,4.86925486549,-0.128865598604,19.300000000000004
878,0.139543247139,-1.40299928032,2.73519483269,-5.14062735911,19.300000000000004
879,0.106876154438,-2.28437318226,4.5128676483,-2.48630486421,19.300000000000004
880,1.04092275235,-7.90984383954,8.05529625312,8.65069986834,19.300000000000004
881,4.58866961015,0.145754641477,3.48948126716,-1.32043739644,19.300000000000004
882,0.657077303712,0.202656284501,4.44434408974,2.78970215011,19.300000000000004
883,3.79110539528,-1.4018874386,3.49480594579,-0.137333596189,19.300000000000004
884,0.846250665247,-0.384740710416,2.72799818556,-0.667562814546,19.300000000000004
885,0.804938350084,0.63413448904,3.20158084843,-1.23823542059,19.300000000000004
886,0.104476577212,1.18249313079,4.26572324928,-0.0931549315336,19.300000000000004
887,0.20824117496,-11.3946934181,7.288302085,-3.06495705732,19.300000000000004
888,0.486021267336,-9.31332897726,7.15263742835,2.43825459331,19.300000000000004
889,0.134104448395,2.67663275505,0.468859913619,9.35691859885,19.300000000000004
890,0.175245137478,-1.08324130786,1.91235535078,-2.57407109837,19.300000000000004
891,0.483693267742,0.180519930387,2.86202869883,-1.5150289792,19.300000000000004
892,0.125128792446,2.13772168529,4.4967077427,-1.73708787531,19.300000000000004
893,0.152835355675,1.65744869785,5.57044926125,-2.18273426388,19.300000000000004
894,0.317491559413,0.391466581063,2.92446033139,-1.13210247085,19.300000000000004
895,0.300088400686,8.66785139812,1.71747551455,-4.27499369416,19.300000000000004
896,0.129951591704,-2.99916764594,1.75983104272,-1.32720461305,19.300000000000004
897,0.784492601116,4.88654494868,4.70095231654,3.80451551488,19.300000000000004
898,0.1741551244,0.961954693858,-3.73495071942,-10.2812936139,19.300000000000004
899,0.106885490138,4.89145697261,-5.13938120713,-4.08839266267,19.300000000000004
900,0.155028854031,-0.0875866073107,1.38518388614,-15.5456605961,19.300000000000004
901,0.344533546158,-5.1967100853,-4.00805936034,0.362941438697,19.300000000000004
902,0.731590741464,1.94490533918,5.89441024069,-1.8518551649,19.300000000000004
903,0.452846930352,-4.79873583518,5.87573554748,-0.062458617647,19.300000000000004
904,0.147515323979,6.94984156723,-0.851950610602,-7.40243597227,19.300000000000004
905,0.1159934548,0.626332835628,3.78777945834,0.578967598892,19.300000000000004
906,0.357268121517,1.38725733839,0.314920243259,-3.11566046429,19.300000000000004
907,0.106910800332,-0.121324820736,3.19438667044,-0.537005498863,19.300000000000004
908,0.181906252241,-1.50255877917,2.3705130656,-0.108405290653,19.300000000000004
909,0.107467314483,-0.794740773246,5.2241088442,-1.10310878563,19.300000000000004
910,0.6176275416,-2.19979917318,5.63882620972,2.73408914142,19.300000000000004
911,0.354052021901,-1.71516936233,4.46676740449,-1.88198026378,19.300000000000004
912,0.112458477792,0.142982924462,3.47421656754,-1.05772759151,19.300000000000004
913,0.182447323805,2.06734663072,1.47484778249,-2.18104967667,19.300000000000004
914,0.21560419707,0.370254398565,1.60769919622,-0.535949651152,19.300000000000004
915,0.292754117495,-1.02778275275,1.31829136039,-0.395772904446,19.300000000000004
916,0.14310819778,-0.424900793668,3.6563855313,-1.02306812961,19.300000000000004
917,0.190720039969,0.388183097127,0.0681236219037,-1.53395161573,19.300000000000004
918,0.477679760527,-0.0176179266833,3.16261528928,-1.48074756625,19.300000000000004
919,0.208854244731,1.33967205147,4.06067239293,0.834394253986,19.300000000000004
920,0.203935887606,0.138157729391,4.04114091322,-0.663287435589,19.300000000000004
921,2.53892502896,-1.3839643822,3.31577997178,-0.563733504525,19.300000000000004
922,0.198003460016,0.612823846643,2.23439230714,-0.459239394751,19.300000000000004
923,0.162605319225,0.741027493399,2.87463352964,-2.1926808935,19.300000000000004
924,0.179444925168,-7.05809483365,11.66104866,-5.01508064708,19.300000000000004
925,0.306472169535,-21.7836838586,-15.7537777582,-10.2507046936,19.300000000000004
926,0.146168081563,-2.08141565477,5.4824329466,-2.22675873556,19.300000000000004
927,0.736601466311,-6.89779213869,-14.8876412099,1.23394144654,19.300000000000004
928,0.154550169911,-2.46646610838,-0.451921136211,15.7524348646,19.300000000000004
929,0.42624096315,-0.563758868066,3.3780460991,-4.2517930693,19.300000000000004
930,0.111314830068,1.63763741965,0.208188953722,-2.34397917049,19.300000000000004
931,0.119906235297,0.174272674562,3.56674074421,-1.44340419565,19.300000000000004
932,0.802909161672,-0.137668941142,2.89511777218,-3.17605019771,19.300000000000004
933,0.146245909282,-5.27722579548,11.9539264982,-3.87767560902,19.300000000000004
934,0.349073862012,-0.779732816464,4.82614914391,-0.785702344617,19.300000000000004
935,0.422211193772,1.17800213872,2.23812071302,-0.239513264412,19.300000000000004
936,0.205675732113,1.78412843713,0.511281721237,-1.41397705111,19.300000000000004
937,3.09283248293,-4.32034693177,7.77035099334,1.39469779376,19.300000000000004
938,0.413532643891,-2.43093805204,2.8216482108,-5.96358446645,19.300000000000004
939,0.568907296748,5.6488098024,-6.51733387022,-7.61400123984,19.300000000000004
940,0.488524860986,-1.69193621103,8.36504028241,1.67171959732,19.300000000000004
941,0.24014886147,1.01527825959,-2.12269627852,-0.671863582685,19.300000000000004
942,0.699658284421,1.46483504344,5.79637032496,0.953126016104,19.300000000000004
943,0.229555231672,-1.4403602435,6.01235042237,-2.38483145149,19.300000000000004
944,0.128765842177,-0.0974490990551,2.68155860525,-6.54124494987,19.300000000000004
945,0.78996519554,2.82604985517,7.89821892266,3.79865022473,19.300000000000004
946,0.305513204686,1.35654583417,2.65200878175,-2.40472176473,19.300000000000004
947,0.353519690806,0.567368776516,3.88785427764,-0.684776776994,19.300000000000004
948,0.207406688787,0.85986661906,4.68398973549,-0.0647867168074,19.300000000000004
949,0.241441576598,0.468837056942,3.21474275582,-3.75371784088,19.300000000000004
950,0.355458189918,2.23011548031,5.07103235668,-7.07010723472,19.300000000000004
951,0.427409282752,-0.806902990193,9.47430628943,-3.2409129462,19.300000000000004
952,0.108576053468,-3.43625061389,5.60633932227,7.90026063747,19.300000000000004
953,0.121137821988,0.160215154588,4.38948184676,-3.67986157334,19.300000000000004
954,0.419703130716,-0.361088667419,2.55605111588,0.110596812819,19.300000000000004
955,0.179238923192,-3.40675540353,8.34418664351,1.79253735296,19.300000000000004
956,0.34416405276,0.27940455705,2.98418663453,-0.472632029327,19.300000000000004
957,0.162209415408,1.28977285945,4.63657651891,2.50829728091,19.300000000000004
958,0.327708665176,0.557301614303,2.02915924403,-0.474840049678,19.300000000000004
959,0.122546103302,1.87064019099,6.25602434719,-1.23631775625,19.300000000000004
960,4.93791741057,0.842526085346,2.89939108256,-1.14756328069,19.300000000000004
961,1.90001202733,-4.06083251054,-6.50857989007,-3.05319939899,19.300000000000004
962,0.807166763562,2.26127825978,6.99056600055,-1.57431538733,19.300000000000004
963,0.109520499772,-0.199908439277,3.00065040582,-0.470058622146,19.300000000000004
964,0.227955226586,-1.42935907425,8.28383108883,-0.496410472473,19.300000000000004
965,0.100687160332,-2.22376599713,14.8802423768,-0.804713698196,19.300000000000004
966,0.172059899615,4.59443082517,9.71694639003,-1.7841081314,19.300000000000004
967,0.116285686634,-3.51834349086,-13.361765419,3.33905054354,19.300000000000004
968,0.228438188063,-1.50865109746,2.40370461241,0.830625590902,19.300000000000004
969,0.786855241392,3.81264869822,-2.37746636153,-4.50064763631,19.300000000000004
970,0.265994353991,0.940858651139,3.77763744138,-0.387617773896,19.300000000000004
971,1.3437876102,7.30178552489,10.5597501831,-4.58142717256,19.300000000000004
972,0.298486641742,0.256346294519,5.74558652777,-6.64936888033,19.300000000000004
973,0.327633433798,-0.530624469647,2.99770765299,0.945079147105,19.300000000000004
974,0.497057312538,3.67191165259,-3.34880190456,3.07125074602,19.300000000000004
975,0.140979331213,-2.61903256243,-6.20180893984,1.94083425663,19.300000000000004
976,0.259779613389,1.43734923093,4.57227107643,-1.20658787453,19.300000000000004
977,0.47936050936,-1.16037945384,5.72309118764,-0.484545370016,19.300000000000004
978,0.811338203866,0.247011131725,3.85432421718,-1.49523289313,19.300000000000004
979,0.410003457947,3.79231030451,3.25170315684,-5.54234978787,19.300000000000004
980,0.518185159618,8.27198309769,17.9654765098,8.17368402772,19.300000000000004
981,0.440399742669,0.365656519806,2.55362307687,-0.199699029467,19.300000000000004
982,0.351112292908,0.0243834795685,3.59425669913,0.41320436597,19.300000000000004
983,0.118445721077,0.333211581028,1.08020026172,-4.15952596597,19.300000000000004
984,2.74173897253,0.994280551054,0.809438242283,-8.61352646926,19.300000000000004
985,0.192233529441,-2.986051827,3.67378217951,-3.76078680512,19.300000000000004
986,0.17117711087,-4.3734572085,5.42506180941,-0.548720626474,19.300000000000004
987,0.179162563543,-0.300690131937,6.4552393488,-1.60377098281,19.300000000000004
988,1.1126819754,1.21557251603,1.30463640062,0.0454343623218,19.300000000000004
989,0.378019864984,0.234039975477,0.290208185279,0.0643167487969,19.300000000000004
990,0.138219121431,-5.72184000137,14.7301260319,-0.0392226260292,19.300000000000004
991,0.252707328406,4.28532269191,17.9618118392,-14.1835973611,19.300000000000004
992,1.30616386628,4.89916174299,7.92860240426,2.47440708701,19.300000000000004
993,0.128891123026,3.44279373892,12.4933124167,-1.10636334203,19.300000000000004
994,0.11470702241,-0.972743543484,2.6650884465,-0.173958868444,19.300000000000004
995,0.165523413791,4.99392630665,3.19053567127,-5.93451380742,19.300000000000004
996,0.320067053339,-1.08689755399,5.72078064661,-2.27034898334,19.300000000000004
997,0.223080887444,5.90007395723,8.16565531515,2.58762649608,19.300000000000004
998,0.125099335861,6.02278841006,1.72105469333,5.78286692018,19.300000000000004
999,0.103788387588,0.435349417454,5.52167975604,-1.15243581837,19.300000000000004
