Star_ID,Mass (MSun),X (pc),Y (pc),Z (pc),Simulation Time (Myr)
0,0.396344301263,-1.52485745422,-0.701552488881,0.273688370274,9.399999999999983
1,0.3117405728,-0.0712326647533,1.81524462079,0.11084348262,9.399999999999983
2,0.17459471687,0.709549406749,0.285938114248,1.81532138572,9.399999999999983
3,1.28627650352,-0.165669830896,2.72002961892,3.1016252643,9.399999999999983
4,7.36064557256,-1.72949247099,-0.632519276594,-9.11022731945,9.399999999999983
5,0.36030800552,0.273832028627,2.08244072131,-0.414410748656,9.399999999999983
6,0.379290787529,1.01242872114,-2.50838743202,4.63226239784,9.399999999999983
7,0.366423091808,2.07679225107,-2.23714100966,0.43714782702,9.399999999999983
8,0.207429687396,-0.755556559694,0.954639690467,-0.18693931046,9.399999999999983
9,0.86823385835,-1.3062898668,9.05853946914,3.68276948462,9.399999999999983
10,0.274075243518,-2.44840103567,5.99355260186,2.06216476478,9.399999999999983
11,0.451038295488,-0.0894642659994,1.62755563671,2.33650045795,9.399999999999983
12,0.277887845398,0.0215924175437,1.29841886906,-0.795477569044,9.399999999999983
13,0.245943131566,-4.64870634594,-2.55301156102,-1.6346167865,9.399999999999983
14,1.12166973714,-0.042289249158,0.938061788752,-0.58620921388,9.399999999999983
15,0.521091349867,2.16580975263,0.417679334561,-2.1357911111,9.399999999999983
16,0.762093365264,1.90329674559,1.9849790701,-0.683493471429,9.399999999999983
17,0.31988998167,-0.51870816716,1.84573563544,1.37675360807,9.399999999999983
18,0.116502149326,-0.232440889359,2.16655437324,-0.721524343569,9.399999999999983
19,0.167818796443,-0.583301688968,0.243591060561,0.75227697419,9.399999999999983
20,0.16956505587,4.24781031005,6.75999472129,5.21465511658,9.399999999999983
21,0.13610429301,-0.896257466556,2.38317016804,0.548515962364,9.399999999999983
22,0.143284022045,0.490428976172,2.24397297858,0.341471546099,9.399999999999983
23,0.200208316338,-1.00017820819,4.49074497816,-0.284538310104,9.399999999999983
24,0.127374229699,3.17014648937,0.035779893067,-0.144994941784,9.399999999999983
25,0.103543097793,3.11196995781,3.50231277788,3.61229740691,9.399999999999983
26,0.101400242721,-1.87810000861,-3.57475777397,-1.22317402936,9.399999999999983
27,0.15212470667,-5.04760784492,-2.82389696418,-3.67828543284,9.399999999999983
28,0.355242000014,-1.99329836858,-0.478511040126,-9.049207405,9.399999999999983
29,0.109297783142,6.81917436747,7.29892042631,1.3422581178,9.399999999999983
30,0.178732935981,0.201191396185,1.4465948691,0.264322929137,9.399999999999983
31,0.157474977408,0.382000937518,4.57089661107,0.406274551879,9.399999999999983
32,0.109932020903,3.56450027668,6.60806366399,-0.441089322487,9.399999999999983
33,0.297686353639,-0.236360178768,-4.69788423249,5.70865402457,9.399999999999983
34,1.08222441479,-3.24626463645,6.02814607767,12.5305924559,9.399999999999983
35,1.04045070284,-2.32311161674,2.56552798964,0.39001964783,9.399999999999983
36,1.97260524211,-3.01293117829,2.60764704612,1.38246505504,9.399999999999983
37,1.95935337631,2.1805558309,1.90041057895,-2.90716307151,9.399999999999983
38,0.174955626514,2.39471343763,-0.298319141278,-1.20141124627,9.399999999999983
39,0.424017180968,-2.19433750983,4.4704683811,-5.65065006414,9.399999999999983
40,0.128715035071,0.0878458906002,3.25996199635,-0.713200071288,9.399999999999983
41,16.6381507674,0.246055509989,1.96225552567,-0.419891047253,9.399999999999983
42,0.469211009579,0.407322504129,2.92535217346,5.72844210267,9.399999999999983
43,0.381119849503,-0.475207320221,-0.231438076991,0.135021685231,9.399999999999983
44,0.135953195698,0.528684137784,1.7502876259,-0.833771989156,9.399999999999983
45,0.256226001201,-1.62000326225,0.321272488832,0.900756989346,9.399999999999983
46,0.575357148632,-0.0635521454862,-1.51199110401,-8.95420842758,9.399999999999983
47,0.100023685512,4.72347706552,-1.3798575377,-5.32144129651,9.399999999999983
48,1.00443861879,5.54479637771,8.57982646154,6.20208982548,9.399999999999983
49,0.167863492571,0.907365545425,-2.45647145772,-4.74278471786,9.399999999999983
50,0.149076842782,-0.548362426827,0.0367320736138,3.1172179022,9.399999999999983
51,0.299905987616,1.59844118306,-3.27634802158,1.57646834822,9.399999999999983
52,0.315998954751,-1.72518815706,3.6825068736,-1.15628707845,9.399999999999983
53,0.273064773995,0.774480560121,1.60350172127,0.279190005933,9.399999999999983
54,0.147874344878,-0.634750842908,-0.552980198624,-1.35376429609,9.399999999999983
55,0.358881547163,-1.97863862094,3.03737745516,0.196699055917,9.399999999999983
56,0.535226621721,-0.623255682626,1.092345705,0.763280394761,9.399999999999983
57,2.129556699,-1.65100991354,1.08546674724,0.420907852404,9.399999999999983
58,0.187799813185,-0.151494743332,1.81018792554,0.836448189628,9.399999999999983
59,0.418312467952,0.787811874813,1.37209819339,-0.220532634499,9.399999999999983
60,0.26747443736,1.94864023094,-0.027261052986,0.216698461239,9.399999999999983
61,0.118657155039,-4.23720512877,-3.23635989941,5.47543816361,9.399999999999983
62,0.37551484679,1.72599545258,-2.24730376625,0.359971872789,9.399999999999983
63,0.149658755336,0.558397712307,1.23776298605,-1.22135403246,9.399999999999983
64,0.588343369111,0.29194688972,0.731988847149,0.832533462176,9.399999999999983
65,0.255935031404,-0.56278778941,-7.57875848958,-1.78235365351,9.399999999999983
66,0.114966476773,0.516801955648,3.59821398576,-1.82741134114,9.399999999999983
67,0.209089849063,-1.73371621753,2.15262436484,4.30058955792,9.399999999999983
68,0.381160157303,-1.10878240714,0.345637682274,-0.0116325772879,9.399999999999983
69,0.103704387076,1.87871764634,1.02040002547,0.280528058604,9.399999999999983
70,0.158423627487,0.0613427247213,-0.96873178982,-0.285076647382,9.399999999999983
71,0.158745876695,2.4333492015,1.69168109089,2.04012452481,9.399999999999983
72,0.168131729139,0.703180152593,1.72591651772,1.45596390437,9.399999999999983
73,0.15353083053,-1.88129770837,-0.932831766341,5.71127625007,9.399999999999983
74,0.162373790037,-1.38161081738,-2.5284534651,0.982931485006,9.399999999999983
75,0.265880628682,-1.38224104657,2.58578200968,0.281559686035,9.399999999999983
76,0.635655064496,2.06720964092,-2.98809090712,3.81000175656,9.399999999999983
77,0.719520134543,-6.95592389469,4.86014279127,-4.39665876315,9.399999999999983
78,0.208095862288,0.541657706035,1.3107734709,-0.123295780859,9.399999999999983
79,0.219331316947,0.521172613884,0.0573630063045,-1.6988078993,9.399999999999983
80,0.244677081497,-1.62422418754,4.46950147879,-1.42242439526,9.399999999999983
81,0.112069428753,-0.578156455811,-0.227847504829,4.07995474305,9.399999999999983
82,0.347188353609,-0.802006371815,2.83275846492,-0.0585000398591,9.399999999999983
83,0.209253599501,-0.800430072645,-8.95157878471,1.04137859778,9.399999999999983
84,0.282779382233,-12.7874093205,2.322090088,-0.78059077646,9.399999999999983
85,0.794342808215,2.43298676896,2.84638557259,1.12773240377,9.399999999999983
86,0.179714529834,-0.00776042136546,1.99951736769,-0.985743588826,9.399999999999983
87,0.116478010634,-0.159853895958,4.176424352,-2.84819256522,9.399999999999983
88,0.429351603363,-6.5147303673,8.88646565432,2.94502716096,9.399999999999983
89,0.124376020159,-1.82213756379,0.370305092657,1.20544111986,9.399999999999983
90,0.396150353359,0.223894581305,-1.19888444429,-0.431663289923,9.399999999999983
91,0.121281879905,0.654309002405,0.77714409028,-3.23216801082,9.399999999999983
92,0.102874878468,0.467249380169,1.74050007041,0.290668717202,9.399999999999983
93,0.586356035906,-1.16679148352,0.421382634597,-0.336051947725,9.399999999999983
94,0.223473166371,3.31558944326,2.37836142548,-1.39922411385,9.399999999999983
95,0.663122412377,-3.60167110491,-0.346010791931,-0.509118931496,9.399999999999983
96,1.96881041677,1.40429595581,-1.12892515375,5.00407401329,9.399999999999983
97,0.119672736307,-4.53124256596,6.71632905464,1.45688186223,9.399999999999983
98,0.105605875517,2.04827635449,-0.0479949152473,-0.21549525253,9.399999999999983
99,0.136662614938,-0.205277290046,2.44973742371,0.139954070617,9.399999999999983
100,0.220993901345,5.56275873433,-1.30834332835,-6.59735161092,9.399999999999983
101,0.152961976159,-4.19341323791,-7.26581613997,-0.876854600497,9.399999999999983
102,0.236856575073,1.7823424451,0.665728085273,0.433340106688,9.399999999999983
103,1.43475536867,-3.54190510648,4.86544279157,1.57989742555,9.399999999999983
104,0.110174905266,0.359513740934,4.15703990604,8.06784870281,9.399999999999983
105,0.114044722649,3.45577522708,1.69847249022,-1.55482495557,9.399999999999983
106,0.101881694316,0.83793752657,5.25067164487,0.3759867215,9.399999999999983
107,0.620900146541,1.78571418533,2.51221749111,-3.35087700024,9.399999999999983
108,0.381057583005,2.90621121024,4.24146288837,-3.6717127555,9.399999999999983
109,0.205499556983,-0.16827702348,2.30739159621,-0.816552020863,9.399999999999983
110,0.102660906968,0.0282017806892,3.3140122245,0.371855349735,9.399999999999983
111,0.587067234205,-0.0723539625137,2.06783982239,-0.826340682782,9.399999999999983
112,0.294145541286,1.69112286635,1.98173746572,1.87642879094,9.399999999999983
113,0.157802630441,1.51728748767,2.16783113012,-3.21202472982,9.399999999999983
114,0.113337354286,-2.93387938637,-2.87588066619,1.91096653295,9.399999999999983
115,0.184880100768,0.953270689537,-1.49601393155,-3.37250255225,9.399999999999983
116,0.408185151212,3.66159019465,2.29598683796,-0.846740342488,9.399999999999983
117,0.119556008415,-0.0589402896002,0.558367711742,0.818980700354,9.399999999999983
118,0.204946308524,3.64214240984,2.08669514555,2.10378364427,9.399999999999983
119,0.39021086948,-0.334185061171,0.732071215248,-0.195311416916,9.399999999999983
120,0.440412809808,1.50966163495,0.466446464132,-1.28442853554,9.399999999999983
121,0.233292182399,-7.74386981271,-3.67804616076,2.05507549535,9.399999999999983
122,0.103070724582,4.03772607473,-0.918379851598,-5.0548402067,9.399999999999983
123,0.446617832653,-3.39840229046,0.214766686644,5.98363598012,9.399999999999983
124,0.274855086764,-0.474148802823,4.84813784839,-2.97789146035,9.399999999999983
125,0.118121447403,0.155380010766,2.93048827767,-1.20830436102,9.399999999999983
126,0.418411956042,0.0971792972962,2.60002595126,0.151803366728,9.399999999999983
127,1.71745627356,-1.50683752852,3.37944615825,0.137068907348,9.399999999999983
128,0.288128911154,-1.8806544421,0.649024975401,-0.373863409492,9.399999999999983
129,0.235292815672,1.71065656444,-2.67190088201,7.92699754304,9.399999999999983
130,1.04481678052,0.90019976845,3.36661280217,-3.08696188984,9.399999999999983
131,0.314379950725,-2.10211117157,2.75137357239,1.69085715695,9.399999999999983
132,0.524461589974,-0.91515384267,2.83339196419,-2.65040983272,9.399999999999983
133,0.6045657594,-0.769278777712,1.82105156769,1.06986391769,9.399999999999983
134,0.559334207559,-0.226031419116,0.813738036314,-0.582205430989,9.399999999999983
135,0.654599513045,2.19835999167,5.10336175627,-3.85194531525,9.399999999999983
136,0.182775375422,2.60535800391,0.531455648602,-2.68472160174,9.399999999999983
137,0.309634108473,1.77320545481,1.41133471508,-2.22937087219,9.399999999999983
138,0.131147315912,3.12813014773,4.34156286479,1.20684083017,9.399999999999983
139,0.188150093909,-4.7101613581,-7.18970262196,2.27890907923,9.399999999999983
140,0.116315938603,7.0173769483,7.78380317727,-0.600987589066,9.399999999999983
141,0.532061388458,0.523700741742,0.97475613116,3.3247345467,9.399999999999983
142,3.50225836112,-0.603411907357,2.69345454851,-0.563236462853,9.399999999999983
143,0.7437921755,-0.583025713252,5.36555325138,1.52098104348,9.399999999999983
144,0.149058063179,0.232979607117,0.932183382169,2.10130404055,9.399999999999983
145,0.605821677722,-1.07187681714,1.33571612771,0.859560090557,9.399999999999983
146,0.850741933486,2.16694932428,-0.575991357059,4.43442160695,9.399999999999983
147,0.292310499679,0.254495765521,1.49775680026,-0.574389027735,9.399999999999983
148,0.255937464249,1.96556444658,3.11333269757,-0.240224752383,9.399999999999983
149,0.298507520144,1.24285615033,2.01432803481,-0.692740197847,9.399999999999983
150,0.231493847041,2.05855046606,3.04635915563,-3.75995330896,9.399999999999983
151,0.124276319546,2.76783643417,-1.79927301223,0.761004999949,9.399999999999983
152,0.339676170521,-0.823035267075,1.72548387561,0.0490584828421,9.399999999999983
153,0.349852458361,1.87307581281,2.74476057301,-0.880091906774,9.399999999999983
154,0.516293725287,-4.85084099722,0.370455174271,-0.825431059735,9.399999999999983
155,0.162025636217,-0.208341708153,2.18496106755,-0.806470863135,9.399999999999983
156,0.190624171618,-0.627310724475,-0.360614510986,-0.36114721574,9.399999999999983
157,3.58420936187,-0.0551916467586,1.31353334898,-0.416149174252,9.399999999999983
158,0.789874643566,1.79977763881,2.18747588662,-1.2187110087,9.399999999999983
159,0.105234864204,-0.180951489415,3.06021659355,0.112435771897,9.399999999999983
160,0.386346760232,1.66361133714,0.943992926758,-1.00855611999,9.399999999999983
161,0.106794309221,0.438578446706,1.431825127,-0.94300479566,9.399999999999983
162,0.122574285684,-0.38050563611,4.64633170899,4.70713541863,9.399999999999983
163,0.208659567096,-0.777813432116,0.0521098266948,-5.25492670833,9.399999999999983
164,0.12176885366,0.25833534833,0.265677606598,-0.624464840515,9.399999999999983
165,1.00763696679,3.94126190609,-3.8924564049,0.666828726832,9.399999999999983
166,0.122919577503,4.48210921837,1.76296839979,-1.69098142787,9.399999999999983
167,0.426319112781,0.699634265883,1.19105276428,-0.418846461324,9.399999999999983
168,0.148134677528,3.05686886063,0.415051599926,-0.302256979245,9.399999999999983
169,0.141615838637,-0.65917813223,2.61279569403,-3.11852010723,9.399999999999983
170,0.45296512585,-0.775343396759,4.29435101418,1.91678989205,9.399999999999983
171,0.143720317816,1.47630827767,0.769823251889,-1.76199919333,9.399999999999983
172,0.662365036985,3.26825094829,-2.03433560573,2.22387687708,9.399999999999983
173,0.104386678023,0.809995635158,2.03238558502,1.38074080864,9.399999999999983
174,0.438889040231,-0.321963435851,0.748266746284,-0.287237761127,9.399999999999983
175,0.105547544269,4.51966227094,-4.14883508754,-0.0958365205601,9.399999999999983
176,0.173250058188,-1.30214546599,-0.256363783245,1.13362982042,9.399999999999983
177,0.144390311607,3.4348074607,-0.435964341315,-0.389761865706,9.399999999999983
178,0.269585760297,5.01794750262,-4.93931438437,-1.18670096201,9.399999999999983
179,0.662937748467,-0.666393035832,2.42967880295,-3.94917133551,9.399999999999983
180,0.470953245736,1.45515380932,2.07514162616,0.691111211102,9.399999999999983
181,1.05484737012,-0.724018780716,3.19707979926,-0.204652469128,9.399999999999983
182,0.103594519269,1.09501788762,1.11845481254,-0.849804558905,9.399999999999983
183,0.396206722002,-3.5551167781,3.28828765022,-1.6972756911,9.399999999999983
184,0.335275035686,3.253907503,-0.263775204997,-5.80188626082,9.399999999999983
185,0.121456327868,0.819552829342,2.13271343429,0.476729956863,9.399999999999983
186,0.484692767349,-0.0102180344792,0.142604653982,-6.36411936233,9.399999999999983
187,0.134539450701,-2.20125565882,3.3468894014,1.52008256357,9.399999999999983
188,0.170587999707,0.33087509963,0.793721149755,0.437903384324,9.399999999999983
189,0.506091020343,-0.745725780124,4.71675776124,-0.477812112468,9.399999999999983
190,0.118093022407,1.61265277457,-5.39475162483,0.038523970713,9.399999999999983
191,0.403245388359,0.121084406215,1.28910442053,0.399031802063,9.399999999999983
192,1.0229663452,-1.7497865871,2.92082324515,-4.5097453387,9.399999999999983
193,0.862612669198,3.96922141077,1.36255310027,1.49943572499,9.399999999999983
194,0.225696214835,1.27154307738,2.21617119787,-0.985485034167,9.399999999999983
195,0.120869170697,-0.843235029159,1.55171083848,-1.08092724989,9.399999999999983
196,0.310963903283,0.702948349068,0.209090253752,3.55517150383,9.399999999999983
197,0.939701427466,-0.0995481908203,-0.996033509546,0.712787426236,9.399999999999983
198,0.246159666216,3.44775198264,2.46205094079,0.923495878361,9.399999999999983
199,0.534508456378,0.961476913536,3.2985470878,-3.04439212117,9.399999999999983
200,0.34639750521,0.906165811162,0.956246469317,0.135493310797,9.399999999999983
201,0.101725792942,-2.9511555543,-2.01411887247,-13.0580951093,9.399999999999983
202,0.681943287477,3.33462499158,1.85470700671,-0.361419368733,9.399999999999983
203,0.477536237874,1.82962658069,1.89153556038,-4.33588954092,9.399999999999983
204,3.03409213391,0.0478340740001,2.02939888446,0.0595683208046,9.399999999999983
205,0.12408604159,0.882012918945,2.70433222675,-7.93233338592,9.399999999999983
206,0.239035552451,-1.35642127984,1.01794783598,-2.28157966018,9.399999999999983
207,0.1389326866,4.07343884729,4.37432321445,-7.29366790179,9.399999999999983
208,1.98288068191,-0.51735635728,2.98635664752,0.87044112976,9.399999999999983
209,0.123073242496,0.624041977193,2.10985518342,0.17579953686,9.399999999999983
210,0.157488745413,0.53142246256,3.66690260366,-0.913614123733,9.399999999999983
211,0.172712037341,4.15322260134,5.01018957893,3.98067758156,9.399999999999983
212,0.177020706157,-0.103179570633,-2.44880127053,0.139399952732,9.399999999999983
213,0.165489945246,4.82926136682,-2.96261434038,-5.46187754577,9.399999999999983
214,0.113587630021,-1.78379400504,-2.8739892702,2.14753601809,9.399999999999983
215,0.101204347737,0.407643753065,-0.61995684655,-1.12272817188,9.399999999999983
216,0.172953266653,1.82441267473,0.171189443644,-2.97890645219,9.399999999999983
217,1.2614887155,1.55673992052,-1.6756922975,-0.959462476753,9.399999999999983
218,9.19827431149,0.440802519644,1.01237343206,-0.600822392513,9.399999999999983
219,0.308094498213,0.0924972343299,2.30859936604,-0.457590645318,9.399999999999983
220,0.440774531013,-7.08020046964,-3.8366755546,0.368809460073,9.399999999999983
221,0.238116319588,-1.37946316521,4.18905981428,1.22716578862,9.399999999999983
222,0.137881727079,0.165405181614,1.17006750838,-2.56833279953,9.399999999999983
223,0.886336772069,0.790157028772,0.138161059674,-9.94507252211,9.399999999999983
224,0.178981583262,-6.48458542068,2.91071267621,3.76014592303,9.399999999999983
225,0.285614485012,3.26280305474,1.95407880905,-0.76651094279,9.399999999999983
226,3.7393289359,-4.9964371985,-1.25825515023,-1.68716292434,9.399999999999983
227,0.799978873873,0.315994628081,0.730574053973,-1.28417041135,9.399999999999983
228,0.409121595182,-0.483461321541,1.74789031099,-0.61632994135,9.399999999999983
229,0.300230880689,0.214957436127,1.2204485585,-0.695990946693,9.399999999999983
230,1.33210846637,1.83568470666,0.682005853489,-7.88022261711,9.399999999999983
231,0.311751714659,0.336431504926,1.54572786933,-1.51376672001,9.399999999999983
232,0.240777450574,-5.6692421617,8.70131082445,-1.30964957504,9.399999999999983
233,0.223745557454,-3.40406483354,1.85836195799,-0.845819039821,9.399999999999983
234,1.37085614785,-5.2951488334,8.685659389,-3.08300783399,9.399999999999983
235,0.503317841055,2.32820266265,0.99247358274,-0.297706176453,9.399999999999983
236,0.302579202867,1.1115194214,0.542857565785,0.878392729913,9.399999999999983
237,0.102568068269,1.52547063628,-3.41308042167,-3.2230453572,9.399999999999983
238,0.230579453567,1.02390822949,4.19007429414,-1.82009352719,9.399999999999983
239,0.276071815416,2.14596272463,0.748392752521,-0.911331256672,9.399999999999983
240,0.165998016948,1.14770025313,4.32819731764,-1.17972640592,9.399999999999983
241,0.448726657298,4.49942266848,0.997715675599,4.43299673647,9.399999999999983
242,0.955796470101,-3.49548306618,4.31691322778,-0.437608360567,9.399999999999983
243,0.219589937965,0.649540908773,1.61570587645,0.330380217394,9.399999999999983
244,0.420556910993,0.52761317455,-0.755576679425,1.85704831606,9.399999999999983
245,0.188838671231,-0.666480880152,2.52816047451,0.556425794501,9.399999999999983
246,1.72277800506,0.068826283992,1.66868508074,-0.905505632008,9.399999999999983
247,0.64175931837,-0.645076877154,1.46838646249,0.276110043563,9.399999999999983
248,0.501438471589,1.02508226176,2.17398987741,0.165914015758,9.399999999999983
249,0.781533039262,0.936888112852,2.67870644877,-0.801134750817,9.399999999999983
250,2.80518388449,2.1813289147,0.510647882033,-0.614946063594,9.399999999999983
251,0.464620319577,0.432651019541,1.63750528541,-0.219861597578,9.399999999999983
252,0.370869765126,-3.84360803933,-3.03314152027,-1.04598800781,9.399999999999983
253,0.381441783387,6.34274067979,5.47456308684,-1.32770523154,9.399999999999983
254,0.14947222661,-1.21550621843,4.56498268982,-0.323552868619,9.399999999999983
255,0.143297168688,1.40319517482,3.396382775,-1.43777314294,9.399999999999983
256,0.211463135922,0.0135723683392,1.04840226339,-2.61695918869,9.399999999999983
257,0.14565015599,0.980046436059,0.268066530465,-0.0810342175752,9.399999999999983
258,0.475446366112,-9.0971978104,3.12568553791,-0.0889979072155,9.399999999999983
259,0.145138771304,0.0734985011102,1.55916571855,-1.06515206526,9.399999999999983
260,0.18507184997,-0.137909695942,0.770395212097,-1.64881023779,9.399999999999983
261,0.296139542497,1.69404809533,2.33225639021,-0.00712153103031,9.399999999999983
262,0.509962158768,0.640158671166,1.5004912648,-0.93794727945,9.399999999999983
263,0.268093225799,0.176161763622,0.683330774001,-1.93508092855,9.399999999999983
264,0.307024691851,0.61592532066,3.34666559218,2.44768856814,9.399999999999983
265,0.412797143877,0.505518735535,0.526754727697,0.421162658228,9.399999999999983
266,0.641853859942,-0.687731382717,1.42982329275,-2.68948341041,9.399999999999983
267,0.206566866303,6.77640887058,3.63379111276,-6.36167446922,9.399999999999983
268,0.11600977213,-0.461943543877,0.198773934515,0.0231778849941,9.399999999999983
269,4.07517584201,-1.77267670528,2.3488530861,-1.05529662148,9.399999999999983
270,1.77589774456,5.94035581782,3.54477150909,-7.00251760782,9.399999999999983
271,0.320654010834,0.484897791027,1.92933145227,-0.159970641518,9.399999999999983
272,0.111414815648,-4.15963329632,0.0495903911043,0.279432246813,9.399999999999983
273,0.356759075528,-0.0456284884063,2.4978272458,-0.227312786108,9.399999999999983
274,0.131221384176,-0.684074908311,1.69464224709,-0.0188291783172,9.399999999999983
275,0.275966280613,0.87816761154,0.638932304839,0.191221626487,9.399999999999983
276,0.525394288373,-1.46126718254,0.397989728184,-2.16952369757,9.399999999999983
277,0.292626506559,4.21730521797,1.6392667479,-2.70387255247,9.399999999999983
278,0.198016184235,-0.833515548649,4.55818223213,-1.36583180255,9.399999999999983
279,0.332781593629,-0.567424809976,2.35230346762,1.16223207242,9.399999999999983
280,0.263889429431,0.936885103728,1.17069608099,0.289154233854,9.399999999999983
281,0.113222812999,0.341486542368,2.79579945313,-1.35422510459,9.399999999999983
282,1.04949124303,-0.140259796162,1.48921920217,0.332585422889,9.399999999999983
283,0.759891564467,-0.97736136099,-0.00837860243514,-0.767322936125,9.399999999999983
284,0.123591883014,0.437943616945,1.31711773515,0.142740174532,9.399999999999983
285,0.684513278807,4.75951812339,3.14291513943,-1.70705548297,9.399999999999983
286,0.119208591503,-0.281724949229,4.14702123353,-1.5583332908,9.399999999999983
287,0.275155181143,8.11018711448,1.8062411719,-3.26462616023,9.399999999999983
288,2.32379590985,1.15087350073,3.2956332966,-0.431067640907,9.399999999999983
289,0.281561944035,1.75141227382,-4.09409178318,-2.52383246806,9.399999999999983
290,0.563735339871,-0.209266432629,3.3578626549,0.0414462637915,9.399999999999983
291,0.136717086783,-1.56681527103,-15.8116993758,-0.851338259776,9.399999999999983
292,0.417595071652,1.64615281458,2.45592438043,-2.03434682156,9.399999999999983
293,0.318643145737,2.44130694673,0.981013334341,-2.64765081699,9.399999999999983
294,0.220880459389,0.734857127515,1.42662292183,-0.334822773581,9.399999999999983
295,0.15513302158,0.212025417833,1.65837011828,0.305168202141,9.399999999999983
296,2.01779618328,-0.451753258812,0.34241649227,-4.62636578197,9.399999999999983
297,0.168440376114,0.326148561861,1.57428631678,0.327924212629,9.399999999999983
298,1.11554103571,1.6020911085,0.146403192989,-0.411140742625,9.399999999999983
299,0.206066934664,0.428102856423,3.61290520409,0.787664200147,9.399999999999983
300,0.725082922292,7.36492965384,-2.85725158562,-3.00283855477,9.399999999999983
301,0.31552143883,-5.12758871218,1.91571529814,2.21163208903,9.399999999999983
302,0.149647429002,1.10834269352,-7.71070122949,1.89391158199,9.399999999999983
303,0.103774673226,1.61011070931,0.157763442837,-1.22613032405,9.399999999999983
304,0.180940784381,-1.84761852554,1.66705542865,0.158627806541,9.399999999999983
305,0.297221760173,0.573254119697,0.3482202004,-0.0849250387574,9.399999999999983
306,0.447003981193,0.503752323585,2.30481024381,-1.33278910731,9.399999999999983
307,0.17197483016,1.67375923926,1.13973637988,-0.497541607133,9.399999999999983
308,0.132356852078,1.11600377746,-0.13122975231,-0.98932815927,9.399999999999983
309,0.100912088762,-0.836179954285,2.73976766659,-0.218219198914,9.399999999999983
310,0.283522156291,4.2876071381,-4.95596055706,-1.23952324455,9.399999999999983
311,0.728678273885,-1.01293075339,-8.90121245046,9.64947954321,9.399999999999983
312,0.114172934894,-0.294685082001,6.46714433459,4.50940092717,9.399999999999983
313,0.324574892791,1.2480573633,0.354525970385,-3.65444018216,9.399999999999983
314,0.264640693047,-0.623534888699,2.31996521425,0.382841603744,9.399999999999983
315,0.148107149885,0.25211755956,1.94458053463,-5.24298703704,9.399999999999983
316,0.243122620474,-2.71725269191,7.79448244958,-2.47376009637,9.399999999999983
317,0.100820583492,6.8182974512,3.81208013754,1.82118381708,9.399999999999983
318,0.127550924939,0.374539918792,2.1874873175,-4.20111308989,9.399999999999983
319,0.141057132198,-0.181738164499,2.29469601679,-0.849062184179,9.399999999999983
320,0.14455269469,-8.01726133212,1.64041010348,3.54561170064,9.399999999999983
321,0.139234685572,0.644527588141,0.552747312748,-1.1623261621,9.399999999999983
322,0.603813906588,-4.67833001679,-0.535147835789,-1.50753388209,9.399999999999983
323,0.195841721985,1.83477803415,1.29190368292,1.51518428478,9.399999999999983
324,0.10599059719,2.94769283463,4.2616552347,0.927350591503,9.399999999999983
325,0.368582828723,-0.275302941903,3.37616589713,-0.583992907415,9.399999999999983
326,0.334462341434,0.994393494981,1.89938377924,0.802220008155,9.399999999999983
327,0.45092943398,-10.8516082426,-1.4441608932,-4.51970531338,9.399999999999983
328,0.108034254619,1.11353693987,0.0662795463502,-0.195232359818,9.399999999999983
329,0.209559876809,0.651581767469,2.76383723516,-0.741385657667,9.399999999999983
330,2.14585036312,-2.28122925631,2.573335683,-2.09272486061,9.399999999999983
331,0.331655886215,2.66798449479,8.23939020266,8.09503184851,9.399999999999983
332,0.287930036026,2.22254225319,1.57883412121,0.541992674112,9.399999999999983
333,0.148337249882,1.46113837186,5.07821169782,4.77335632847,9.399999999999983
334,0.150636381738,-2.21491918062,-0.344956895732,0.415408245085,9.399999999999983
335,0.166696118589,-5.00702608354,0.0812995038725,0.950762503118,9.399999999999983
336,0.380705458451,-0.201915554776,1.31958210639,1.63317280212,9.399999999999983
337,0.193860982771,1.56096005734,-0.769035088657,-1.03816886225,9.399999999999983
338,0.304093066137,-0.207685586105,3.06036293813,-1.06768302754,9.399999999999983
339,0.294449571434,0.670635842578,0.918621669681,-1.22366350629,9.399999999999983
340,0.358228250363,4.28717991734,-9.91390975049,0.218521443951,9.399999999999983
341,0.268599109251,-2.94254509903,1.54853783147,2.09308193769,9.399999999999983
342,0.173408670899,-0.573657024453,1.76969207898,-0.674055075007,9.399999999999983
343,0.426126282873,0.127878952747,5.70039434656,-1.08887706213,9.399999999999983
344,0.138142253485,-12.0477815255,3.66408626776,3.97261975911,9.399999999999983
345,0.390769485133,-0.0287577542353,1.98310054145,0.599970022141,9.399999999999983
346,0.187950978301,0.240628478396,3.97138012463,0.664643416346,9.399999999999983
347,0.105813844391,0.0700948879524,2.33485246619,-0.671772490429,9.399999999999983
348,1.0680997803,0.223691040094,3.42804256283,-1.42130528418,9.399999999999983
349,0.374743011977,-1.60783280163,0.806429453464,0.189594322958,9.399999999999983
350,0.142244169729,2.46848449722,-0.359313172907,-1.1313667439,9.399999999999983
351,0.526649643231,-1.68613911851,0.132217238256,1.49057223476,9.399999999999983
352,0.37003142897,-1.02723897026,1.37551565716,-1.70389372504,9.399999999999983
353,3.97926362516,0.211796179011,1.13288069092,-0.496249637097,9.399999999999983
354,0.595835891158,0.329399223477,1.76987775232,0.935073004601,9.399999999999983
355,1.30246617089,-0.219911372378,3.14675158935,1.57869575285,9.399999999999983
356,0.176180850066,0.429034274994,1.29150735304,-1.32600357733,9.399999999999983
357,5.95917634844,-1.09124103079,1.04279599754,-1.62301677125,9.399999999999983
358,0.172240939574,3.58509096065,3.73749321725,1.79109785734,9.399999999999983
359,0.128144947593,1.96541529077,-0.541072104001,-2.38622182826,9.399999999999983
360,0.481329573252,3.52365588496,8.25943704713,0.245867905914,9.399999999999983
361,0.115450791586,0.479196402202,1.9194033997,-0.46847803437,9.399999999999983
362,0.108280553735,2.93791285015,2.72237150514,-0.562660467809,9.399999999999983
363,0.229482957635,-1.06244373551,1.45718622565,-1.32451386125,9.399999999999983
364,0.337746948156,1.79978598139,1.77831004019,-0.091103437894,9.399999999999983
365,2.85389363207,-0.00322469537129,1.76643739623,0.726477514185,9.399999999999983
366,0.14644828922,0.0873676721684,5.25144106133,2.20160874917,9.399999999999983
367,0.587283213278,-1.03808353198,2.47868986543,-1.7342419976,9.399999999999983
368,2.25697898068,0.570575936512,1.46241694748,-0.841516847431,9.399999999999983
369,5.27249781676,2.26714807329,6.64447867124,-0.705204708933,9.399999999999983
370,0.283314845117,0.0649893959866,2.26209732457,-3.06602114371,9.399999999999983
371,0.115313393071,-0.12850994053,6.64655043182,-2.14105797655,9.399999999999983
372,0.290678059296,0.521808615582,1.43636101031,0.456858679857,9.399999999999983
373,0.129869501013,0.434940146972,1.00907744133,0.390770369942,9.399999999999983
374,0.430092852474,-0.318783658164,2.02373909962,-0.726219722859,9.399999999999983
375,0.682026044689,-0.597040384531,-2.68361528252,-0.734021052049,9.399999999999983
376,0.49715153447,0.4774498324,1.75502470005,-0.890683240901,9.399999999999983
377,0.242259575007,-0.0344101541684,2.50414352592,-0.498067143588,9.399999999999983
378,0.341463884677,-1.89411849773,-6.52646506256,11.8953766441,9.399999999999983
379,2.28780982417,-4.57121936203,2.21970343872,2.38873047839,9.399999999999983
380,0.532831847413,0.110996700345,1.15775820853,-2.72296509281,9.399999999999983
381,0.137693649176,1.71855203361,-2.76905212043,1.15595944881,9.399999999999983
382,1.20256252594,0.239282761503,3.01178397152,-0.79592298698,9.399999999999983
383,0.196356184355,-2.19529889716,1.29920497882,6.29909965929,9.399999999999983
384,0.27285259885,4.80437614497,2.50568148658,3.96492556135,9.399999999999983
385,0.127100387143,-2.88934221517,1.61861007731,-3.51891068208,9.399999999999983
386,0.157688762408,-3.81265933286,3.47249104012,2.24861350042,9.399999999999983
387,1.01757521878,0.508019102229,0.912805860979,0.917103050992,9.399999999999983
388,0.175947525697,0.507053801753,1.4819809324,0.788849387345,9.399999999999983
389,0.397120812827,-0.386900699997,2.47514162096,1.23707056263,9.399999999999983
390,0.519965085764,0.855160069163,1.71588673561,-1.13920278131,9.399999999999983
391,0.126350559616,7.83332925002,4.24849180516,5.44723581763,9.399999999999983
392,0.813047110722,-1.21398712509,-7.74844857697,-8.25321792565,9.399999999999983
393,0.148228822801,0.798823351086,2.9084389117,-0.886479973078,9.399999999999983
394,0.305508452744,0.513564796819,4.35921912468,1.49722215302,9.399999999999983
395,1.08220207942,-6.23271358714,1.43630657584,0.228601769561,9.399999999999983
396,0.416697940916,0.34339167832,1.76244227004,-0.0687720954595,9.399999999999983
397,0.124829425993,-0.960190262886,-1.54704855304,-1.36223855672,9.399999999999983
398,0.134606256009,-1.72007386587,1.69805442601,-1.91224575147,9.399999999999983
399,1.01400355372,-3.26652482757,5.97020395615,-2.24810830544,9.399999999999983
400,0.131658573883,-0.818995112631,1.75949171775,-0.930427290569,9.399999999999983
401,0.457323792706,3.6357286155,3.0697779604,-0.328788401999,9.399999999999983
402,0.100192570631,-2.25975685497,-2.05989117859,-0.532393631835,9.399999999999983
403,0.107729733721,0.622333769723,1.76189568417,-0.386698144094,9.399999999999983
404,0.362375224943,-0.676357426039,2.0808096236,-4.52644839753,9.399999999999983
405,0.172917415154,0.792205275231,0.109277474183,-4.28710274665,9.399999999999983
406,0.100689987953,2.56187666196,1.28401395581,0.184669199708,9.399999999999983
407,0.110527187414,-4.03488440177,0.331145473936,1.34500791095,9.399999999999983
408,0.118843781045,1.73559636383,1.36473107782,-0.327949307514,9.399999999999983
409,1.5954245952,-0.318621635935,2.19187200861,-1.37814404985,9.399999999999983
410,0.10028945491,2.00528067061,5.39473111298,0.389109520016,9.399999999999983
411,0.134549458695,0.330333372156,1.43875799864,-1.13808785667,9.399999999999983
412,0.147754809271,0.392272845219,1.79822675518,-0.223836798211,9.399999999999983
413,0.428605036193,5.84640318092,6.53122986457,2.06075239255,9.399999999999983
414,0.105733407357,8.41146117613,-0.0235193963185,2.31054217313,9.399999999999983
415,0.509331135489,0.162425778799,2.20988963421,-0.316628543642,9.399999999999983
416,0.378868527313,-0.177249319049,0.262162566698,-0.620801273418,9.399999999999983
417,3.27164335235,0.17084040598,1.50918481136,-0.591836034507,9.399999999999983
418,0.228293201261,0.177135602392,4.36697314541,-0.161918546543,9.399999999999983
419,0.183630678508,0.312195883739,0.965540746892,-1.15873220262,9.399999999999983
420,0.808982082692,3.35316769062,2.71866200604,-1.92494292514,9.399999999999983
421,0.104775915591,2.64114421733,3.29797993503,-3.32869292335,9.399999999999983
422,0.298231759432,0.0655516828905,-4.33368838684,-0.999794196175,9.399999999999983
423,0.305029513495,-0.663526940436,1.39049077416,-0.813382167189,9.399999999999983
424,0.798485234062,0.313346543608,2.29236252637,-1.16230663161,9.399999999999983
425,0.189865813131,-0.230981060498,3.11546389162,-1.11633668339,9.399999999999983
426,0.564372421444,-0.118858876432,3.83755762305,-2.70969192462,9.399999999999983
427,0.240016780807,-4.18101540886,-0.10301755189,0.24204357224,9.399999999999983
428,0.90917449759,1.5124798082,0.435211462442,-0.445863053549,9.399999999999983
429,0.101595400222,0.137605529347,1.35082850951,0.105831175196,9.399999999999983
430,0.256795622596,-2.65160906136,0.0239091542066,-4.91168460236,9.399999999999983
431,0.225892818263,-0.78441607867,5.39654652409,2.84843148504,9.399999999999983
432,0.252126362279,-2.9057648093,-1.6954844817,-4.42149167646,9.399999999999983
433,0.44421916542,-0.604873624463,-0.283913873836,-0.546974752491,9.399999999999983
434,0.25613515049,-1.25914181999,0.589386872606,-1.38322933597,9.399999999999983
435,0.248153497808,3.39219962706,2.02292992253,-1.3867926384,9.399999999999983
436,2.82019163324,1.65026600343,0.420612838671,-0.08787004686,9.399999999999983
437,0.305173701138,-2.2134722515,5.7288541519,-0.258614128854,9.399999999999983
438,0.172760522703,-6.20414955535,-3.40953653645,-15.0862333236,9.399999999999983
439,0.137577218893,-0.834570265626,0.897594140457,-0.29820567821,9.399999999999983
440,0.195206908846,1.15250028964,0.932930359747,3.36518475283,9.399999999999983
441,0.138974165491,3.48005196966,0.323238062004,0.611357306748,9.399999999999983
442,0.339834422877,1.19536809875,1.07712124945,-1.69743606182,9.399999999999983
443,0.205448889401,-0.715350125072,3.63558325549,-5.02695588625,9.399999999999983
444,0.112480547896,1.28193015926,1.85352518461,-1.3072672093,9.399999999999983
445,0.224715390991,0.888241325482,-4.32057803623,-8.16003405849,9.399999999999983
446,0.230490387413,-0.923366779066,3.29058435513,0.50398020191,9.399999999999983
447,1.96280397838,1.17887748986,3.09151159055,-1.95351126175,9.399999999999983
448,0.174869639187,-5.14212172407,0.917146728871,-2.22337403666,9.399999999999983
449,0.24406811819,1.02655935977,0.591350048048,-1.84753994388,9.399999999999983
450,0.149552964694,0.135157910197,1.65031518376,-0.833088307538,9.399999999999983
451,0.529862705878,2.12832769018,0.759124368177,-0.246264458236,9.399999999999983
452,0.62140006841,0.431929960373,1.72523071119,-0.715725739497,9.399999999999983
453,0.40013450158,7.42701707722,1.01666858806,-8.81391324867,9.399999999999983
454,0.287521972656,1.26988017822,1.0189827749,-1.75153125989,9.399999999999983
455,3.72017260108,-0.787236675275,2.73947816162,0.907994174999,9.399999999999983
456,0.121465459726,-3.63879756953,3.27271563218,1.30660345075,9.399999999999983
457,0.134065778972,-0.896204710028,0.0521018306813,-2.15566882952,9.399999999999983
458,0.348906037125,0.418703252786,1.6309442509,-1.20581089933,9.399999999999983
459,0.182560475374,-3.08036092888,1.9852743251,-4.49868216475,9.399999999999983
460,0.752226580848,0.930906792815,10.5034873217,-3.83184979019,9.399999999999983
461,0.533699353247,1.65610167768,1.6310889016,-1.27985273725,9.399999999999983
462,0.109273214221,-0.961036745031,3.60419438165,-3.26619564109,9.399999999999983
463,8.38383116429,-3.50111713821,2.45538219844,2.29665161704,9.399999999999983
464,0.121676937348,0.471309941468,1.43743545488,0.0934465563866,9.399999999999983
465,0.103180024657,-0.764409163205,4.54648441527,-3.7446446733,9.399999999999983
466,0.204692378567,1.19389734923,2.0168810689,-0.982802992361,9.399999999999983
467,1.19979121384,-3.69598395622,0.227140113513,-2.08541859099,9.399999999999983
468,0.119176921814,4.88181224802,3.47543854893,-5.9772209115,9.399999999999983
469,0.435250143356,0.00485491571209,-0.410758509389,1.63238656058,9.399999999999983
470,0.127599265877,2.82883939689,-1.34249422293,-0.747918164696,9.399999999999983
471,0.169876667343,0.445115943242,1.87994546907,0.49506674578,9.399999999999983
472,0.124964444344,-8.01690994853,6.35043087499,2.15719238326,9.399999999999983
473,0.235759032272,0.753778392116,0.0373507484165,0.38966215177,9.399999999999983
474,1.01888593772,7.69321069124,-5.36888365839,5.49495026823,9.399999999999983
475,0.213332416555,-1.03980416274,1.53480976687,-0.176822138262,9.399999999999983
476,0.468017121098,-0.709948858765,2.42260088281,0.177272221225,9.399999999999983
477,0.150788148716,-1.25098702015,-2.6582192969,0.728804817405,9.399999999999983
478,0.115405948333,-0.0758645738372,1.91680202496,0.79105575114,9.399999999999983
479,0.42833515441,-1.88433248566,-3.01320592644,2.71107402909,9.399999999999983
480,0.650628719152,-0.333849482873,2.38299067788,-0.78401368852,9.399999999999983
481,2.06401288643,-0.134841960008,3.03059082482,-0.795631517447,9.399999999999983
482,0.12185743249,-1.64072911131,3.48865298805,-2.34181907408,9.399999999999983
483,10.0846243397,1.08414172655,5.79680324445,-4.84740495128,9.399999999999983
484,0.112545581583,-4.84850575793,0.825757664744,3.57567551276,9.399999999999983
485,0.197730350067,2.42971759925,0.829996351942,-3.58687931643,9.399999999999983
486,0.196946333392,-3.11923093207,-3.02397527712,2.34726439445,9.399999999999983
487,0.509132156807,0.273380869591,2.53478991167,-0.387787886294,9.399999999999983
488,0.10739867474,-5.3330222975,1.11901778245,3.83576954772,9.399999999999983
489,0.136146112276,0.232454587207,0.860276137951,0.649744957914,9.399999999999983
490,0.101345802025,5.28679631359,2.39695684054,-0.925572170034,9.399999999999983
491,0.111511140791,-1.72106707447,-0.712092719102,2.97458116512,9.399999999999983
492,0.137947782819,1.41142994849,2.55247958191,0.287804148173,9.399999999999983
493,0.319954174175,0.945990916697,-3.87633616618,3.32254314617,9.399999999999983
494,2.9469380299,-2.05432823941,-4.72853525728,-4.64775920007,9.399999999999983
495,0.746776745121,0.299392170207,2.07984644766,-1.37109747518,9.399999999999983
496,1.10430441258,-0.300227141746,3.50533888441,2.2753356843,9.399999999999983
497,0.392556170264,-2.44785106782,2.92158935522,2.24282667582,9.399999999999983
498,1.38190341753,-3.42312589155,2.22433354777,1.77741067244,9.399999999999983
499,0.620036642859,0.970940324212,3.61088649168,-0.444348280884,9.399999999999983
500,1.86593486306,4.89085450658,-1.41364068918,-0.537764090251,9.399999999999983
501,0.870064500442,0.0741173950214,4.6378217032,-2.90798498501,9.399999999999983
502,0.55152877069,4.40553989142,-0.250133458173,-0.594139601623,9.399999999999983
503,0.12388226154,0.985607396288,0.468086261878,-1.36847021364,9.399999999999983
504,0.77291191466,1.28578448338,1.64201956647,-1.52135974886,9.399999999999983
505,0.117900242419,5.43487950088,3.38486736416,4.71571638671,9.399999999999983
506,0.900650580762,5.16786283165,2.52523231507,-2.90636884903,9.399999999999983
507,0.248744583206,1.68473894784,4.64848577762,1.73547635877,9.399999999999983
508,0.148763458333,1.02688980628,1.71747247875,0.605236305304,9.399999999999983
509,0.342007733069,-0.909776051416,2.10947487578,0.188851052175,9.399999999999983
510,0.137674347154,-2.56315558745,1.40215724767,1.47848833807,9.399999999999983
511,0.214335195422,-1.11786837811,9.03946859519,-0.50279989448,9.399999999999983
512,0.255710639587,1.0453881162,1.6269869185,-1.30817522329,9.399999999999983
513,0.138870516653,0.0126837575471,2.48182601914,-1.08035101635,9.399999999999983
514,0.615973729363,0.307078927153,0.804486334809,-1.34135631104,9.399999999999983
515,2.87637406987,-0.0998859916715,1.14173567493,-0.352139148033,9.399999999999983
516,0.151515723656,-1.10445387784,1.43021356906,-1.36095302842,9.399999999999983
517,0.219920688083,-0.689794425654,-3.28528771592,0.927703933581,9.399999999999983
518,0.189668391636,0.143217827067,1.97612271097,1.43449857654,9.399999999999983
519,0.822021811578,-3.73425088127,5.05241261084,0.297258860369,9.399999999999983
520,0.152562182736,0.236064960769,1.29835422099,-0.100418776771,9.399999999999983
521,1.78599796025,0.896941307565,4.26484990745,1.99393031952,9.399999999999983
522,0.39791093248,3.05378514675,1.06196358489,-1.25449106136,9.399999999999983
523,0.148828006661,0.49146120745,2.46629019379,-0.677512962773,9.399999999999983
524,0.410787660894,2.33077478951,0.0206957960228,0.860221143064,9.399999999999983
525,0.581826656199,-0.880639560181,2.71726043712,-1.68318547841,9.399999999999983
526,0.567319168377,1.98092218168,1.32087818486,-2.13546566364,9.399999999999983
527,0.172194502533,-1.81336222647,-0.57287211179,-3.19600006982,9.399999999999983
528,0.214962256554,-1.51057321028,1.92600782903,15.2590988184,9.399999999999983
529,0.125402881791,-1.04162410602,2.12513218688,-1.18364001112,9.399999999999983
530,0.166216767847,-3.11242576423,2.39851946791,-4.46335490982,9.399999999999983
531,0.796633870375,2.16435977734,3.59507768311,-0.595918583098,9.399999999999983
532,0.375394335138,3.15594548758,3.17903050113,5.33364117738,9.399999999999983
533,0.314960954576,-5.22484101687,0.538554013779,2.56794233319,9.399999999999983
534,0.150090607184,1.02906876557,2.1080441423,-0.814188711909,9.399999999999983
535,0.163085081561,1.51991909689,1.14407551143,2.43841493918,9.399999999999983
536,0.140320440521,-4.68580488701,4.13731138748,4.70831002789,9.399999999999983
537,0.157623473776,-1.52343434364,1.86965938608,-2.42206201854,9.399999999999983
538,0.35592530872,2.31481445557,6.90950505435,-2.69021544842,9.399999999999983
539,0.583119694961,0.921811801369,3.37721538447,-1.20744316799,9.399999999999983
540,0.103552661789,2.07641048444,7.07857392814,1.1820993571,9.399999999999983
541,1.12550846287,0.232629869489,1.47424796443,-0.27415340949,9.399999999999983
542,0.139572378735,-1.11234794986,2.39199907986,-1.20272470241,9.399999999999983
543,0.333023661147,2.64406502827,0.567324865651,-1.18845527401,9.399999999999983
544,0.461721165971,0.183844956637,2.12688138671,-0.854524865331,9.399999999999983
545,0.304880756111,-0.525990528782,-0.894076719173,-3.05291174248,9.399999999999983
546,0.112573030242,-0.415184773574,5.68494028066,-0.283357617022,9.399999999999983
547,0.140277957974,-0.177287246463,-0.0967665287226,-2.04045573979,9.399999999999983
548,0.225842578388,-0.835105166923,2.27991925322,-0.687376271182,9.399999999999983
549,1.03398778948,-0.0936218835991,-0.091157176798,2.11545204817,9.399999999999983
550,1.02007856658,0.580059753207,1.45924590969,-0.187874251342,9.399999999999983
551,0.157794458009,-3.28632291074,6.8405285222,-2.5210001797,9.399999999999983
552,0.20570088187,-6.94892718486,-1.14502755736,-0.664984955378,9.399999999999983
553,0.763581968119,-4.0200660476,-0.985891177652,2.58896129632,9.399999999999983
554,0.220034613002,-0.0399280829923,1.60900581971,-0.656584790318,9.399999999999983
555,0.12005351698,0.643312979395,1.34567903695,0.0634676413506,9.399999999999983
556,0.121717028294,-0.046921574301,2.80810998037,0.147098458903,9.399999999999983
557,0.248425264331,-1.02600258946,-2.74183334477,13.7226863829,9.399999999999983
558,0.392550034269,-0.182065227197,3.31841031786,-4.03066906853,9.399999999999983
559,0.375149514952,-7.66572219985,9.74425129854,4.54066706009,9.399999999999983
560,0.420881973604,0.220263222796,2.46358800259,-1.46942324576,9.399999999999983
561,0.666101121432,-0.966660923827,2.52671860359,0.147103798669,9.399999999999983
562,0.581543400767,-1.48555681798,-10.8113660198,7.55201355119,9.399999999999983
563,0.40252765728,0.910053108852,1.88421633205,-0.437029069394,9.399999999999983
564,0.252400473496,1.79690633734,0.829078885593,-0.463500224824,9.399999999999983
565,0.578856543929,0.564059326021,1.33550173161,0.426830050377,9.399999999999983
566,0.173923585227,0.699904011693,1.5477956604,-0.016258502306,9.399999999999983
567,0.289120505524,0.364089730603,2.1036834821,-0.524691023218,9.399999999999983
568,0.498132245584,2.23797791191,3.64682151525,-4.22735968374,9.399999999999983
569,0.11770212248,2.72520139638,-2.02830438499,-0.802621114249,9.399999999999983
570,0.242616856009,0.745871973198,2.6903389049,0.938965864452,9.399999999999983
571,0.157438971117,-0.552366802971,2.72346661754,-9.82368491988,9.399999999999983
572,8.53192037005,-0.0458165936885,1.89213870067,-0.403763355653,9.399999999999983
573,0.371695608105,2.14993957036,7.38058794123,7.15839850506,9.399999999999983
574,0.653486235307,2.01484482329,1.79201344296,-1.42298613463,9.399999999999983
575,0.192340223887,-2.12497425815,1.80623680399,-0.835951145775,9.399999999999983
576,0.503615418684,-1.49534944086,4.78043418054,1.97219520102,9.399999999999983
577,0.204599568844,1.38271097546,2.63058605849,-0.344151762154,9.399999999999983
578,0.231555945033,-0.594879389397,-0.53910983326,-2.00437492821,9.399999999999983
579,0.101342579759,-0.212288420282,1.62602331339,-0.501480913989,9.399999999999983
580,0.218352001387,-1.90706508544,6.76044119695,5.5888853021,9.399999999999983
581,0.354527893664,-1.26381067186,1.47913535333,-0.347971012873,9.399999999999983
582,0.876825725781,2.88587509557,-2.11913689199,-4.77424311586,9.399999999999983
583,0.301561369038,-4.67800145734,1.97074661424,1.19745489206,9.399999999999983
584,1.3917080443,0.203592420605,1.76559779932,-0.601564594867,9.399999999999983
585,0.316333828793,-3.93080686313,1.65467604613,-3.4194635709,9.399999999999983
586,0.129659612362,1.94913200386,4.51479909677,-5.46387790526,9.399999999999983
587,0.311288756972,-0.6764689085,3.06497244324,0.149739703798,9.399999999999983
588,0.373769267006,-0.235975449788,2.31167963691,-0.164687340304,9.399999999999983
589,2.23165132176,-2.90891138398,6.56701844914,0.496189805085,9.399999999999983
590,0.116813671594,1.99245699107,5.55291237289,1.75423681786,9.399999999999983
591,0.329849298573,-1.40520258007,1.00182373762,1.52714397844,9.399999999999983
592,0.512628203968,3.24138727796,0.43053147927,1.08226795994,9.399999999999983
593,0.295321282517,-6.19034485559,-9.29020337175,-3.37169936177,9.399999999999983
594,0.661838676034,4.74829363554,4.68825372629,0.983897643892,9.399999999999983
595,0.344051636646,1.14752722348,1.65051447765,1.94054974467,9.399999999999983
596,0.691409246148,1.40075291285,2.01496958726,5.2658378872,9.399999999999983
597,4.25170620637,0.16701309304,2.91625542427,-0.931861175534,9.399999999999983
598,0.349108797265,5.19832584689,0.924723746722,-1.45394846114,9.399999999999983
599,1.88074459992,-0.66646463306,1.06521336782,-1.94790572907,9.399999999999983
600,0.233051506327,2.2978465563,6.80188805592,-0.657950077626,9.399999999999983
601,0.517147650615,0.506069818206,3.59427390889,0.569607505457,9.399999999999983
602,0.805669419274,-1.55447993766,0.336901529237,-0.284719540656,9.399999999999983
603,0.274629674155,1.93966374242,4.55138427873,-0.246041510988,9.399999999999983
604,0.664922278929,-0.070569527739,1.31496786887,-1.53811706199,9.399999999999983
605,0.252246172132,1.42764301892,2.72212183724,2.32373113441,9.399999999999983
606,0.13363052872,0.065999643009,0.463774692101,-1.62411169336,9.399999999999983
607,0.227814291951,0.721994713247,4.17732247282,-10.6643259773,9.399999999999983
608,0.128633136597,0.30586004919,2.94942238787,-0.14405977382,9.399999999999983
609,0.479260571474,0.620135150467,0.412240550344,-0.581032774733,9.399999999999983
610,0.301429426176,8.68504898751,0.100859657268,2.24784030019,9.399999999999983
611,0.452344261309,0.30333039292,1.9325314012,-0.15941748042,9.399999999999983
612,0.7368109486,1.30087606293,-0.185491745274,-0.949693737124,9.399999999999983
613,0.278931761287,1.92663186536,-1.65694356518,11.1903433223,9.399999999999983
614,0.137398585751,-2.61008815582,8.66388878111,-1.02445084715,9.399999999999983
615,0.705961834885,-1.12391581715,-5.09627654001,-4.93945604776,9.399999999999983
616,0.664194514704,0.856916583531,1.52310080536,-0.599248953564,9.399999999999983
617,0.247144214393,0.0129063479214,2.10685837734,0.654958567558,9.399999999999983
618,0.187843539968,-3.93156742097,-1.49768665816,-4.26374659004,9.399999999999983
619,0.900088051549,-5.97088307955,-1.0647711583,2.76742612746,9.399999999999983
620,0.13034503179,-0.181579702377,3.75401720271,-4.56648478943,9.399999999999983
621,0.280347914752,-0.454585695934,1.16185645989,0.0680654985026,9.399999999999983
622,0.159143111098,1.91063645441,2.03349930612,0.204802313472,9.399999999999983
623,0.319740796505,5.78148596273,-1.74218538088,-0.141646050505,9.399999999999983
624,0.111909052234,1.98519834427,1.90180286414,-1.10953170152,9.399999999999983
625,0.14363847542,-2.89281252564,-1.91100857533,-3.71866289287,9.399999999999983
626,0.245372930526,0.52831151968,2.24318781309,-0.42141094155,9.399999999999983
627,0.150097322701,0.376751214507,1.56968724518,0.415416959265,9.399999999999983
628,0.125240606049,0.160337364291,2.65409627006,-2.71733840563,9.399999999999983
629,0.148837838445,-3.32603309214,6.01542688393,3.93853117975,9.399999999999983
630,2.6637954782,0.242821183769,1.90432361436,-0.404585196411,9.399999999999983
631,3.26395439417,3.26762386315,3.34967172622,-4.68559013413,9.399999999999983
632,0.595113497428,0.72930395136,2.53235412731,-2.27196316416,9.399999999999983
633,0.446928184421,1.74528173213,0.919831389612,0.870604930178,9.399999999999983
634,0.246609086095,1.03245808968,1.17684842611,0.12813875509,9.399999999999983
635,0.336280709871,1.27455168728,3.76681090738,1.21501057364,9.399999999999983
636,0.815403977789,4.60035790197,-1.99780243137,-3.37359767016,9.399999999999983
637,0.385326771873,-0.256792294465,3.81815380762,-4.21309146591,9.399999999999983
638,0.689797485918,0.692766342712,0.0576523977826,-1.12648386325,9.399999999999983
639,0.396366663572,3.71404540835,9.10243263092,2.67325929356,9.399999999999983
640,0.578542281106,-0.0559991973121,0.205333371993,-1.89675961305,9.399999999999983
641,0.111872818533,1.03777013345,-2.66582724851,0.139362275367,9.399999999999983
642,0.263572379468,-1.78904260861,-0.116112428496,-2.59666048836,9.399999999999983
643,1.54904466395,-13.9462069039,0.754115099289,6.30511569232,9.399999999999983
644,3.02113565484,-0.657383824378,-0.132121376669,4.58034761746,9.399999999999983
645,0.383110379881,-2.78754359267,-1.58230784307,-2.81684738701,9.399999999999983
646,0.260414299578,-1.57319417713,1.5580367238,-1.63671531956,9.399999999999983
647,0.209429204313,8.38613924655,-1.71291096894,-0.743896161758,9.399999999999983
648,0.313848713467,-5.25779530926,3.28206147702,3.06776043169,9.399999999999983
649,0.927971499784,0.959462962643,1.93275121228,0.389090570683,9.399999999999983
650,0.111598771558,0.335685635079,1.83556820301,-0.475667183423,9.399999999999983
651,0.148299548296,10.6808530138,1.29944616015,-0.233782801666,9.399999999999983
652,0.253640946685,0.67067389015,3.25220443599,-3.3637188607,9.399999999999983
653,0.181811143164,0.361230208831,2.01617966107,1.74121499564,9.399999999999983
654,0.553598896127,0.768251633408,7.52249518116,3.8549464075,9.399999999999983
655,0.189452769442,-0.552133291557,1.37133978777,1.56685528722,9.399999999999983
656,0.102195923018,0.811522978399,1.48732172153,-0.0224543797363,9.399999999999983
657,15.4650185968,0.281381712909,1.87913532078,-0.419093762541,9.399999999999983
658,0.893429462403,-0.589011472348,3.63259915541,-4.59586472293,9.399999999999983
659,0.215929196551,0.0916623094505,-0.313725213098,-9.36033570552,9.399999999999983
660,0.122128322939,2.50824453953,-0.819087268436,3.87688973923,9.399999999999983
661,0.206051459085,3.00620534039,3.06779595511,-6.10107905585,9.399999999999983
662,0.492109543407,7.42126812859,4.2346470568,-1.39044750608,9.399999999999983
663,0.271118673851,-2.01964384406,5.46272274165,1.77546025454,9.399999999999983
664,0.771564789037,2.42732723366,0.959599665506,-1.0184048163,9.399999999999983
665,0.892651406369,2.95699590435,0.482205660043,-0.0625362883553,9.399999999999983
666,0.185077317285,3.76282635264,0.628279018234,1.77539804783,9.399999999999983
667,0.163026296127,-5.49240130835,-1.74680170156,8.59988414351,9.399999999999983
668,0.189725951552,-0.453732606538,1.1878684085,1.0000007241,9.399999999999983
669,0.374044853585,4.50731277214,1.44619102493,-2.58982804017,9.399999999999983
670,0.159174369911,0.439122712613,4.60613976255,0.894711035892,9.399999999999983
671,0.612594199163,0.605222741078,0.806703542583,-0.93906476536,9.399999999999983
672,0.17273124796,1.44742766532,1.28282946404,-5.12550363613,9.399999999999983
673,0.171681003071,-0.102137659769,1.5355497655,0.407864156855,9.399999999999983
674,0.138434356643,2.6074745577,0.838947960593,3.68615340736,9.399999999999983
675,0.116059382146,-0.780935512113,2.97884111054,-4.52277456854,9.399999999999983
676,0.247284604863,0.312687797238,4.28652597943,-1.55474401936,9.399999999999983
677,0.15568406344,1.05661947624,-0.0816161158722,-0.554961927301,9.399999999999983
678,0.889514253556,3.83810195634,-0.927951416762,-4.33965613089,9.399999999999983
679,3.18233822659,-1.28875495809,3.7882300254,-4.72899460852,9.399999999999983
680,0.530261681032,1.1439958688,2.65923133513,-1.24589509689,9.399999999999983
681,0.282165207917,0.025886623783,1.41757228907,-2.18936452549,9.399999999999983
682,0.115667753031,0.615117601261,4.29438938488,0.0186145846873,9.399999999999983
683,0.117668636224,0.160868174009,1.9646437854,-0.562853708859,9.399999999999983
684,0.235671272971,-8.23785435423,6.088408413,-3.0862049163,9.399999999999983
685,0.121284633177,3.40887125518,1.69349128478,1.24096952438,9.399999999999983
686,0.153444471362,-1.10647541255,4.7357332538,0.449417999631,9.399999999999983
687,0.367146657552,-0.477000505413,4.15538885906,-1.50411114242,9.399999999999983
688,0.662341389714,-0.535288107619,0.639767651626,-0.0169683622798,9.399999999999983
689,0.30411268321,-2.29165052562,0.408174077499,4.82619396098,9.399999999999983
690,0.23913698584,-0.0193075624796,3.47253882354,-0.415196843747,9.399999999999983
691,0.120608843147,5.207912584,2.40040455293,-7.39333662103,9.399999999999983
692,0.576742767422,0.0777868711135,4.21414841759,10.0746247314,9.399999999999983
693,0.131842443545,0.615094906469,0.23315814846,0.0736902461892,9.399999999999983
694,0.266095647549,-0.569706899261,1.41578092227,0.418222393725,9.399999999999983
695,0.205677664746,0.101906568682,1.83442809099,-0.314015678055,9.399999999999983
696,0.170493451853,-8.01449509168,4.34724318998,-0.740743905072,9.399999999999983
697,0.137206067048,0.303731117219,2.55138462042,-5.36237366992,9.399999999999983
698,0.299510167326,2.2897379615,0.824266239516,-2.04187103416,9.399999999999983
699,0.74112127045,-0.34988308855,2.26922067175,0.481091669207,9.399999999999983
700,0.306163061628,-0.253847663703,1.00199861039,-0.302367208367,9.399999999999983
701,1.12817540243,-3.7289852629,3.76498378953,2.96205901752,9.399999999999983
702,1.02867448834,0.948989245769,2.61181723842,0.822812092982,9.399999999999983
703,0.499957962265,-1.31553190278,0.761561785741,-1.47314593837,9.399999999999983
704,0.329433430061,-0.774983496141,0.10585200641,1.17808952447,9.399999999999983
705,0.114901063514,0.146991205523,1.96821844569,0.84188421518,9.399999999999983
706,0.162809850016,0.478699450534,2.70955792202,-5.71086867219,9.399999999999983
707,0.375324075195,-0.131780016609,1.39112373812,-1.66776980769,9.399999999999983
708,0.211225889923,1.42891780421,5.1264269124,-0.752838237643,9.399999999999983
709,0.373780171498,-0.774000660237,0.166618882926,-0.107863470749,9.399999999999983
710,0.880143944186,2.50203879173,0.300269367807,-1.47308703776,9.399999999999983
711,0.725026832286,-0.544783348634,0.409311483061,1.71857289298,9.399999999999983
712,0.356944086179,0.506213549966,1.43134269369,0.0274015068188,9.399999999999983
713,0.147404635868,-4.77541949035,1.94547398223,-4.85145487141,9.399999999999983
714,0.130650196537,0.562339866349,0.369882211537,-0.446542654475,9.399999999999983
715,0.392081181752,0.540894662867,2.69985880899,0.0562689264732,9.399999999999983
716,0.413736015515,-0.572110146748,0.035984584203,2.50757525468,9.399999999999983
717,0.761758640004,0.932339570382,5.10425650994,1.91266991114,9.399999999999983
718,0.129604877107,-2.59832485526,5.08928740077,-9.9074137165,9.399999999999983
719,0.169265405368,1.2261419615,6.02629070091,2.67535913993,9.399999999999983
720,0.113514004621,1.51142511599,-0.0483866333516,-1.57683638675,9.399999999999983
721,1.66887198264,-0.0763924065791,1.86227743668,-0.402435133099,9.399999999999983
722,0.244530037441,1.92266311977,7.52825079934,3.12605644638,9.399999999999983
723,1.40375244304,-0.36468076829,2.17858433001,-0.848571742553,9.399999999999983
724,0.571540901567,-0.694818029424,1.69443061606,7.28867825633,9.399999999999983
725,0.598004666604,1.16405696007,2.70076996452,5.2288402656,9.399999999999983
726,0.218634032744,-1.07939158225,1.41994336761,-0.537988919354,9.399999999999983
727,0.288622002597,-0.273181014291,4.02592202881,-0.64672238174,9.399999999999983
728,0.213754516488,1.13157045979,1.70782765563,-1.13818381285,9.399999999999983
729,0.243201886233,-3.92284041129,-0.811855686089,-8.54588388241,9.399999999999983
730,0.451437755815,0.406320033206,1.55543560173,-0.695528955841,9.399999999999983
731,0.147679314285,-1.73950606245,-1.3255965445,-1.83132433921,9.399999999999983
732,0.352100683656,-1.44838816107,-1.87644601639,1.00137075228,9.399999999999983
733,0.159984413611,-0.130318714543,1.38376092105,-0.0573336187875,9.399999999999983
734,0.119642075708,0.0375941328945,1.53321326507,0.101897208951,9.399999999999983
735,0.426372160515,1.46737784591,5.07603910977,1.06341239793,9.399999999999983
736,0.372835427174,-0.871341018765,5.7431342761,-0.0464467928699,9.399999999999983
737,0.44943074223,-3.31263196505,3.26116023141,4.82688382236,9.399999999999983
738,0.225220018158,-0.723293168891,2.04160521007,-0.630077292474,9.399999999999983
739,0.120069617166,0.36859731862,0.608172932785,-0.0654111007885,9.399999999999983
740,0.109477982662,-5.91659130019,6.40866450417,6.03817734982,9.399999999999983
741,3.07778259532,-2.97082992413,3.0461557446,1.87964295925,9.399999999999983
742,0.551091025973,-4.05817748258,-3.91191746067,-5.34425592797,9.399999999999983
743,0.585489821502,0.933902804836,1.17160282534,-2.03394261021,9.399999999999983
744,0.112513432149,-2.11232329354,0.65271485928,0.162298378822,9.399999999999983
745,0.316247464568,-1.04532825206,-0.774183858191,-2.90126112197,9.399999999999983
746,1.6461484385,-0.695284422252,0.930110981569,-1.39629409735,9.399999999999983
747,0.402742632674,1.66667022686,-0.130451969617,1.30710427644,9.399999999999983
748,0.217402358372,0.335568203878,2.43406943966,0.00438565749751,9.399999999999983
749,0.51464956446,-1.82023851229,3.75459869264,-0.31021369106,9.399999999999983
750,0.222298219542,-7.25370644719,0.0482094886856,-9.77881304247,9.399999999999983
751,1.63877019936,5.1802967582,2.07420367277,-0.783672661733,9.399999999999983
752,0.109490871096,0.239970301526,2.87678697993,1.41697270882,9.399999999999983
753,0.166956479046,-3.22399970243,6.9795244242,4.7420070386,9.399999999999983
754,0.340033428811,-2.20208186326,-0.320293842662,-0.923317335044,9.399999999999983
755,0.215480126943,-2.82974168654,0.825024742245,0.651182605117,9.399999999999983
756,0.152087696958,-0.85377579066,0.902425166741,0.157788208734,9.399999999999983
757,5.28201987353,0.711601940628,3.66215853486,-1.57094014544,9.399999999999983
758,0.127375236859,-0.838713422789,-2.13980131199,5.34505821371,9.399999999999983
759,0.481353066078,3.349502554,4.89319735508,-0.940029184686,9.399999999999983
760,0.165575427778,8.55486674507,-1.28371882813,-6.73971593009,9.399999999999983
761,0.123700641381,1.45754230329,-1.23534721641,1.76447600498,9.399999999999983
762,0.124260390038,0.0660103594256,-0.927474501938,-1.70384693302,9.399999999999983
763,0.101848165084,-0.57937556863,1.95302721347,-2.31832978745,9.399999999999983
764,0.139099357095,-0.585814081694,2.74840044657,-1.214378413,9.399999999999983
765,0.18851898225,0.224076562504,1.48541011929,-0.873057819813,9.399999999999983
766,2.19709597269,-1.52885345988,2.99952087755,10.9030729706,9.399999999999983
767,0.161803405115,0.570154554688,2.41858009754,-0.496788385711,9.399999999999983
768,0.297907681377,0.542240823761,2.39879071497,-2.08034440587,9.399999999999983
769,0.196280384121,-3.48540487047,0.29096618669,-0.483201316199,9.399999999999983
770,0.143456222481,-1.45049451009,0.50477032612,-1.7806756662,9.399999999999983
771,0.100769181052,-0.355851103436,5.57526272498,-1.3544211417,9.399999999999983
772,0.15094557441,0.270545561862,1.92412724795,-0.660354375762,9.399999999999983
773,0.995937965761,-0.213720269803,-0.611108385203,-1.95891190987,9.399999999999983
774,0.907393713564,2.42854669499,3.24548257933,-4.85785162262,9.399999999999983
775,0.478214617246,0.266615436379,2.65187855646,-0.477885316752,9.399999999999983
776,0.520134861167,1.34971427141,0.0103487189252,-1.74386998348,9.399999999999983
777,0.190279455711,-0.085236021987,2.16521724987,-0.545374266582,9.399999999999983
778,0.20730019279,-1.99623024018,1.39500733132,1.89842287748,9.399999999999983
779,0.118129655303,-1.05406463741,2.61058215416,0.161931730696,9.399999999999983
780,0.335431420205,0.949652767654,3.31664918929,0.299914679472,9.399999999999983
781,1.70209869645,0.729274550569,-0.978328916621,-0.286485731389,9.399999999999983
782,0.462214262731,3.31944446812,-0.46819965495,-1.87067698712,9.399999999999983
783,0.429933934568,0.842645285906,2.54698928886,8.32010180248,9.399999999999983
784,0.433059897931,-4.11625824269,0.678820917972,-5.54459713962,9.399999999999983
785,0.460649839148,-0.60108582663,3.57188598639,-2.06238396769,9.399999999999983
786,1.85921960173,4.84262289514,0.835901573349,0.442687961224,9.399999999999983
787,0.594962295544,-1.27441787863,4.47868057638,-0.294542334502,9.399999999999983
788,1.73895521306,1.57279800624,3.12502815706,-0.713309252505,9.399999999999983
789,0.51818109745,-1.00308656101,2.77670135876,1.73868904491,9.399999999999983
790,0.106382834724,3.47909734643,4.28886161011,-0.714718734919,9.399999999999983
791,0.214303714503,1.17859148972,0.958006839701,-0.693643832117,9.399999999999983
792,0.137709338941,-0.891450450788,3.18471183142,0.243149798178,9.399999999999983
793,0.120964216349,1.85114594088,0.474112046316,-1.10322171482,9.399999999999983
794,0.241820708321,-1.39662635354,4.44715211245,-3.21745094821,9.399999999999983
795,0.434921627786,0.902291215692,3.0797966314,-1.704192113,9.399999999999983
796,0.39614389385,0.349062980259,8.06256693944,-1.66119479311,9.399999999999983
797,0.223136702982,-0.500519709489,1.82708380286,1.46172786487,9.399999999999983
798,0.112336766499,0.705334216661,1.97172195456,1.05223936403,9.399999999999983
799,0.805442773973,2.32545615884,1.47665312054,0.384986331579,9.399999999999983
800,0.248370710321,-1.81779470669,1.65929838141,-0.498911412962,9.399999999999983
801,0.103311186638,1.14068367018,3.2991364805,-1.08352036764,9.399999999999983
802,0.16030451033,-1.15300435396,0.330327128164,-0.418136431675,9.399999999999983
803,0.297670701847,2.90471417977,-1.37899588787,-1.75545446877,9.399999999999983
804,1.69301961762,0.88029236393,1.66781974749,-1.15509186581,9.399999999999983
805,0.267714876699,-0.222241974677,2.11339657813,-1.1374472774,9.399999999999983
806,0.282233917761,0.0508533172556,1.60572715613,-0.2023550599,9.399999999999983
807,0.230196327683,0.203142377794,2.0388925023,-0.654225788846,9.399999999999983
808,0.367125554783,-2.67534894714,2.60166136458,-4.49763548292,9.399999999999983
809,0.409349316584,-5.00569745365,0.706581262856,-1.59373159606,9.399999999999983
810,0.141254382277,-0.0324162571532,2.90136867651,-5.04488780022,9.399999999999983
811,0.297806331312,1.88008057046,8.07446356053,-3.17120098024,9.399999999999983
812,0.629313017701,-0.900663252847,0.848872597284,-1.48108243783,9.399999999999983
813,0.410609529815,-2.30195846452,-1.34412818986,-3.19166165247,9.399999999999983
814,1.31197439676,-0.790621037135,0.541260191568,-0.18473451974,9.399999999999983
815,0.600700726822,0.171818721391,2.07650489643,-0.721212151734,9.399999999999983
816,0.914800309431,0.564828484369,-3.05193040226,0.970022903806,9.399999999999983
817,0.225661733255,0.441694086205,2.17034228264,-1.031326518,9.399999999999983
818,0.474328017541,1.34899411065,2.35059570414,-0.856137893051,9.399999999999983
819,0.125498289806,-0.695643583901,-1.26493596273,-4.13556843027,9.399999999999983
820,0.413321790183,2.06308146728,-4.77528270123,-2.53748055153,9.399999999999983
821,0.675240084818,1.32622188623,5.08587758309,1.74618859644,9.399999999999983
822,0.111818145118,4.59929174403,-2.71516199972,6.494552281,9.399999999999983
823,0.128908279219,-0.0359729157909,0.314522356589,-7.34468141372,9.399999999999983
824,0.162716561857,0.154100895647,-1.67727600831,1.91846464816,9.399999999999983
825,0.529202671234,3.71197007104,1.67052431372,2.15474301237,9.399999999999983
826,0.182660340764,1.16474751929,-0.303308731105,4.3780276469,9.399999999999983
827,0.275605761292,-7.03300126454,7.34921455911,3.88449142632,9.399999999999983
828,0.892381629678,1.33586741472,2.91735301096,-1.41428901822,9.399999999999983
829,0.103390150682,10.7481293479,-0.883779899134,2.00344508402,9.399999999999983
830,0.534747538895,-0.650590291925,0.485310942612,0.364956506381,9.399999999999983
831,0.134331998667,0.126767743824,4.21901865141,-1.09966018205,9.399999999999983
832,0.136784656424,-3.88489576219,4.50024938027,2.59589480866,9.399999999999983
833,0.123971208878,1.09968684931,1.79626848604,-0.98906205369,9.399999999999983
834,1.45475188384,2.30717797543,0.415526933218,-0.680454630592,9.399999999999983
835,0.221506217054,-1.90523830631,-0.224686076682,-0.320836660313,9.399999999999983
836,0.633339645857,6.21815407515,5.73440589752,2.42893777226,9.399999999999983
837,0.386633680854,6.08720185396,3.06847464415,-1.10750690206,9.399999999999983
838,0.283134928405,2.60557638777,0.606638960799,2.52999770319,9.399999999999983
839,2.6703829118,2.68116334959,2.56837328904,3.89700666239,9.399999999999983
840,0.775633890433,1.77573442467,3.97440487696,6.29460758095,9.399999999999983
841,5.09251301517,0.767041314267,1.95107067502,-0.978017612643,9.399999999999983
842,0.223074656361,-4.95218260343,-1.58374775015,-0.866839682256,9.399999999999983
843,0.301835975991,1.04684851766,1.81240549867,0.0678923324024,9.399999999999983
844,0.27441960239,0.20097358542,1.66531235367,0.000941649351235,9.399999999999983
845,0.113089152256,8.61384555599,-0.220990761499,3.13592005295,9.399999999999983
846,0.356014469956,0.383397782858,1.57488906091,-0.73969486493,9.399999999999983
847,0.105322658808,0.72230735476,2.37685228097,5.66883636264,9.399999999999983
848,1.28009863001,-1.48981162604,1.48880490075,-4.22235942383,9.399999999999983
849,1.43044236735,0.346659750075,2.04065718174,-0.290959516842,9.399999999999983
850,0.13384792325,-0.991266791943,-0.290440745821,-9.21633119521,9.399999999999983
851,1.07355669575,-1.11087858893,-0.460134245911,2.24507444448,9.399999999999983
852,0.145288576332,-2.06310405108,2.84057509103,2.26853152135,9.399999999999983
853,0.153687399236,-0.301923643342,2.13480566083,-0.0854918793068,9.399999999999983
854,0.140433501995,-1.04855946571,1.38198539318,0.943042302355,9.399999999999983
855,0.236676106103,-2.2365501175,-0.736241590756,1.30215216335,9.399999999999983
856,1.23156577646,2.94916201149,6.77014708364,-0.452524604359,9.399999999999983
857,0.258141455714,1.61098389922,-0.938704237765,0.342110312287,9.399999999999983
858,0.125234564224,-3.63492475126,-3.35205340191,0.127829296973,9.399999999999983
859,1.00829699932,1.47080385779,1.61766790154,-0.867019669864,9.399999999999983
860,0.451126642972,3.45100156695,3.12704304604,-1.31857136402,9.399999999999983
861,0.716295571145,-2.98721556344,1.65887887706,2.19593660414,9.399999999999983
862,0.220401228328,0.0617942884346,2.03127530291,0.515680642546,9.399999999999983
863,0.171829034867,-3.48186026768,-0.445472718576,0.991815084639,9.399999999999983
864,0.266278064161,0.79301480601,1.9823005025,1.54712688499,9.399999999999983
865,0.97594322187,0.487733139089,3.72051347735,-0.563086503428,9.399999999999983
866,7.44690905396,0.664637149779,1.45689688694,0.439058695325,9.399999999999983
867,0.61061797728,0.432643169407,-4.00381466005,1.16524262377,9.399999999999983
868,0.183167350472,-0.614078767473,2.05004702972,-1.58805161826,9.399999999999983
869,0.216812344789,-5.60993773716,-3.10473120097,1.41804686228,9.399999999999983
870,0.119326102151,-4.65772108191,2.17934004054,1.40868351386,9.399999999999983
871,0.184313467771,-5.28245446417,-1.4978722267,-3.40742935256,9.399999999999983
872,0.262103799712,2.90419323504,-4.13977885619,6.46648048584,9.399999999999983
873,0.187944460805,2.04469566354,-1.42936262623,-4.21235946719,9.399999999999983
874,0.54604912478,-1.35072607529,5.86175155464,-4.69200039955,9.399999999999983
875,0.139365051046,-0.0815875075949,-0.0708251703514,2.31762731018,9.399999999999983
876,0.571539011913,0.553387902076,1.33994432935,0.351388828297,9.399999999999983
877,0.169353072917,-1.10417812699,0.711278519075,1.84220375645,9.399999999999983
878,0.139543247139,0.0684315692623,0.807332657997,-3.7713191997,9.399999999999983
879,0.106876154438,2.16621220493,3.41452421122,-2.91796070448,9.399999999999983
880,1.04092275235,-3.26590475451,4.80397815993,5.06205921829,9.399999999999983
881,4.58866961015,0.226592599632,2.38725416678,-0.260205741132,9.399999999999983
882,0.657077303712,-0.392590165883,3.03126005505,3.96103584475,9.399999999999983
883,3.79110539528,-0.254823521751,0.925627222987,-0.370967432485,9.399999999999983
884,0.846250665247,0.285582954681,2.63961891118,0.269205250452,9.399999999999983
885,0.804938350084,-0.781246144544,0.647237684371,-0.472672961477,9.399999999999983
886,0.104476577212,0.731054423233,2.28513781011,-0.104921214656,9.399999999999983
887,0.20824117496,-7.68128874884,3.9738222892,-1.7314586208,9.399999999999983
888,0.486021267336,-6.96944596711,3.23749226518,1.14408053045,9.399999999999983
889,0.134104448395,1.10293756303,-1.20667426956,5.40410385184,9.399999999999983
890,0.175245137478,1.78713074452,3.33239882943,1.80540292422,9.399999999999983
891,0.483693267742,0.550282452745,2.076863566,-0.170901401973,9.399999999999983
892,0.125128792446,4.63078890302,2.13995088741,-3.47298398395,9.399999999999983
893,0.152835355675,0.454689021691,3.02363923423,-0.912242620118,9.399999999999983
894,0.317491559413,-2.11313254571,4.29575445393,-1.57538545192,9.399999999999983
895,0.300088400686,0.0106916640323,2.32223724369,-3.01091204127,9.399999999999983
896,0.129951591704,-3.55125426885,1.64862704385,0.553331180103,9.399999999999983
897,0.784492601116,4.30285795792,0.238529874568,3.73351180533,9.399999999999983
898,0.1741551244,1.56877389177,-4.2256135208,-5.78186827966,9.399999999999983
899,0.106885490138,3.08675816211,-2.7773379722,-2.60896494815,9.399999999999983
900,0.155028854031,-1.22268360759,-1.10697303468,-9.9179606756,9.399999999999983
901,0.344533546158,-0.615007626957,-0.120554979759,0.352698192003,9.399999999999983
902,0.731590741464,-1.57952935082,-1.09801469651,0.735775355988,9.399999999999983
903,0.452846930352,-3.427866961,4.24601776434,-0.464750735861,9.399999999999983
904,0.147515323979,3.44501455271,-0.511556891825,-4.46983504728,9.399999999999983
905,0.1159934548,1.01295589233,2.94656552802,-1.23839551403,9.399999999999983
906,0.357268121517,3.20766172492,1.0322993425,0.518061152146,9.399999999999983
907,0.106910800332,0.42134155159,2.02410582023,-1.21119631186,9.399999999999983
908,0.181906252241,3.73194825877,2.706317616,-2.87383375101,9.399999999999983
909,0.107467314483,2.43316915055,-1.69097802029,0.943011640124,9.399999999999983
910,0.6176275416,-3.50275447677,4.21370997449,1.28074596489,9.399999999999983
911,0.354052021901,3.05072996952,1.27464286191,0.467315136383,9.399999999999983
912,0.112458477792,-0.607044292252,2.41117828443,0.577522492072,9.399999999999983
913,0.182447323805,4.61699703532,-0.505040314072,-0.731283168118,9.399999999999983
914,0.21560419707,0.219574930913,1.03238615772,0.136709548292,9.399999999999983
915,0.292754117495,0.0107669283587,3.01076876865,-0.592976489909,9.399999999999983
916,0.14310819778,-0.0238600825355,0.371250118269,-0.227470816171,9.399999999999983
917,0.190720039969,-0.909917062246,3.26297129043,-1.50434126661,9.399999999999983
918,0.477679760527,1.77147143824,1.51725903129,-0.105803581235,9.399999999999983
919,0.208854244731,0.338703247375,1.09761454395,0.491123784331,9.399999999999983
920,0.203935887606,1.33040509434,1.80896763969,0.382494963396,9.399999999999983
921,2.53892502896,2.64279228276,1.71252209108,-0.21731332877,9.399999999999983
922,0.198003460016,0.697971465712,0.364124007822,-0.66495751114,9.399999999999983
923,0.162605319225,0.766682616502,3.00732302174,-1.19486423393,9.399999999999983
924,0.179444925168,-5.1159810245,6.25196879706,-3.64234112423,9.399999999999983
925,0.306472169535,-11.2883616322,-8.66874866432,-5.28939425092,9.399999999999983
926,0.146168081563,-4.49088787272,2.88215615952,-2.70990841972,9.399999999999983
927,0.736601466311,-4.66638492514,-8.7458268057,1.31707747602,9.399999999999983
928,0.154550169911,-1.37774628014,-0.796151619239,9.48896130743,9.399999999999983
929,0.42624096315,0.853860445147,-0.321435061759,0.40196338243,9.399999999999983
930,0.111314830068,3.30571646587,-0.371948565646,0.211452102531,9.399999999999983
931,0.119906235297,0.687173216553,2.24714719028,-2.02261955603,9.399999999999983
932,0.802909161672,1.44370591867,-0.406095869567,2.87393548567,9.399999999999983
933,0.146245909282,-2.57599619203,6.80640925626,-1.73164622913,9.399999999999983
934,0.349073862012,3.16854077046,-1.38407638888,0.752315143539,9.399999999999983
935,0.422211193772,-0.783415261112,0.808314725346,-0.844835949968,9.399999999999983
936,0.205675732113,-1.86642314478,-0.604531008893,-4.96503781714,9.399999999999983
937,3.09283248293,-5.49639114646,2.18586266301,2.47263781815,9.399999999999983
938,0.413532643891,0.535665510325,0.512019771696,2.05918613899,9.399999999999983
939,0.568907296748,2.93047300762,-2.99103437173,-3.60448937825,9.399999999999983
940,0.488524860986,-0.840299343866,6.75552259243,2.36064308605,9.399999999999983
941,0.24014886147,1.50280798994,-2.27531062765,-0.639813590805,9.399999999999983
942,0.699658284421,0.992040050634,-0.655852264268,-0.589053632719,9.399999999999983
943,0.229555231672,-2.732741153,-0.210382718401,-0.569840998181,9.399999999999983
944,0.128765842177,2.32778315455,0.562985259191,-3.67096710646,9.399999999999983
945,0.78996519554,2.57992033417,5.9760835159,3.40394790806,9.399999999999983
946,0.305513204686,-0.720242429966,2.41583696923,0.152003167514,9.399999999999983
947,0.353519690806,2.11414858071,-0.7629910896,1.13076482879,9.399999999999983
948,0.207406688787,1.29704721837,1.631541335,-1.74164154958,9.399999999999983
949,0.241441576598,-0.562070987089,0.82739139203,2.23232588094,9.399999999999983
950,0.355458189918,-1.1116179354,-0.939142973407,-2.48113121778,9.399999999999983
951,0.427409282752,0.941475391346,7.13668918502,-1.13974715237,9.399999999999983
952,0.108576053468,-3.95534595206,3.17947063601,5.18025982996,9.399999999999983
953,0.121137821988,3.90315292414,3.46421455618,0.910904536243,9.399999999999983
954,0.419703130716,0.554902201758,0.890558963452,0.485439577239,9.399999999999983
955,0.179238923192,-1.7440700535,1.48098964686,2.09577620215,9.399999999999983
956,0.34416405276,0.270538345585,1.03484277619,0.429810366553,9.399999999999983
957,0.162209415408,-1.18081797302,0.299155824204,-1.36413624485,9.399999999999983
958,0.327708665176,0.435188396525,4.0693623736,-2.73499603221,9.399999999999983
959,0.122546103302,3.79348670033,4.62572566521,1.52738929183,9.399999999999983
960,4.93791741057,0.575994741653,1.72844407937,0.3682193251,9.399999999999983
961,1.90001202733,-4.07184441813,-3.53546044908,-3.03989495391,9.399999999999983
962,0.807166763562,0.375345513249,-0.0492811671116,0.393334698692,9.399999999999983
963,0.109520499772,1.03875841545,2.13941899686,-0.164327237009,9.399999999999983
964,0.227955226586,0.0715213047941,1.22800566746,0.0835674048343,9.399999999999983
965,0.100687160332,0.169589162812,7.62708347358,1.63628448778,9.399999999999983
966,0.172059899615,2.29280319175,8.03737697868,-0.32194135161,9.399999999999983
967,0.116285686634,-2.13399420897,-8.10794833397,0.1981514798,9.399999999999983
968,0.228438188063,-0.0144948673983,2.18917094401,-3.33245743298,9.399999999999983
969,0.786855241392,1.83590476494,-2.39757119966,-2.09388591241,9.399999999999983
970,0.265994353991,1.3718083178,3.3070006604,-0.343092763517,9.399999999999983
971,1.3437876102,0.906426779627,2.16463063282,-0.435703174675,9.399999999999983
972,0.298486641742,0.00155258986908,0.878626260846,0.668945550103,9.399999999999983
973,0.327633433798,1.07474882973,0.525550003489,-0.409554798268,9.399999999999983
974,0.497057312538,2.76591847367,-2.43868482391,5.08205114764,9.399999999999983
975,0.140979331213,0.720834311651,-4.47555591549,0.912421280647,9.399999999999983
976,0.259779613389,1.20749277897,2.12476696482,-0.909834690746,9.399999999999983
977,0.47936050936,0.679005379811,1.19097190516,-0.901862526493,9.399999999999983
978,0.811338203866,1.00098052712,1.10885630607,-1.72598086444,9.399999999999983
979,0.410003457947,3.53129596999,0.599152200444,0.477908712074,9.399999999999983
980,0.518185159618,4.46922883853,9.56412728068,4.49839583596,9.399999999999983
981,0.440399742669,0.129069301018,5.06068674963,-2.29292630283,9.399999999999983
982,0.351112292908,-2.14097996104,-0.329011822546,1.6002870363,9.399999999999983
983,0.118445721077,-1.88373664174,-1.10435761316,-1.68902279539,9.399999999999983
984,2.74173897253,2.38773835532,-1.33001931596,-5.52867691211,9.399999999999983
985,0.192233529441,1.45323963811,1.48519218472,-0.0405434727635,9.399999999999983
986,0.17117711087,-4.08000565504,0.919444209935,-0.259194836863,9.399999999999983
987,0.179162563543,0.845644432613,1.63247260002,1.07124259457,9.399999999999983
988,1.1126819754,-0.770000046277,-2.15055617583,0.572343071191,9.399999999999983
989,0.378019864984,1.34713985388,2.31640218413,-0.890181071909,9.399999999999983
990,0.138219121431,-2.84891253935,8.69270235952,-1.5729812378,9.399999999999983
991,0.252707328406,2.21740874553,10.029032095,-7.81973645159,9.399999999999983
992,1.30616386628,5.27768150086,4.29701804254,2.26371469488,9.399999999999983
993,0.128891123026,3.24401532866,8.33653667291,1.2949338313,9.399999999999983
994,0.11470702241,0.134402884979,1.46204487309,3.2010854564,9.399999999999983
995,0.165523413791,4.44882591071,-1.16275744214,-3.84680134446,9.399999999999983
996,0.320067053339,3.4338182679,0.722092541607,-0.0633169055135,9.399999999999983
997,0.223080887444,3.33367668593,5.64451615469,-0.669061939184,9.399999999999983
998,0.125099335861,5.48765166435,-0.133531059748,2.61237307223,9.399999999999983
999,0.103788387588,0.406175960061,1.56759183182,0.244568722029,9.399999999999983
