Star_ID,Mass (MSun),X (pc),Y (pc),Z (pc),Simulation Time (Myr)
0,0.187501094192,1.74894699185,0.763783052824,-3.13948205368,16.89999999999997
1,0.234073475304,3.92133288528,4.70907214332,-3.39685414636,16.89999999999997
2,0.121812219879,1.28847572873,0.296486908929,-4.64091711869,16.89999999999997
3,0.448399618391,4.6219835383,2.02597348502,-2.86415635659,16.89999999999997
4,0.18486899709,1.59951797614,-2.04924316677,-1.31808997294,16.89999999999997
5,0.526638835351,5.76812158691,1.47931870271,0.464851567202,16.89999999999997
6,0.268073194649,-1.26676740943,-0.0133282655774,-5.9423234374,16.89999999999997
7,0.252048668865,15.9880977179,10.1615917138,-4.20875445848,16.89999999999997
8,0.44077252338,2.68121363801,4.68262311022,-4.77916732086,16.89999999999997
9,0.601924260326,-5.51419703229,4.26954750397,-1.75123370303,16.89999999999997
10,0.28361850828,1.10622781395,0.852754222297,-5.12548238246,16.89999999999997
11,0.72176268144,2.84883699544,-5.40063411561,-2.68600314151,16.89999999999997
12,0.329821484786,1.56588785841,-0.974929466788,-4.67575049186,16.89999999999997
13,0.122089477166,11.0606216668,0.176312302117,-5.19236541105,16.89999999999997
14,1.11347631586,2.02409301438,-0.120206572544,-3.91575617853,16.89999999999997
15,0.110257319519,-1.9150373609,-1.40538370543,-2.47800004459,16.89999999999997
16,0.193148305693,3.91451082868,-0.238893793822,-6.65370973642,16.89999999999997
17,1.18343233652,3.2321990069,-3.13500338488,-5.40821089354,16.89999999999997
18,0.125406353016,-3.9790264644,-1.59646544833,-1.49670303934,16.89999999999997
19,0.281523581534,1.9061377863,-0.150226621205,-5.06891039166,16.89999999999997
20,0.302546327172,-2.84127050938,-9.03173418165,-2.5231870519,16.89999999999997
21,0.737317703333,1.42747311523,-0.137855495422,-7.59332419255,16.89999999999997
22,0.217835135634,-1.18936068418,-2.32807452734,-6.31734669271,16.89999999999997
23,0.655643731568,1.45646076138,0.711635404675,-3.03454336167,16.89999999999997
24,0.14482761991,1.66302429419,0.0334613376449,-4.35527017407,16.89999999999997
25,0.202100637352,0.44945090294,-1.72295295255,-2.18298627007,16.89999999999997
26,0.123727177288,2.8656430199,-1.68554222569,0.207181230694,16.89999999999997
27,0.100873013862,-17.8002553944,12.0221443428,-18.1791815584,16.89999999999997
28,0.187832682532,-1.69188558317,1.53706848935,-3.35143671722,16.89999999999997
29,0.195694699714,5.40121233978,13.4363962635,-6.56916043227,16.89999999999997
30,0.115057394346,1.78044708916,2.51709066247,-6.38748844966,16.89999999999997
31,0.103824251532,2.07574344921,-0.8406362507,-2.30076002857,16.89999999999997
32,0.272935341389,3.85418502812,-1.99201353924,-3.64958891398,16.89999999999997
33,4.63375017386,1.91218199396,-0.451029478353,-6.35836389067,16.89999999999997
34,0.608888464148,4.01168152695,8.84879563225,3.26865999765,16.89999999999997
35,0.253954083878,2.44153919796,0.0951678081725,-3.75570612504,16.89999999999997
36,1.10791037092,6.92628545007,6.77867647913,-3.75415554872,16.89999999999997
37,0.103228026071,-2.2353273238,-2.74789518612,2.10291560185,16.89999999999997
38,0.298546221883,-1.35029922984,1.52018380925,-4.27978136332,16.89999999999997
39,0.162528025634,0.728547093228,-1.24036085732,-5.27468140347,16.89999999999997
40,0.42529318659,11.183064909,3.62128561138,-2.11186424567,16.89999999999997
41,2.95873593307,1.37765088017,-0.00149124712713,-4.79480392753,16.89999999999997
42,0.255792228665,1.93870796534,0.0990470458343,-5.85588839964,16.89999999999997
43,0.200662519617,2.3571923073,2.5697783294,-6.87948705727,16.89999999999997
44,6.90657605511,-3.09188474668,22.7896513354,13.4394306068,16.89999999999997
45,0.280432578837,0.508232643236,-0.294763485716,-4.34410954459,16.89999999999997
46,0.539729993886,-1.15707636616,1.95502014774,-6.80291288855,16.89999999999997
47,0.515955590007,0.646781946473,-0.037644452402,-5.08003507449,16.89999999999997
48,0.105103964846,0.638239570998,2.70573300352,-2.39934020967,16.89999999999997
49,0.178793371795,1.45088034107,0.464069117536,-5.16823566799,16.89999999999997
50,0.128639027089,-1.30948139631,1.43851888908,-10.055814709,16.89999999999997
51,0.154744391787,1.64481637793,0.00244625732654,-5.59577251666,16.89999999999997
52,0.114010757861,5.0593737399,1.38673123814,-4.70344645721,16.89999999999997
53,0.517623637548,1.85573415165,0.230487530797,-4.48162758284,16.89999999999997
54,0.127149623812,1.08688417685,1.33248428604,-4.85957080061,16.89999999999997
55,0.10058726337,-5.00827221203,-9.0816655385,-7.29901020289,16.89999999999997
56,0.321723035848,8.98476200595,8.46368212319,-12.7005393725,16.89999999999997
57,0.119229115094,0.678471265945,1.54649513488,-4.17992868909,16.89999999999997
58,0.634285050729,-13.4285528088,3.04755064151,-1.22033574771,16.89999999999997
59,0.260864812069,-0.526529278377,3.85978980108,-6.49806754854,16.89999999999997
60,0.120434448303,-0.439410573893,-6.42620130223,-4.52633526567,16.89999999999997
61,0.168188040862,-10.2333680793,9.44866926409,-3.39694901944,16.89999999999997
62,0.144372917766,1.81319119115,-5.92749127561,2.84566032225,16.89999999999997
63,1.47549969618,-0.0639296960835,0.369806420735,-2.98093217657,16.89999999999997
64,0.466998224609,-5.10631457097,3.04156039081,-1.63672147578,16.89999999999997
65,0.102981289316,3.97648655977,1.26317873286,-8.50023080285,16.89999999999997
66,0.22186895214,-0.946926079912,-0.83271402676,-3.8354212695,16.89999999999997
67,0.217360750587,-6.0780399321,9.41996760811,-7.65614175744,16.89999999999997
68,0.672215432117,6.66494718363,-2.43025222593,-0.726901907612,16.89999999999997
69,0.224177645763,-2.17174994496,-0.537772086592,-8.71203634911,16.89999999999997
70,0.295161827863,0.978762566782,2.26511246868,-3.42699429519,16.89999999999997
71,0.177998135015,0.305566429767,-1.31020055496,-4.12460419281,16.89999999999997
72,0.14390620301,3.59900361163,6.54512361261,0.52776197652,16.89999999999997
73,0.560487094229,-4.57078836724,-2.64135763707,-3.39545675222,16.89999999999997
74,0.325622753109,23.8815494045,-16.833234409,-2.40588133126,16.89999999999997
75,0.43228235584,5.00277992946,5.11343027223,11.1859041984,16.89999999999997
76,0.214313821134,7.74378183432,3.90919676307,-6.77750585044,16.89999999999997
77,0.608167795183,7.13748942635,-8.49930853942,9.61510176199,16.89999999999997
78,0.915716867571,0.332770133585,0.910528083566,-1.58483545583,16.89999999999997
79,3.53889119507,1.82494848741,-0.36905083591,-6.44967892742,16.89999999999997
80,0.32734731132,2.21850053594,-0.131592001267,-3.39135737413,16.89999999999997
81,0.112817437154,-6.92677519621,-4.79098527,3.03672597728,16.89999999999997
82,2.38012665523,8.44725722105,1.63982546138,9.02211871652,16.89999999999997
83,1.17885463357,2.50064041417,1.99005843609,3.56823648087,16.89999999999997
84,1.42036701909,-6.19397802189,8.60029225407,-11.1514517095,16.89999999999997
85,0.128307681833,2.46383105549,1.44684494594,-5.13232729685,16.89999999999997
86,0.213215365954,11.0974683865,11.8839276321,-4.12913538913,16.89999999999997
87,2.76077211214,6.36115141344,-0.831841760658,-6.18412682601,16.89999999999997
88,0.740502061625,3.0345138033,0.615723012291,-1.93055484654,16.89999999999997
89,1.37520091791,0.653851731931,2.1667795746,-4.18680415316,16.89999999999997
90,0.141904869898,0.150837768241,0.265361942652,-7.5426009126,16.89999999999997
91,0.896682029241,5.89900426846,2.38320418396,-6.50379494977,16.89999999999997
92,0.130338188937,3.32249379605,-3.99502596179,-3.22141159952,16.89999999999997
93,0.872361523451,0.695526025753,-0.606271213431,-3.13810056493,16.89999999999997
94,0.262193212863,-0.723022991679,3.26577583603,-4.66268547757,16.89999999999997
95,0.592067791678,-5.91548389163,3.84163204037,-4.33156635213,16.89999999999997
96,0.401885454848,2.40238715515,-0.70405129473,-4.29734039478,16.89999999999997
97,0.257268477641,3.05387955865,-0.0278860948001,-5.00171751451,16.89999999999997
98,0.656130985665,-8.36916644577,-15.5124510943,-5.67393061456,16.89999999999997
99,0.307120020217,1.7551121671,-0.0721499580933,-4.04504114805,16.89999999999997
100,0.266784133675,5.36238146119,3.64712751412,-4.38825258817,16.89999999999997
101,0.408640424038,7.35836875315,0.960835303936,-9.86883246024,16.89999999999997
102,0.395043654462,-0.944283238557,-5.61312863389,2.53411436546,16.89999999999997
103,0.150214951932,1.84206733693,-1.09924391992,-5.24724393524,16.89999999999997
104,0.439774978136,7.90442798541,1.68956029869,-4.00900164824,16.89999999999997
105,1.92100250105,13.1652622987,3.9202963009,-21.6486224319,16.89999999999997
106,0.169835375216,-0.656636327419,3.31705496752,-7.6044665307,16.89999999999997
107,0.178134079145,0.370883404079,3.48191721532,-2.13504681999,16.89999999999997
108,0.127480064936,-3.56975660214,4.66306897068,-0.741808404039,16.89999999999997
109,0.171308719258,2.18631233772,0.0942503294439,-6.46688957274,16.89999999999997
110,0.356598014085,3.93055522614,2.46415793231,-3.91515935757,16.89999999999997
111,0.265443256536,2.10989112051,0.224705060099,-4.26433539281,16.89999999999997
112,0.124951396401,0.711515302854,-3.5837528065,-4.87022109076,16.89999999999997
113,0.226346287387,-3.13264313099,-7.45378704495,-0.767221521935,16.89999999999997
114,0.263604051584,2.27668413673,1.91078206049,-3.16976533543,16.89999999999997
115,0.278485195889,1.26236854235,-1.41427070648,-5.54004408591,16.89999999999997
116,0.202948516367,-1.05720377375,3.89920439389,-3.68832760035,16.89999999999997
117,0.765934471323,1.10149403875,-0.0829698925283,-5.52738573838,16.89999999999997
118,1.40452976431,2.74111364873,0.930604965971,-5.73954809865,16.89999999999997
119,0.242522940276,-4.67812422745,-15.9823897018,-8.27829254331,16.89999999999997
120,0.327855202498,0.673869606904,2.47017778131,-0.639487085509,16.89999999999997
121,0.132283595734,1.59392167844,3.72547519466,-4.08019050974,16.89999999999997
122,0.477875317597,-0.775020146436,0.115050802154,-6.55275904319,16.89999999999997
123,0.216276680511,9.12858787308,-18.5620864081,0.744222388796,16.89999999999997
124,0.131760853032,2.0340857211,-1.01689891432,-4.62477596458,16.89999999999997
125,0.139290833936,1.21114686887,-0.12916246492,-6.66657924864,16.89999999999997
126,0.130027139938,3.34202551614,-11.7837971392,-2.76423032746,16.89999999999997
127,0.492452666758,-3.66949205808,-4.58141703006,5.29977919647,16.89999999999997
128,0.197880746283,2.76689945895,0.842911708372,-6.01109539677,16.89999999999997
129,0.242798737212,-8.68586201155,5.56954714052,5.9833586402,16.89999999999997
130,0.690269347823,2.0435524423,-0.663649172655,-3.78337661976,16.89999999999997
131,0.499847838146,1.11685315711,0.0806026221896,-4.69427673123,16.89999999999997
132,0.132921335458,2.61146079737,0.382319102943,-4.2940629377,16.89999999999997
133,0.100805216859,-4.85470912467,-3.65912306221,-8.33986871552,16.89999999999997
134,0.135404087493,0.390069850991,-1.40793894278,-2.342070735,16.89999999999997
135,0.167254791939,-4.4376247332,-5.47278993782,17.1843777522,16.89999999999997
136,0.111474270136,-8.13507366792,-5.9122908986,-6.49778357863,16.89999999999997
137,0.11309789741,0.484516407861,-0.0240843159437,-1.82319091742,16.89999999999997
138,0.839445680121,0.310668749624,-2.56190747813,-8.7496799552,16.89999999999997
139,0.145658532587,6.14992377456,3.5551342812,-5.25801111024,16.89999999999997
140,0.355308684925,4.15432340827,-1.20232589405,-4.78135695105,16.89999999999997
141,0.166048658404,4.35348540566,0.9935515528,-3.46598621191,16.89999999999997
142,0.298854621926,3.41078607549,-0.381081119481,4.68699516145,16.89999999999997
143,1.54498998856,2.30679450711,-0.560311118021,-4.07050334831,16.89999999999997
144,0.388574375643,-13.907849841,-9.46130740939,-2.87950674372,16.89999999999997
145,1.19648648279,2.22625914718,0.565091804097,-5.46302110477,16.89999999999997
146,0.877148516588,3.91798443561,2.77083799396,-3.82179668491,16.89999999999997
147,0.142568039398,-11.5688475913,-5.07700623454,-7.64094212636,16.89999999999997
148,0.424851749655,6.58238725698,12.287450298,9.80382350815,16.89999999999997
149,0.788349385966,4.30758614691,0.604893996319,-4.91512970794,16.89999999999997
150,0.526447639172,1.93142046564,0.156949118635,-5.00784325907,16.89999999999997
151,0.661455819484,0.499548985322,-2.52359443808,-6.37346494065,16.89999999999997
152,0.371084155109,5.98935009399,7.99142164197,-0.878099182193,16.89999999999997
153,2.67712865665,-1.99371536679,2.84991027713,-3.73261380604,16.89999999999997
154,0.182534758129,3.88110251476,-2.88681427138,-4.58179739239,16.89999999999997
155,0.500351677633,8.52754403003,5.11335624958,1.98336597992,16.89999999999997
156,0.134233707721,-0.863050691731,0.76505889279,-4.33698913644,16.89999999999997
157,0.147268716472,-15.8578978733,-0.511627318646,5.02535149399,16.89999999999997
158,0.179050664565,2.18285063696,1.44676628364,-6.8491879452,16.89999999999997
159,0.103652325568,-1.46797411102,0.980763803502,-2.3791698924,16.89999999999997
160,0.179584855596,0.402968389496,-0.442424853112,-5.17400316714,16.89999999999997
161,0.663043980059,-3.86420831253,0.28709231481,-6.69120184675,16.89999999999997
162,0.175145805454,3.38784420402,-4.4630294871,-5.04022678265,16.89999999999997
163,0.244794497578,-5.3142014705,-10.7620336599,10.549032998,16.89999999999997
164,1.01128986611,2.96492284134,0.714150626991,-6.36305222458,16.89999999999997
165,0.15741986355,-1.60335525076,0.104867994073,-1.48422202505,16.89999999999997
166,0.145926161109,-6.8180385707,9.62795902661,6.55685878465,16.89999999999997
167,0.258844012299,5.42033090814,-0.888395038315,-3.53029446594,16.89999999999997
168,0.653430052549,5.74589011554,1.49763934036,-1.14152054468,16.89999999999997
169,1.87101179282,0.0811201748101,-3.79936126244,-6.58027352075,16.89999999999997
170,0.263089892191,6.13484073581,4.02814359211,-4.06413003356,16.89999999999997
171,0.424666384548,-3.53836860715,-0.670119532944,-2.55933453201,16.89999999999997
172,0.142499768115,2.12585944216,3.08604884237,-13.1633028894,16.89999999999997
173,0.269650606919,1.93498028779,0.161519959098,-4.21153299307,16.89999999999997
174,0.285063419169,3.2811717748,-1.75551881587,-5.02103023205,16.89999999999997
175,0.14925800302,1.23797956531,1.10151789964,4.14003635798,16.89999999999997
176,0.865103061281,5.36664346206,3.84235409687,-3.27001467856,16.89999999999997
177,0.153466945664,-5.52809333548,2.90246888529,9.56558311833,16.89999999999997
178,0.290847048486,2.1037795571,-0.0190514207376,-2.60951657853,16.89999999999997
179,0.100774166663,0.972729966551,-3.18105509548,5.02513120603,16.89999999999997
180,0.256119239266,3.19314717438,-1.36922958459,-7.47667244343,16.89999999999997
181,0.664554441123,2.27742103497,0.848400217481,-2.29358543892,16.89999999999997
182,0.854236357806,0.987169361668,-0.983775119925,-5.91199935331,16.89999999999997
183,0.106674591663,2.91161697419,1.9977568948,-3.09090832713,16.89999999999997
184,0.322588722038,5.46761186852,-12.8417772334,-5.44822740343,16.89999999999997
185,0.160534688758,1.48017915018,0.539780488844,-5.4768485173,16.89999999999997
186,0.120569553104,6.96727497085,3.93101836736,-17.1817427391,16.89999999999997
187,0.701130440371,2.13067711004,-0.896333083162,-7.72259862665,16.89999999999997
188,0.306049673081,-3.51573996258,3.51673131847,-6.37332967435,16.89999999999997
189,0.564534265416,0.901876500997,-0.266808048619,-4.92581252871,16.89999999999997
190,0.149118012787,3.24314041552,-0.593425814557,-5.02673724567,16.89999999999997
191,0.789051101996,0.904244801118,-1.492213212,-3.77680535434,16.89999999999997
192,0.877491900544,2.5566590711,0.315608926271,-2.86101575953,16.89999999999997
193,0.755594913315,1.3269919924,-0.415176791987,-3.07246881939,16.89999999999997
194,0.105111138059,2.8876678412,0.297517589249,-4.12795091797,16.89999999999997
195,0.142094492201,-6.55755799751,-2.7338743764,-3.93171349936,16.89999999999997
196,0.133261688804,-3.10683625708,0.443895503279,-11.0359969901,16.89999999999997
197,0.465692473447,-3.36753554232,-1.55113160882,-8.38737049697,16.89999999999997
198,0.129179839803,1.6299150796,-1.60666611674,-4.17920487436,16.89999999999997
199,0.152772598117,1.78417439783,-0.108521279873,-6.91375375511,16.89999999999997
200,0.492835699902,-4.03804820869,2.37360771531,-0.989246224552,16.89999999999997
201,0.461315437719,4.57666570085,-0.594854189985,-1.45218011137,16.89999999999997
202,0.429588100469,1.0733573481,1.77577415955,-5.14148321817,16.89999999999997
203,0.246116033217,3.07314002566,0.492982592578,-4.34927320652,16.89999999999997
204,0.376228776466,4.25361668135,2.43874553428,6.76312047307,16.89999999999997
205,0.183610818579,-2.78344348465,2.40469687303,-3.88145259339,16.89999999999997
206,0.142929885423,-0.925913111092,-1.87237820578,-5.95756382697,16.89999999999997
207,0.222330498365,7.63124854097,9.18992607923,-8.65543136886,16.89999999999997
208,0.361068594677,2.19449487781,-0.0807726573122,-2.47484255824,16.89999999999997
209,0.319915553998,0.756258880701,-0.772162298732,-4.37531571719,16.89999999999997
210,0.210360490147,0.714657964365,1.25365045343,-1.04646868772,16.89999999999997
211,0.485513470575,1.82509958306,0.344648861617,-3.99234257124,16.89999999999997
212,0.221203744233,-1.35779040249,-2.41685634397,-3.98262900082,16.89999999999997
213,0.256189404144,2.81771266463,16.8853884642,-9.46151094982,16.89999999999997
214,0.454698728111,3.1964893309,-1.31376578944,-4.47573753529,16.89999999999997
215,0.214993889096,1.77562415914,-1.48592008746,-6.84130483705,16.89999999999997
216,0.9120372556,-0.807616990732,1.70525566231,-3.00446858679,16.89999999999997
217,0.556315816972,27.1696419805,-0.75826036576,18.332925526,16.89999999999997
218,0.144720049946,-17.6824237663,5.2615737083,-0.890683652523,16.89999999999997
219,0.864710463804,0.837094871148,2.96008882628,-7.23871523936,16.89999999999997
220,0.221380882816,2.31809487233,0.775669290369,-7.40741376902,16.89999999999997
221,0.45763601079,-6.38215409811,-5.53680106442,-12.0192968553,16.89999999999997
222,0.306772510789,1.02512090023,-9.7922123862,-4.68880826183,16.89999999999997
223,2.27321085384,0.944594421343,0.277081874748,-2.33159061334,16.89999999999997
224,0.930660080475,1.50029397149,13.3998837443,-14.3202176411,16.89999999999997
225,0.387554688913,-1.05136246686,0.0792159684056,-4.47302569069,16.89999999999997
226,2.31742846453,2.39217386103,-0.823551230475,-4.0521900565,16.89999999999997
227,0.767747565975,3.55201025933,2.38758544361,-8.09988234739,16.89999999999997
228,0.177166615151,2.06858605719,1.2208916451,-3.68198865853,16.89999999999997
229,0.362128634388,1.30858236774,-2.66776639457,-5.20381118496,16.89999999999997
230,1.79194002046,-6.23805361063,-3.16238541794,-9.28715379923,16.89999999999997
231,0.195689251793,2.91101607235,3.04507282124,-3.35659952261,16.89999999999997
232,0.435632926112,1.58372813306,-1.32935571298,-3.2284358168,16.89999999999997
233,0.242252184107,0.977375703186,1.023461845,-4.03621678559,16.89999999999997
234,0.120031120432,9.87523771038,6.59702640223,-9.73783211723,16.89999999999997
235,0.209322127056,2.08188380722,2.05153448734,-4.57161671923,16.89999999999997
236,0.4482893048,-2.05447504144,1.75899281714,-1.33542426202,16.89999999999997
237,0.649557218983,3.94305419408,0.20147463874,-5.96860473771,16.89999999999997
238,0.237588607039,4.51051238955,-0.396032663826,-6.645435721,16.89999999999997
239,0.200091270882,0.56693940462,-0.0675749872378,-5.69528225256,16.89999999999997
240,8.26484423705,2.4264581568,0.374248672712,-6.72181834388,16.89999999999997
241,0.126169219176,16.1028011922,7.00822867788,2.48231346538,16.89999999999997
242,0.581760302595,3.71750804589,0.510397806029,-6.03372392657,16.89999999999997
243,0.723768628923,4.27154417245,-3.74057346012,-11.6835771026,16.89999999999997
244,0.282345655539,2.04554571477,2.55703651451,-2.19074656745,16.89999999999997
245,0.340051949478,2.5617280872,0.834034102015,5.01904956287,16.89999999999997
246,0.344117815896,6.13860906111,-0.131435484074,-1.74398603739,16.89999999999997
247,0.187581326522,-0.377307239234,-1.63636215944,-2.64525422675,16.89999999999997
248,0.172578146674,1.68302004217,-0.63299556352,-3.76842644625,16.89999999999997
249,0.255542048843,0.622629322511,0.315448950154,-3.61030959691,16.89999999999997
250,0.10733889799,2.97620825664,-1.69737304509,-2.67180350357,16.89999999999997
251,0.11541655534,4.45671177166,-16.1474569605,-8.73983897446,16.89999999999997
252,0.738217879204,5.78856912847,2.75218333343,0.909773968999,16.89999999999997
253,1.08223112079,1.08188361446,0.580451710397,-3.65803607531,16.89999999999997
254,0.131845944079,-8.55794851648,8.66159430599,4.16304134435,16.89999999999997
255,1.58917958498,1.07428500997,7.94567319206,15.9112417857,16.89999999999997
256,0.253875682771,-1.82589656978,-2.12219977485,-2.4179627237,16.89999999999997
257,4.72364698594,2.28175583455,0.308636640635,-4.57694335101,16.89999999999997
258,1.12912425085,0.535350394422,-0.120174841103,-4.05101445971,16.89999999999997
259,0.161425613257,-6.0555762422,-0.479994576032,-9.24792960066,16.89999999999997
260,0.302291289225,2.199830292,-1.97540706563,-4.20726573228,16.89999999999997
261,1.1531719878,1.72477646502,-0.499012953433,-5.15044485178,16.89999999999997
262,0.737816255359,-0.142980885073,-0.578134261832,-6.12843111402,16.89999999999997
263,0.184051833026,3.93738563751,-0.0272967809674,-6.76569191956,16.89999999999997
264,0.519245428435,0.413214587101,-0.239553959311,-4.82952761164,16.89999999999997
265,0.395550590362,1.86215931643,0.219131042096,-5.05400508451,16.89999999999997
266,0.123274387613,4.35777553491,2.80160413758,-2.26663744927,16.89999999999997
267,0.181950847575,1.19834668951,1.42156597854,-5.5539513356,16.89999999999997
268,0.115506254169,0.218488953053,-1.46383927847,-3.26398243867,16.89999999999997
269,0.512691615044,-0.278877095081,2.01695785634,-1.17796980879,16.89999999999997
270,0.520359987433,-1.19963391511,0.662006271677,-6.43744903608,16.89999999999997
271,0.119196500714,1.21680639804,0.374780584642,-1.1367496388,16.89999999999997
272,0.105822807813,1.27115344585,3.72821453707,-3.55876747865,16.89999999999997
273,1.8061398421,4.23720771631,0.88004422271,-5.09732331822,16.89999999999997
274,0.134984642709,0.167559205748,-0.789523139538,-3.64682709765,16.89999999999997
275,0.125797741517,5.18021619513,0.639977345644,-3.57147278518,16.89999999999997
276,0.105436065302,-1.95559541575,1.18884444083,1.12444561061,16.89999999999997
277,0.695007907728,0.905023559122,1.36933486822,-4.46223724412,16.89999999999997
278,0.1280173507,2.13130194766,0.461180956381,-3.84975697087,16.89999999999997
279,0.224579396967,0.725182950304,0.813455764059,-3.27394826915,16.89999999999997
280,0.354579077527,0.772008278376,1.54308806837,-5.82940438463,16.89999999999997
281,0.385719663001,7.53341429053,-12.5237567698,6.7230779275,16.89999999999997
282,0.527770406033,0.766990874322,0.486657161125,-3.38128363539,16.89999999999997
283,0.334012215251,4.14561529746,-3.41253230831,-2.85660801276,16.89999999999997
284,0.189076758446,-0.123182478889,-2.22388529643,-3.08888896774,16.89999999999997
285,0.402781641936,-1.4348461579,-10.2686828291,4.77352695338,16.89999999999997
286,0.612666503593,1.64432861603,1.80799507918,-0.829956477517,16.89999999999997
287,0.126031741816,1.43124256713,0.507730030689,-4.49704481376,16.89999999999997
288,0.259306118636,-3.07486349502,5.04693682512,-2.1918520757,16.89999999999997
289,0.845070312451,0.611337240207,0.631941416389,-5.50933931136,16.89999999999997
290,0.154516296588,2.17165286262,0.967410834549,-3.90129522765,16.89999999999997
291,0.197056416715,1.17546442315,0.79058363576,-4.62809602862,16.89999999999997
292,0.779801919742,0.730691311927,-3.51841537842,1.36223196702,16.89999999999997
293,0.252774944118,5.83121860654,0.746581238034,2.66173291915,16.89999999999997
294,0.145306938423,2.31704678928,-0.100893509451,-4.9504533455,16.89999999999997
295,0.358777229054,2.82773622157,0.988902391515,-5.23735769672,16.89999999999997
296,0.14855523972,0.444783433782,-0.178008366251,-5.3419648998,16.89999999999997
297,0.824867419005,-6.24448755608,1.46178882046,-1.62009954927,16.89999999999997
298,0.19638572536,16.6868099464,-4.17982832193,-27.3431076694,16.89999999999997
299,0.545813929548,1.59673104124,0.997132330358,-7.39436295678,16.89999999999997
300,1.68653214871,1.95958535993,1.0731658642,-4.13247949569,16.89999999999997
301,0.185004633877,2.16857230942,1.58623214966,-4.16192308712,16.89999999999997
302,0.957038908234,3.16147403434,-0.864350264926,-4.9189604937,16.89999999999997
303,0.207237195921,-1.17904484931,-0.0561378870361,-5.46420332423,16.89999999999997
304,0.143939621005,2.09010187256,-7.7767496368,-1.36157793875,16.89999999999997
305,0.728119958504,6.08019561978,-3.38992122324,-1.47484846133,16.89999999999997
306,0.285746949444,-7.11458126608,-14.3705552473,5.18664036688,16.89999999999997
307,0.360340598489,2.59909356577,0.292021973664,-6.37513774145,16.89999999999997
308,0.292487347057,7.93902249914,-11.5850624279,-4.810033428,16.89999999999997
309,1.29520436215,-1.80269675719,-1.81144602946,-3.83147743515,16.89999999999997
310,0.323157393644,-32.8938760636,-14.3292785792,2.47870454177,16.89999999999997
311,0.48176398537,2.76870488875,1.1253582,-2.02913242229,16.89999999999997
312,1.28829972827,1.25482492627,-1.14335940406,-5.39762390298,16.89999999999997
313,1.31710141198,1.68779255249,-0.0906186190593,-5.74242090348,16.89999999999997
314,0.360620138184,-0.801140457257,-2.61225446006,-8.74787674215,16.89999999999997
315,0.504910555258,5.94677273753,0.66794047189,-3.42413620785,16.89999999999997
316,0.285766956257,4.01851903993,1.95595511728,-3.52934845813,16.89999999999997
317,0.244352001382,1.47166906393,1.99753717222,-8.04875031663,16.89999999999997
318,0.203203488199,7.12386875663,3.17274379292,-5.73951797034,16.89999999999997
319,0.562785333326,2.82615375375,2.88531855964,-4.95261114925,16.89999999999997
320,0.844809143717,4.70950182218,-0.207570426385,-3.02245160544,16.89999999999997
321,0.100709659021,-3.35690006021,-8.51870278244,-16.0761968054,16.89999999999997
322,0.190108843143,2.07916358298,1.1282999817,-3.32208839692,16.89999999999997
323,0.193912704781,2.13933351356,-1.01534127492,-4.14756671734,16.89999999999997
324,0.336245026848,-1.70758785658,3.2849995164,5.49779117135,16.89999999999997
325,0.229556027189,-12.2303343447,-11.092700756,-20.5645367627,16.89999999999997
326,7.39503237774,2.08800821393,0.145366560506,-4.40242044214,16.89999999999997
327,0.163091523715,2.10966763881,-3.5795720982,-4.38790473584,16.89999999999997
328,1.21592903586,-0.680298703324,0.304277653745,-2.74127337378,16.89999999999997
329,0.157953838815,0.736144588784,0.438467788768,-5.75313264689,16.89999999999997
330,0.635782001197,0.934156989484,3.55559582027,-0.996196509324,16.89999999999997
331,0.217464267116,6.83738052246,-6.97207657913,5.61689879565,16.89999999999997
332,0.239304796577,-1.86458693736,1.17616301067,-4.41354504548,16.89999999999997
333,0.482694084786,-3.13364130946,-1.50887916326,4.00323880987,16.89999999999997
334,0.107867849056,2.62778501902,-0.713524227358,-3.14210771389,16.89999999999997
335,0.529360119596,-1.957881482,0.869879920983,-3.71783412153,16.89999999999997
336,0.312313226314,-2.87893403486,12.9596590249,10.4233919696,16.89999999999997
337,0.288486320703,-0.834773334717,-9.68512291723,-0.88602685737,16.89999999999997
338,0.115864009836,1.63122256074,0.183856037468,-7.4576188146,16.89999999999997
339,0.216036029693,0.022666927073,-0.121367125043,-3.60103971236,16.89999999999997
340,0.322021895231,-1.05965308438,2.84179922569,-0.586036283973,16.89999999999997
341,0.52370107713,-0.804637413621,2.48057971819,-5.46856933644,16.89999999999997
342,0.409869581591,-14.3479089229,-6.80747521956,-6.66039110172,16.89999999999997
343,0.395225082977,2.02726092886,-0.304897450017,-4.85011773203,16.89999999999997
344,0.167471640934,2.86954204213,-0.347203349214,-4.19054891292,16.89999999999997
345,0.110885004793,4.12469420706,-9.96871296675,-3.39812318694,16.89999999999997
346,0.318521630684,0.611764377475,-1.4393604707,-5.33123227083,16.89999999999997
347,0.100893451995,-0.121481689253,-1.51705609597,-6.87405325734,16.89999999999997
348,0.408834535234,-0.817856905726,4.26667744177,-15.6474534526,16.89999999999997
349,0.338187169553,2.27168579611,3.59881183338,-4.36561684647,16.89999999999997
350,0.117486722862,-4.0127768492,-2.32067026737,11.3209950155,16.89999999999997
351,0.206062769542,-0.41098784608,-3.77209054675,-2.48977572452,16.89999999999997
352,0.102637783204,-3.06110055103,-4.01134424867,-2.44385430688,16.89999999999997
353,0.189533557704,4.01722118214,-0.064216445365,-4.37803144277,16.89999999999997
354,1.19916924728,-12.4336765935,-13.7050501615,-17.1691123568,16.89999999999997
355,0.105110643983,0.428616046888,2.04678132554,-5.82269754329,16.89999999999997
356,0.423619396961,2.28589907805,2.01448382356,-6.20385244251,16.89999999999997
357,0.236849034981,-0.526401574713,0.717594531904,-3.98051157855,16.89999999999997
358,1.58950147375,2.14243641224,0.219431426284,-3.35821069198,16.89999999999997
359,0.18969465181,1.26291055663,1.48639330422,-4.30516727202,16.89999999999997
360,0.749980959065,-0.342324297985,-2.81600997416,2.64062017342,16.89999999999997
361,1.29882341152,2.59649209588,2.56709789584,-6.74088681293,16.89999999999997
362,0.122935598657,4.5644011895,0.0356685314233,-4.02287220682,16.89999999999997
363,1.26083226582,3.31419823889,-0.354443818699,-5.78529280102,16.89999999999997
364,0.510889838078,1.30244169995,-3.50851044329,-4.22549764103,16.89999999999997
365,0.111558508493,3.42240133898,-0.586772019744,-5.80785971887,16.89999999999997
366,1.40532165938,2.64468190446,1.985982348,-3.9873673478,16.89999999999997
367,0.1448808529,1.77841386647,0.0235927935591,-4.53920681888,16.89999999999997
368,0.683785516879,3.29127086854,0.602572398901,-5.72576464312,16.89999999999997
369,0.105695599447,-0.0212081790999,0.713150792492,-2.73701751657,16.89999999999997
370,0.253769620647,0.468264809386,-0.100831029672,-6.30337354934,16.89999999999997
371,0.725229521908,1.07365169489,0.458351933021,-4.72755242966,16.89999999999997
372,0.486752767448,-0.128705137966,0.850384295308,-4.66231648737,16.89999999999997
373,0.32643914933,4.66184682863,0.75367404219,-5.21838906335,16.89999999999997
374,2.24118165263,2.88432022724,-1.82627252322,-2.85060804088,16.89999999999997
375,0.412036434509,2.83345612338,1.15730902064,3.28887694126,16.89999999999997
376,0.403318415959,1.95429537672,0.607021759097,-4.58719856281,16.89999999999997
377,0.270284066129,-2.44217980052,-2.37480773088,-5.21302084545,16.89999999999997
378,0.543796156032,2.08880638773,-0.215636361531,-6.32113701366,16.89999999999997
379,0.829638415995,1.7835912043,0.914879917499,-6.25883333563,16.89999999999997
380,1.07436281441,1.88218646863,-1.16753776777,-4.37668089062,16.89999999999997
381,0.52906508325,2.50095166653,-3.56306212556,-9.55003462584,16.89999999999997
382,0.101739828705,2.19229700203,-2.98775121149,-1.30742709917,16.89999999999997
383,0.200938385551,2.4834944403,17.9131033089,-7.36646415247,16.89999999999997
384,1.02137102739,1.78559351075,3.03458433438,-4.75882376754,16.89999999999997
385,0.489727733373,1.97803180438,0.9025543167,-4.30102051955,16.89999999999997
386,0.691090933151,2.47778563457,3.40925049534,-6.24195432431,16.89999999999997
387,0.119608386048,1.58035283834,0.277354817375,1.08127249324,16.89999999999997
388,0.218718116675,2.84920125931,-0.644367337763,-11.3936507528,16.89999999999997
389,0.125140959886,-0.182426745709,-0.131767676124,-3.19909493287,16.89999999999997
390,0.287353608038,-0.651396708106,1.69226888475,-4.36922664406,16.89999999999997
391,0.278359389303,2.19391083675,-1.49785962858,-1.36025874562,16.89999999999997
392,0.152294254072,0.495011804845,-0.600499855135,-5.61032656652,16.89999999999997
393,0.511792309243,2.16924119021,0.392556587477,-3.92318228704,16.89999999999997
394,0.208578718022,-0.919800812569,-0.360153632754,3.49629900199,16.89999999999997
395,0.194897812419,-5.37165467376,-5.31580888738,-10.7102272858,16.89999999999997
396,0.114754528054,3.09686282386,-0.700433935784,-4.52847289345,16.89999999999997
397,0.190046447122,-0.31736769435,-1.6180668939,-5.75237557914,16.89999999999997
398,0.712158571263,3.77104991044,1.3088350749,-6.0161361676,16.89999999999997
399,0.177892363789,-0.505329363714,-0.421220222749,0.210051127291,16.89999999999997
400,0.590262796443,-5.4927959054,10.3331059206,2.74089040306,16.89999999999997
401,0.176428979763,5.71581288796,3.5671797669,-2.89957457469,16.89999999999997
402,0.554676342074,2.36308084034,-0.281374646018,-6.44254565236,16.89999999999997
403,0.105776602305,5.86274248775,0.401460071648,-8.5993799133,16.89999999999997
404,0.210742759712,13.4431215171,-7.29033141987,-0.703046510284,16.89999999999997
405,2.00142590534,1.6826059618,-3.40769017374,-6.10698703299,16.89999999999997
406,0.920743852744,0.389324454987,-2.52353678536,1.04324835912,16.89999999999997
407,1.10722571068,-0.170718064578,3.33918637898,-0.290104597716,16.89999999999997
408,0.250619285315,3.19662914006,-5.04683177913,-5.82404007821,16.89999999999997
409,0.171676112473,-1.42577444784,5.73977296904,-2.99095382988,16.89999999999997
410,0.102191265468,1.98621908111,-1.53463193008,-6.66716504276,16.89999999999997
411,0.103371917535,4.83431382178,2.94895915392,0.606367932687,16.89999999999997
412,0.323944823293,1.35121156555,-1.93839344697,-6.35065271443,16.89999999999997
413,0.10706155056,-0.194878358417,-9.1869427904,-5.9879363613,16.89999999999997
414,0.241211782801,1.97670047737,1.668765682,-8.26075018688,16.89999999999997
415,0.404077629641,0.508274987058,0.512826277844,-6.20252900277,16.89999999999997
416,0.193890814321,2.15057133535,1.12587637309,-4.29639074936,16.89999999999997
417,0.317183564609,-2.72149347332,2.93947293239,-5.57808847225,16.89999999999997
418,0.108011970629,6.4061049205,10.1338867031,-3.28786346441,16.89999999999997
419,0.255167841122,10.8683557937,-4.90053183638,-23.5450695969,16.89999999999997
420,0.139448852935,7.88661312769,-4.94362374347,-5.88379297381,16.89999999999997
421,0.329474019969,12.5041146361,-7.90950274359,-2.79829622326,16.89999999999997
422,0.925629437261,3.41336020242,2.39613264992,-5.28175721717,16.89999999999997
423,0.549197430466,2.69473606327,1.26700886164,-4.37641725039,16.89999999999997
424,1.01587717919,-0.529188892364,-7.92204892065,-5.18895163875,16.89999999999997
425,0.249052164707,1.39830182004,-0.735788047046,-4.09152427557,16.89999999999997
426,0.377207448527,-1.6300495488,0.423570267943,-4.51126670542,16.89999999999997
427,0.187827379188,-1.27760223845,-3.06692396144,-7.57120641086,16.89999999999997
428,0.55248011147,-0.57390125562,-2.77713945753,0.210932766978,16.89999999999997
429,0.147111587438,1.49783037135,-0.557095099494,-6.98329112322,16.89999999999997
430,0.355047390717,1.53784366978,2.69600954953,-2.38880119093,16.89999999999997
431,0.228268331075,2.55267370885,1.38298373695,-2.83631175504,16.89999999999997
432,0.144324581713,-4.49950139664,1.1623668823,-8.27258467329,16.89999999999997
433,0.200672722266,7.15875320196,3.76901995873,-0.269388900835,16.89999999999997
434,0.430531298116,2.72194739024,-0.996456984533,-5.70442816143,16.89999999999997
435,8.23944081137,0.898386696698,0.290893818122,-5.04597269295,16.89999999999997
436,1.08568936787,1.2375128811,0.342183495397,-5.80486161045,16.89999999999997
437,0.231276193532,0.642149173902,-2.08538783189,-6.01488543609,16.89999999999997
438,0.208029492775,0.448219000505,-1.70813734604,-4.48464185084,16.89999999999997
439,0.491590003987,-1.4554104611,-3.92192114647,-10.7272253564,16.89999999999997
440,0.336597625631,5.72250022836,1.44657314772,-3.9495017013,16.89999999999997
441,0.274929468129,-2.67398658869,1.76393972009,-8.94716711498,16.89999999999997
442,1.62210508409,-4.96059681914,-9.56512323411,-4.58080802462,16.89999999999997
443,0.138311169797,2.55177998044,1.13624996077,-6.63667664271,16.89999999999997
444,0.200748051022,-13.8715734657,-6.29066907715,12.6982911273,16.89999999999997
445,0.737857645057,2.7361910505,-1.17220834725,-1.57498264371,16.89999999999997
446,0.124584232607,2.5170054278,3.19110711745,-7.71731700313,16.89999999999997
447,0.125865405385,1.64134327724,-2.18343799584,-10.3127259911,16.89999999999997
448,0.688714859122,-0.141260882448,-0.173729713793,-2.39487465798,16.89999999999997
449,0.614068767832,2.00701363656,0.213289833184,-4.33988903549,16.89999999999997
450,0.127682506047,1.63218159327,0.682956872206,-4.44571898115,16.89999999999997
451,0.46652578179,1.87508590325,1.22337001121,-3.25052590452,16.89999999999997
452,2.23015315794,-0.182770484664,-1.07126896375,-5.41187529098,16.89999999999997
453,0.366548526634,8.66498579335,-0.00674412920102,-2.87161274561,16.89999999999997
454,1.57570549252,-0.0169401525016,0.484521435428,-1.94340183335,16.89999999999997
455,0.132929516557,0.257531253453,1.76739292529,-4.52239644933,16.89999999999997
456,0.18853063616,-5.03099777628,-1.82642082075,-6.26924278891,16.89999999999997
457,1.31462853007,2.02488823971,-0.690234467313,-1.93854627094,16.89999999999997
458,0.347919388152,-0.891739737482,-2.24442941705,-3.94239877018,16.89999999999997
459,0.594921707474,2.39170502038,0.247177307182,-5.70881838845,16.89999999999997
460,0.457070648338,-0.520358767519,-2.44413280074,-6.63925405507,16.89999999999997
461,0.894733855316,4.44139655271,-0.748110379888,-4.27178029405,16.89999999999997
462,0.173959979693,-2.3420937169,-5.54600238768,2.08817739754,16.89999999999997
463,0.694973796548,5.58909461023,7.07481555763,-2.27796177477,16.89999999999997
464,3.32441621118,1.30354794705,0.0206222708471,-3.49776913739,16.89999999999997
465,0.139320335568,-0.135053825324,0.910547341383,-3.25167686056,16.89999999999997
466,0.485161588609,1.34142569807,-0.619909178564,-4.95711215189,16.89999999999997
467,1.04017776582,10.1994851616,-11.6067331711,15.1656335246,16.89999999999997
468,7.19188785823,-0.628380950658,1.05392881803,-5.28072252776,16.89999999999997
469,0.172300745021,1.15983792782,3.0114494812,-7.16744842523,16.89999999999997
470,0.154489981404,1.99163566908,0.84511160917,-5.14286008159,16.89999999999997
471,0.170741945257,4.1252932142,1.45529698617,-6.68141217057,16.89999999999997
472,0.109388686251,2.17722335325,10.1744509827,4.02729989174,16.89999999999997
473,0.20112972305,2.31510765156,0.00518800224068,-5.72762285695,16.89999999999997
474,0.141413458113,11.1726610341,-9.51032886833,-1.01247249819,16.89999999999997
475,2.14401711664,0.836552702094,2.49356191932,-5.10569849992,16.89999999999997
476,0.729305693122,-0.996367180528,-0.486740573795,-3.84004132947,16.89999999999997
477,0.233326289327,2.85663500498,1.28096947174,-6.69351065509,16.89999999999997
478,0.213581753215,-2.00236214666,-2.15418420967,9.07564624276,16.89999999999997
479,0.298579357726,0.142083960405,3.05123580834,-4.05048263899,16.89999999999997
480,0.10358019577,1.05629479145,7.91819905942,-6.9835557572,16.89999999999997
481,0.334049682122,3.55672167367,-0.0411133773686,-5.03791514621,16.89999999999997
482,0.107614467133,-6.93527823974,-8.52230684216,-2.41502143781,16.89999999999997
483,0.12381921596,-0.039382338705,2.68016479136,-8.41730826569,16.89999999999997
484,0.106436330246,-4.30923035217,-1.24857429684,-8.81259064314,16.89999999999997
485,0.913409723492,3.83778104623,0.3990648365,-6.28972388412,16.89999999999997
486,0.107782055143,11.9126296976,1.11192865409,-9.47265165176,16.89999999999997
487,0.155732881143,0.394200000982,-1.33562899782,-4.77263130491,16.89999999999997
488,0.346825864545,1.33070181931,0.0826877708906,0.851855806583,16.89999999999997
489,0.266855664333,0.954009190094,1.35723177497,-5.10274674576,16.89999999999997
490,0.226119060988,-1.84006184697,-0.628903500663,-5.19012771732,16.89999999999997
491,0.196066033835,3.20297461708,-1.2696280479,-3.39041809825,16.89999999999997
492,0.286539330996,2.58653653765,3.88603548747,-5.16534209523,16.89999999999997
493,0.830173807977,-2.07148570261,-0.573321077025,-8.39985297593,16.89999999999997
494,0.108833502097,1.20937829042,1.80932741424,-3.89598996747,16.89999999999997
495,0.274145295024,2.74299513091,-0.354519165803,-5.05138471297,16.89999999999997
496,0.140580473353,7.2113626633,2.37582720432,-5.38708761339,16.89999999999997
497,0.336935478092,3.17268628018,-0.197073933002,-6.4004965506,16.89999999999997
498,0.985480492778,-0.654725342444,3.48291267492,-1.6870796797,16.89999999999997
499,0.217402286708,-8.95835209842,15.8700327297,11.6449905039,16.89999999999997
500,0.268760324695,3.50409636427,-4.10217945888,-4.55774076518,16.89999999999997
501,0.308238366536,2.3914732047,0.582143911725,-2.45384239968,16.89999999999997
502,0.498658715403,1.31667793981,1.90565244544,-5.65763489306,16.89999999999997
503,0.107005042328,9.05067313899,22.6068060011,-5.19711988324,16.89999999999997
504,0.337959146349,-2.62495591171,-0.835331541179,-5.93499966646,16.89999999999997
505,0.217394766502,2.25579363142,-0.12738751402,-5.9812718594,16.89999999999997
506,0.107961148006,-0.145305688069,-0.654921072302,-0.615494779933,16.89999999999997
507,0.220453765465,-0.0994002174162,-0.980752443406,-7.86876278016,16.89999999999997
508,0.556094387929,12.4832950897,2.9222017086,2.39834057897,16.89999999999997
509,0.437048746666,3.77628182878,3.61801451559,-5.67809874683,16.89999999999997
510,0.177958442886,1.21646984825,2.77609602282,-5.65140453587,16.89999999999997
511,0.108745702886,-2.71926221766,3.45732745232,-3.435270867,16.89999999999997
512,0.176416850444,1.83309929363,1.87778304849,-5.15114358661,16.89999999999997
513,0.245392782384,3.02891615387,0.995030239595,-2.84666909239,16.89999999999997
514,0.181562228579,-2.4939267312,7.59262713327,-1.94863029257,16.89999999999997
515,1.01840219971,2.58319216871,1.5461742399,-4.66902268284,16.89999999999997
516,6.46175436011,5.94025998947,-0.346743434059,-1.85900409652,16.89999999999997
517,0.108520373741,-0.677069232759,2.31765034736,-4.56659754082,16.89999999999997
518,1.00944308333,3.34137783649,0.402389718448,-2.30062892054,16.89999999999997
519,3.45247376353,-0.714457688797,1.74210428162,-4.77311593501,16.89999999999997
520,0.196895173132,3.84848344817,1.35253435732,-5.2732483576,16.89999999999997
521,0.213797542456,-0.902468656264,-3.0219796485,-5.05753157535,16.89999999999997
522,1.01409151034,0.926050210163,0.0461694063386,-5.54734611847,16.89999999999997
523,2.45420397779,0.931191810025,-0.936337711414,-4.71455445655,16.89999999999997
524,0.160943077361,3.70388387586,2.66985187244,15.9326449201,16.89999999999997
525,0.35852557044,-8.3807374501,16.4566139053,-7.04041213231,16.89999999999997
526,0.265108647847,2.82599264929,-0.182712028493,-3.26863604617,16.89999999999997
527,0.124414940773,-0.910257489823,-3.59883274481,3.9863137204,16.89999999999997
528,0.189957704124,-1.94431713896,7.23789815556,-3.32524225868,16.89999999999997
529,0.186194103434,3.4524624045,-0.245623987527,-7.24647009545,16.89999999999997
530,2.42970606075,-11.9276042948,6.24741045994,-6.75739189323,16.89999999999997
531,0.177082552591,3.14169360035,2.29531242386,-6.61752449954,16.89999999999997
532,0.13133544332,-1.9685741428,-0.517820126208,4.80224902546,16.89999999999997
533,0.252442063579,-2.17059612498,4.88390136029,13.4492355531,16.89999999999997
534,0.739247805119,0.874283026856,0.117139392415,-5.53537267963,16.89999999999997
535,0.611252374369,2.2828735485,-0.494385728549,-3.34466810481,16.89999999999997
536,0.176467704463,1.42340527314,-0.230886806767,-3.04735377014,16.89999999999997
537,0.757202488888,-5.78149661241,7.71090665636,0.24099843038,16.89999999999997
538,0.271262676965,1.09643768865,0.286916049922,-2.24213693566,16.89999999999997
539,0.17666061339,2.02777677519,3.24809227399,-9.90306774701,16.89999999999997
540,1.39369311131,2.02503043039,0.880077797639,-2.6035125545,16.89999999999997
541,0.404512394936,0.225948936795,0.770973920603,-3.21170484817,16.89999999999997
542,0.123301539011,5.71714965656,1.95901815738,-7.38011694213,16.89999999999997
543,0.518001163562,2.18755455853,0.0455928991018,-4.98525324554,16.89999999999997
544,0.208160262149,6.23290620837,-0.335145054841,0.170018076588,16.89999999999997
545,0.113450571086,3.344581015,-0.751450475647,-6.51218193405,16.89999999999997
546,0.404738025271,2.46852281275,-0.0184367547864,-0.837779323826,16.89999999999997
547,0.141123102694,-2.26336443171,-0.607123513362,-6.9405255364,16.89999999999997
548,0.253507816006,1.91030356782,-3.86729875284,-5.78733473699,16.89999999999997
549,0.296350295223,2.5262642458,-0.897155022025,-4.53785485854,16.89999999999997
550,0.226252572339,-0.798874897222,0.856931696222,-5.1777974327,16.89999999999997
551,1.54831551216,-1.09882827418,1.7317490477,-1.55321906593,16.89999999999997
552,0.199977428774,1.75290047193,2.04980543055,-5.17489339358,16.89999999999997
553,0.225762487184,3.3967136713,0.511434947914,-5.38116650107,16.89999999999997
554,0.613240842155,-0.0917315085847,-2.78852931233,-3.71239048833,16.89999999999997
555,0.262679481977,-0.618140745377,-0.239993477742,-3.98395211619,16.89999999999997
556,0.170602652415,0.751374071332,-3.06001523087,-6.11615738626,16.89999999999997
557,0.488768409756,1.17001404964,-0.324439239072,-3.97134703528,16.89999999999997
558,0.215422856282,-2.23339864055,0.846330731996,-7.16885970833,16.89999999999997
559,0.13875674393,2.01225964362,1.67420650112,-4.61432139035,16.89999999999997
560,0.436161465629,0.23236974593,-0.45331280381,-5.47170586473,16.89999999999997
561,0.469406157121,0.694376236152,5.68076728036,-2.31351556936,16.89999999999997
562,0.615977746123,4.23825920887,0.436807056388,-1.43870833854,16.89999999999997
563,0.12899106693,2.75358538439,1.62259705755,-4.56809425832,16.89999999999997
564,0.669755102161,-0.516301000062,20.9499158304,13.789808567,16.89999999999997
565,1.65746649431,1.56740241281,0.0571109216427,-4.92197380212,16.89999999999997
566,0.691205599861,4.01080368579,1.38239304148,-2.42153077843,16.89999999999997
567,0.210939626948,-1.14026650108,-4.89909601442,-8.91223193472,16.89999999999997
568,0.810383341953,2.61866121517,1.80149275404,-7.88983868498,16.89999999999997
569,0.210088967336,2.80427408131,1.72488602875,-2.93287168641,16.89999999999997
570,0.151694694791,8.981456874,-1.64751957329,-2.36431903395,16.89999999999997
571,1.34601328566,0.995231099505,-0.79921588062,-4.32236719846,16.89999999999997
572,0.841520632069,0.942182806975,0.435143879783,-5.8659289675,16.89999999999997
573,0.131250192527,1.16435988029,-4.37048732112,-0.359462173297,16.89999999999997
574,0.12883302036,5.06621655047,2.83899994632,7.6177415219,16.89999999999997
575,0.149461470094,-0.975351637777,3.01926506868,-9.26111140485,16.89999999999997
576,0.231442882308,-7.56316773051,0.627138661683,-5.24912023318,16.89999999999997
577,0.110588188647,0.797822787637,0.0298063177169,-5.43954873313,16.89999999999997
578,0.313478475817,0.537519946934,0.149569472753,-6.72193086251,16.89999999999997
579,0.257927631897,0.434097134605,-0.822346655749,-4.53295150621,16.89999999999997
580,0.113754276309,2.31210920363,-0.212843691343,-3.83758620466,16.89999999999997
581,0.27336051948,7.77448081512,10.4610814424,2.8679510889,16.89999999999997
582,4.7000020309,-0.738400937,-0.203983537903,-2.60433190762,16.89999999999997
583,0.271746957,1.05562883289,1.73563924074,-2.58449983651,16.89999999999997
584,0.186616258558,1.04962079108,-2.17596080602,-1.02478796419,16.89999999999997
585,0.132842155011,2.18564367608,1.47599741202,-3.85003667596,16.89999999999997
586,1.55926095567,-0.761796811839,3.40730749833,-4.35352244636,16.89999999999997
587,1.02695277157,6.05278984096,-8.41071212166,-5.44700201562,16.89999999999997
588,1.0143518289,-4.35267610069,-2.57448281109,-7.2319291796,16.89999999999997
589,0.182898374202,-1.70128989104,8.30890656511,-5.74028353707,16.89999999999997
590,0.599027599481,-1.19812983564,-2.26360228336,-3.87980598371,16.89999999999997
591,0.666660921063,7.34800311473,0.743273887783,-15.0292575472,16.89999999999997
592,0.246481211823,0.278842475831,0.661427840236,-6.8180748891,16.89999999999997
593,0.120132159185,3.13326053779,0.891674981484,-2.33705236798,16.89999999999997
594,0.169748663906,2.14578752217,-6.6047471742,1.78608743606,16.89999999999997
595,0.118808747546,1.01227050656,1.70122873367,-6.65809023545,16.89999999999997
596,0.140441282509,0.623454244773,2.90674383223,-5.88484789873,16.89999999999997
597,0.454872914655,-1.65037995808,-0.889350718031,2.72509197797,16.89999999999997
598,0.13180026342,-1.3097569394,-0.44512055702,-5.31502971752,16.89999999999997
599,0.786586546864,3.7924344038,3.05815355838,-0.283921800246,16.89999999999997
600,0.299660326083,3.06146219393,1.66536786846,-5.7358868218,16.89999999999997
601,0.448162324631,1.44130868648,1.27218876687,-0.992529304552,16.89999999999997
602,0.18378460371,1.34004907947,3.14153778142,-4.73624494815,16.89999999999997
603,0.373401745257,2.642898487,0.153156506571,-3.8727427742,16.89999999999997
604,1.43250287647,1.47240896271,-12.6868626083,7.82611414832,16.89999999999997
605,0.187754538368,2.25340626437,-0.0159555026955,-3.43230697528,16.89999999999997
606,0.926826272487,-1.36941418199,-2.44493834756,-4.68381778917,16.89999999999997
607,0.216527786323,6.25983494572,3.56093409575,-1.40826586465,16.89999999999997
608,0.213627460051,0.872854506145,-0.457925789465,-5.03098607451,16.89999999999997
609,0.404032713642,2.17746197963,0.659121049835,-5.99795757594,16.89999999999997
610,0.164102161265,0.820110697218,0.332281553265,-4.2425845475,16.89999999999997
611,0.1551805039,3.00397926284,-0.701108893713,-4.52879462952,16.89999999999997
612,0.960785183768,2.99806375821,3.25103370673,-5.10323357511,16.89999999999997
613,0.928190876655,1.38664396952,3.14121507406,-2.00775180726,16.89999999999997
614,0.380302200086,0.517851236921,-1.08375951294,-4.0293593449,16.89999999999997
615,0.245662128247,1.1351160803,-0.190759397735,-7.31846804775,16.89999999999997
616,0.273036529853,0.165655423171,0.618068152281,-6.13564320559,16.89999999999997
617,0.178162749336,5.60478744798,9.02948943405,-6.48186375411,16.89999999999997
618,0.544439254959,0.141571630604,0.301996757478,-5.4831163062,16.89999999999997
619,0.133449222025,-10.46779573,-2.65004921818,-10.5794151281,16.89999999999997
620,0.267198294512,0.347502282528,1.06117873348,-4.5072978144,16.89999999999997
621,0.418142773222,-0.532632860215,1.38946426358,-4.53824615148,16.89999999999997
622,0.376153754323,1.59738379641,-1.11330326235,-4.10893901322,16.89999999999997
623,4.79177768715,1.33968190101,1.0923181582,-3.46596959298,16.89999999999997
624,0.174942599857,0.753590568931,-2.02622999266,-8.00068305996,16.89999999999997
625,0.195244157315,0.999512556094,0.543868670053,-4.57947631553,16.89999999999997
626,0.12106473256,2.82625787516,-9.99396322536,2.51880208822,16.89999999999997
627,0.131640969077,0.683439765428,-1.30373825619,-1.48846756952,16.89999999999997
628,0.268650305484,1.08155724749,0.73021101456,-3.87807171951,16.89999999999997
629,0.14860930383,1.14250423709,-0.644713987676,-5.25380407225,16.89999999999997
630,0.11471398992,-1.91760096053,4.32855347228,0.432557102022,16.89999999999997
631,0.474118430986,1.99573260846,0.0549862024179,-3.39233163933,16.89999999999997
632,0.221705368439,-4.90428821336,-0.964491562282,-6.16722822502,16.89999999999997
633,0.222543826379,-0.976143422601,2.51654426923,-2.99607971871,16.89999999999997
634,0.11381436753,0.399115345733,-0.748621149894,-3.82499851181,16.89999999999997
635,0.295215432954,1.06494067906,-1.7031295454,-1.221095186,16.89999999999997
636,0.425462740306,-1.8153581986,2.59106890616,-5.55655047636,16.89999999999997
637,0.327120271139,2.69492923202,0.181053866331,-3.73492753394,16.89999999999997
638,0.521194314924,8.14278638007,-13.5544551808,5.27861050185,16.89999999999997
639,0.10493655113,-0.0213811857109,2.86816166924,4.44447424396,16.89999999999997
640,0.276845622632,-2.57165165509,2.41140380738,-4.61091785777,16.89999999999997
641,0.380377339198,9.9434386875,-16.0799190019,-10.4394690468,16.89999999999997
642,0.291874374894,1.47860251096,0.252822032315,-3.17568893307,16.89999999999997
643,0.615194329043,2.56077354671,-0.247376488546,-5.54555785,16.89999999999997
644,0.660628671175,1.56118597063,1.62671525827,-5.6995946957,16.89999999999997
645,1.26756585442,-9.19120025918,8.52515370974,2.35478684001,16.89999999999997
646,0.443366485692,-0.369566191317,1.10464152805,-3.61934139098,16.89999999999997
647,0.147793777452,3.52810081009,-0.190124465673,-5.51087165969,16.89999999999997
648,0.215849846546,3.54307503095,2.42914151561,-5.68605381272,16.89999999999997
649,0.111162862317,1.66878533412,0.596851348676,9.52257230532,16.89999999999997
650,0.158891095997,2.59891269006,-0.428045046877,-3.12480362458,16.89999999999997
651,0.144377092689,1.88912802945,0.173324050776,-4.13012824852,16.89999999999997
652,0.18739247576,0.552963051255,-1.32905728635,-2.69837207199,16.89999999999997
653,0.209578153943,-1.17590008927,-1.32424921583,0.47166162192,16.89999999999997
654,0.105658631639,1.81591372001,-5.38673658656,2.02939454325,16.89999999999997
655,0.831542265877,3.07453908167,2.45425159626,-5.13395794172,16.89999999999997
656,0.142052841073,-0.0798026455171,12.0031384891,-19.6173308884,16.89999999999997
657,0.243546072714,-1.66242518116,1.0731206895,-4.24277617461,16.89999999999997
658,2.34641552698,1.78861568779,0.415780890152,-4.43163864947,16.89999999999997
659,0.113436417851,3.33499977272,1.02787051842,-4.24843848212,16.89999999999997
660,0.456664075414,-5.47743695634,4.19855272686,-9.6746487932,16.89999999999997
661,0.153856921904,3.18800083656,1.31342235278,-6.69221743913,16.89999999999997
662,0.438724810134,0.228195033504,1.11339472864,-4.70470733818,16.89999999999997
663,0.31773937794,5.69039462843,5.34199238101,-7.46847423848,16.89999999999997
664,0.548404679268,1.58327708523,1.42105196079,-3.99815863653,16.89999999999997
665,0.150371806063,-1.49523499399,-0.845572181081,-3.41986129704,16.89999999999997
666,2.06259612295,-2.34945288735,5.04613898271,1.21982039387,16.89999999999997
667,0.722855859815,1.87685108297,0.895893660016,-6.20408960228,16.89999999999997
668,0.56785301671,5.00517198175,1.1785993562,-2.11497376826,16.89999999999997
669,0.177893563645,0.514079950397,-0.637556837338,-3.03204380771,16.89999999999997
670,0.123259269438,0.68971001946,0.895117363894,-4.1754763166,16.89999999999997
671,0.704566912076,14.2273196656,11.9091455606,-10.2998386547,16.89999999999997
672,0.101005863025,-12.7577279664,1.6936679168,-4.88072024385,16.89999999999997
673,0.432951220227,1.28345167929,0.173315826842,-4.11658859677,16.89999999999997
674,0.412894947755,4.90388118101,2.49305038906,-6.33540831106,16.89999999999997
675,0.262414719775,3.55451145462,3.90255719828,-4.98210583705,16.89999999999997
676,0.110392933138,3.89369120771,-0.328776864112,-6.1073663769,16.89999999999997
677,0.14017722013,3.31944571491,-0.369936678572,-3.47000318846,16.89999999999997
678,0.230010723794,6.37016950105,0.643410409495,-6.05314609684,16.89999999999997
679,0.123534932711,-1.11824408576,2.78656516969,-8.17465219875,16.89999999999997
680,0.4855425046,8.00040570046,0.176154703625,-4.16445357813,16.89999999999997
681,0.128283079633,8.92899493025,7.12967330021,2.11652076726,16.89999999999997
682,8.7762124831,0.051666178907,-1.1258266583,-2.99532006542,16.89999999999997
683,0.106392925765,24.9249356819,15.8175533027,4.12315644032,16.89999999999997
684,0.194977226205,2.41246505467,0.218748266857,-4.0747822951,16.89999999999997
685,1.33283386123,-1.53757835305,6.21528061916,1.64244259266,16.89999999999997
686,0.105116949301,5.43931451274,-4.04011250998,1.95592096445,16.89999999999997
687,0.847199174904,2.52263614217,0.107783205969,-4.60917716072,16.89999999999997
688,0.16602093913,2.07685331644,0.715977921188,-5.94138162594,16.89999999999997
689,0.300213267957,9.60784367655,8.44849430368,-6.20914574723,16.89999999999997
690,0.773713202806,2.5105417945,0.436153972052,-4.46784769937,16.89999999999997
691,0.120210018532,6.9860373884,3.41054036983,2.66321107076,16.89999999999997
692,6.30743468682,1.70427134901,1.1695209427,-2.01022549982,16.89999999999997
693,0.102642613242,-18.794204197,11.0157358658,4.15554432388,16.89999999999997
694,0.799302816033,3.87704372241,3.79775004187,-4.155142833,16.89999999999997
695,1.26668806129,-1.67559508217,-0.911350430166,-9.25615596995,16.89999999999997
696,1.38171461739,22.1934032208,-5.57189873826,2.47960897257,16.89999999999997
697,0.193771833027,10.9696058912,9.40886040305,-3.12145305607,16.89999999999997
698,0.124906522064,-0.334089520663,0.717945841944,-4.55817280384,16.89999999999997
699,0.340199121873,-0.570875055514,-0.386585257013,-6.34050821198,16.89999999999997
700,0.210576524867,5.72055471556,0.387665786464,-3.66267262396,16.89999999999997
701,0.112457240817,0.423188819581,0.473637442419,-6.7238755671,16.89999999999997
702,0.717501289552,4.05489990682,-0.673181904152,-4.90771035437,16.89999999999997
703,0.299732220925,1.01865328799,-0.763276182692,-4.35464406055,16.89999999999997
704,1.58662307115,1.10142413826,3.80808651548,-3.83340378353,16.89999999999997
705,0.506633718342,-0.235294843278,1.59982212534,-3.52327611611,16.89999999999997
706,0.334357685478,0.949587506225,2.38713772019,-4.42150902766,16.89999999999997
707,0.254030866627,-6.87175878369,5.03430986762,-6.98081590482,16.89999999999997
708,0.105902611088,1.38808001332,0.453891784393,-8.56214966116,16.89999999999997
709,0.293565745839,1.50615381463,-0.273937586446,-3.72024159815,16.89999999999997
710,0.986764780835,1.26543064743,-0.0962042813407,-4.58000413983,16.89999999999997
711,0.275523186835,-1.47399732945,-5.45984219852,-7.89672842125,16.89999999999997
712,0.352177209857,1.18024684756,0.0760941846198,-5.53665573039,16.89999999999997
713,0.265469174389,3.60857203008,-0.364496138879,-5.05291672863,16.89999999999997
714,0.477997483831,-4.20364502268,-21.2031273288,7.63447812432,16.89999999999997
715,0.384399641723,3.17370061217,-0.295148829635,-6.18233054313,16.89999999999997
716,0.12843930843,3.10589367566,-1.95889974578,-6.33794775591,16.89999999999997
717,0.213123735702,-0.685045878792,2.05391528629,-3.53502108947,16.89999999999997
718,0.214476814642,3.00709363265,-1.96298971225,-2.29316687339,16.89999999999997
719,0.108659944791,-3.48608932423,12.0148791579,-4.11147040314,16.89999999999997
720,0.109974318438,0.199097257785,-0.0414043058196,-7.0404769825,16.89999999999997
721,0.384699314074,1.92699845363,1.4854310276,-5.10596116298,16.89999999999997
722,0.859154899623,-4.29589807782,-0.192133078414,-1.31380197548,16.89999999999997
723,0.362225025474,4.0859796655,1.51430272442,-7.44549412225,16.89999999999997
724,0.584594120009,0.626367320787,1.18568655889,-6.15546228865,16.89999999999997
725,0.200133293736,-1.80069868224,-1.38143630078,-3.34668337385,16.89999999999997
726,0.790056517757,-0.00563886642838,-1.32588829543,-3.3348015704,16.89999999999997
727,0.124544349976,4.85392489069,0.976849072015,-20.0459688678,16.89999999999997
728,0.177090630195,5.67165612409,3.71949524939,-4.86945695498,16.89999999999997
729,0.252964183239,4.15348497509,-4.7434980234,6.47373483597,16.89999999999997
730,0.497293191871,2.24717855801,-2.46262439209,-4.5926837741,16.89999999999997
731,0.108868128608,0.626441415696,1.29257347637,-5.61563746944,16.89999999999997
732,0.310106632315,2.20044480039,-2.56874471565,-1.70941510773,16.89999999999997
733,0.249722166604,2.8067863801,1.08816239589,-1.12432987428,16.89999999999997
734,0.563982446647,1.15609538037,0.296778831133,-5.59647185204,16.89999999999997
735,0.853497813471,6.02309522987,-0.871042853725,-9.97678050637,16.89999999999997
736,0.157011031533,0.144866608635,0.519189161762,-4.54985285311,16.89999999999997
737,0.280923031632,1.22671029061,-0.0979513492193,-4.38561581064,16.89999999999997
738,0.388181897731,2.16632631186,-6.29911040032,2.80337211067,16.89999999999997
739,0.226647254246,15.7769461899,-3.02880905326,-2.92255942656,16.89999999999997
740,0.275245873858,2.93506349883,5.67350245907,-5.51197342154,16.89999999999997
741,0.265180752642,3.67480455019,1.63349810241,-7.83873778844,16.89999999999997
742,0.106976121348,1.67092768286,0.886107889901,-4.29816202958,16.89999999999997
743,0.598283740686,-7.39395394493,24.5301183884,-4.48194697199,16.89999999999997
744,0.172601332484,-6.02296252696,5.78586832775,-11.0020180208,16.89999999999997
745,0.270593004309,-9.39509121542,-2.96252736629,7.89100587217,16.89999999999997
746,0.29865178234,-1.34763441656,-0.597607859185,-4.31258945089,16.89999999999997
747,0.275656046958,-0.728938502965,1.59366533396,-2.96822213085,16.89999999999997
748,0.169407320332,2.2082312168,0.659611018131,-5.26966801501,16.89999999999997
749,0.197366653865,-1.41933902289,6.01511183249,14.4014156358,16.89999999999997
750,0.634722147515,0.774548239383,-0.692700880753,-3.28178059412,16.89999999999997
751,0.116643119312,10.4137029733,11.8114714201,-2.97916093398,16.89999999999997
752,0.230572881366,1.42251532675,-0.053056332167,-2.5467032276,16.89999999999997
753,0.417654730239,2.30220097158,-2.73392173657,-5.9712034178,16.89999999999997
754,1.75979918263,-25.3767379761,-6.81445644839,12.3914649504,16.89999999999997
755,0.151744861875,1.81332464984,2.47853395292,-6.31707861002,16.89999999999997
756,0.144837316425,2.61265558157,-2.87699532078,-5.04154042694,16.89999999999997
757,0.150514412282,3.3878649371,1.71118038703,-6.24096150651,16.89999999999997
758,1.82855997257,-2.90539755196,1.01571514723,0.429519896088,16.89999999999997
759,0.380732634438,4.082168436,0.783928023994,-1.45912895152,16.89999999999997
760,1.04200627717,1.6127857025,0.822206682547,-3.03765885553,16.89999999999997
761,1.00881441427,1.95400908709,1.71726763002,-8.08063767373,16.89999999999997
762,0.116077959914,3.36902015695,0.496894049087,-4.65412408939,16.89999999999997
763,0.267892860291,0.776010841224,1.57387635993,1.58899022014,16.89999999999997
764,0.103933681749,3.61721397006,-0.160657337738,-3.23565033139,16.89999999999997
765,0.115636233473,-0.263531242954,-6.87170166508,-2.55658529742,16.89999999999997
766,0.252670474386,4.27043466805,-1.43799154683,-0.889718096435,16.89999999999997
767,0.126941615963,2.45311486006,0.146054176694,-4.330822943,16.89999999999997
768,0.11138337803,1.54801928361,3.60389344322,-3.02815157154,16.89999999999997
769,0.662086469428,-6.89363107129,3.21312237997,-7.03352412681,16.89999999999997
770,0.108916291395,4.16778100695,0.67809238648,-4.87814680625,16.89999999999997
771,0.132688152913,-12.4002571065,0.0122778125308,-2.22341202439,16.89999999999997
772,0.145079360184,3.12035535181,-4.37677310772,-1.45005649623,16.89999999999997
773,0.849389721241,-2.14828146519,1.10318842947,-2.7601492534,16.89999999999997
774,1.07831989311,-1.09461699227,0.733501587706,-3.87912129141,16.89999999999997
775,0.650319952561,0.320589817652,-0.291942289763,-5.05753585415,16.89999999999997
776,0.17148395411,1.11979131711,-0.26941526872,-2.80778897508,16.89999999999997
777,0.713093443814,2.03715859559,0.194607833309,-4.10885244246,16.89999999999997
778,0.226206527849,4.48530397672,17.8812893837,9.20566830677,16.89999999999997
779,0.862377391172,2.06641909972,2.93537669372,-2.16707633096,16.89999999999997
780,0.193876530876,1.75427632383,1.60457320241,-6.06918975042,16.89999999999997
781,1.74722224077,11.0296133782,-5.63022046966,7.40677668916,16.89999999999997
782,0.259427483716,-1.25794754443,-0.663919230595,-3.57490789079,16.89999999999997
783,0.115780275203,-0.978020196315,1.74008976498,-3.39184218276,16.89999999999997
784,0.146649331934,0.985259726725,1.37003561877,-6.83595381138,16.89999999999997
785,1.21892488802,-3.45551031129,-0.0351426047705,-2.13995718544,16.89999999999997
786,0.101881362444,-0.567240479599,0.306831267797,-1.7957735048,16.89999999999997
787,0.443396207743,1.06133985014,-3.56289318809,-4.85817122939,16.89999999999997
788,2.33783965904,5.3027655756,-11.7562384848,-6.04935991719,16.89999999999997
789,0.594068366955,-1.10436874268,1.43842225031,-2.69798731271,16.89999999999997
790,0.212043205851,-0.165659579593,9.29039920104,-2.27297166777,16.89999999999997
791,0.438966256577,0.993355292536,1.56199586785,-5.92064123734,16.89999999999997
792,0.228702305033,2.15709351142,-3.40111889398,-5.77758105187,16.89999999999997
793,2.83308791074,1.65821168647,-1.04874627335,-4.54461308006,16.89999999999997
794,0.625140716221,-4.97852213433,-3.45103922144,7.10390107761,16.89999999999997
795,0.60556193308,-2.11908914994,6.53438511207,3.46568553506,16.89999999999997
796,0.418219606137,-5.89058201396,4.7136326976,-15.6567650367,16.89999999999997
797,0.174411405965,1.35610813159,0.308341274182,-5.1860671733,16.89999999999997
798,0.534991359124,-0.253716531997,-0.132822786535,-5.37024948996,16.89999999999997
799,0.17495143315,2.01190708399,-0.996820125869,-4.22389043346,16.89999999999997
800,0.109551084204,-10.572243419,14.884850246,-5.72239262875,16.89999999999997
801,0.361565786936,1.08237516912,1.47069480643,-5.56274142164,16.89999999999997
802,0.42572107096,2.8799975695,-5.94837862804,1.85635351811,16.89999999999997
803,0.219557038498,1.14029215256,-0.00205989743749,-3.50582261425,16.89999999999997
804,0.22495357657,3.50162311793,-0.35403366525,-3.51634036184,16.89999999999997
805,0.103898894657,-0.473559326895,-0.584487725164,-5.65278479232,16.89999999999997
806,0.223923183926,0.692992922397,1.46589024837,-6.96201367717,16.89999999999997
807,2.54415672701,0.221039317493,0.87477604385,0.475302365884,16.89999999999997
808,1.84695639194,0.492128411933,-1.11871133987,-12.4549028177,16.89999999999997
809,0.166135516943,3.90127524631,-1.85173131757,-3.86937128718,16.89999999999997
810,0.255316498116,3.18016993433,1.79344236584,-1.87858555706,16.89999999999997
811,0.156203748565,-12.4411595014,16.0640552753,2.33883444973,16.89999999999997
812,0.130751203343,-1.2149770003,-0.621924537467,-0.00452304716832,16.89999999999997
813,0.223221701602,-0.642715548483,2.77500594006,-8.41227600136,16.89999999999997
814,0.187216762005,5.58575375709,-3.58371472118,-3.83444326757,16.89999999999997
815,0.186777485833,0.976566786956,-1.74260867953,-7.30382658162,16.89999999999997
816,6.71967054881,3.060873032,0.252922751879,-4.33519144873,16.89999999999997
817,0.691234313771,3.40700778033,2.71001606996,-6.20647697331,16.89999999999997
818,0.19865335192,1.24582633612,3.29643464498,-1.88656530218,16.89999999999997
819,0.100720050788,1.60483191666,2.91435840444,-3.83911272044,16.89999999999997
820,0.126289927231,0.371942888279,0.669204276842,-3.64219968106,16.89999999999997
821,0.118466793784,0.895909253892,-2.7801596209,-1.83173517937,16.89999999999997
822,0.13172301339,-14.3022085323,6.52333077642,28.5217346346,16.89999999999997
823,0.331183769407,9.95092333868,2.84706365494,-7.7462694141,16.89999999999997
824,1.23432774617,1.73718233776,-0.0172332806541,-7.91870556835,16.89999999999997
825,2.00809028623,-0.617002237808,-0.246491420714,-7.43406719114,16.89999999999997
826,0.133391715095,0.244369266368,1.57977627801,-3.81801230746,16.89999999999997
827,0.111742927252,3.13563740791,-2.87220399775,-10.8199859065,16.89999999999997
828,0.300758447866,1.97269044784,0.656516500787,-3.44975863092,16.89999999999997
829,0.106952877348,0.360377648692,3.73399668147,-5.84114868652,16.89999999999997
830,0.16672880521,3.28432404304,-0.130028375172,-4.54058161346,16.89999999999997
831,0.89236304629,1.6575798208,-0.412273694964,-4.4430819303,16.89999999999997
832,0.112010683189,1.9001580659,0.140825698245,-3.47545374726,16.89999999999997
833,0.404033403786,4.63793584713,2.27276561661,-8.39919241859,16.89999999999997
834,0.253940638993,0.239275372178,0.273639811797,-2.11714534001,16.89999999999997
835,0.950473380825,2.30860417488,1.65062585257,-4.79006969579,16.89999999999997
836,0.356459664531,-0.327886942327,-0.018635292105,-8.26602003162,16.89999999999997
837,3.61738723054,1.54788717517,-1.14616442548,-4.43479418837,16.89999999999997
838,0.111030138787,0.719315500768,1.29213005708,-5.00526698019,16.89999999999997
839,0.79206966412,2.85884434505,1.25477333912,-6.17975593987,16.89999999999997
840,0.171313180522,5.26085088369,1.04257266323,-1.71173442441,16.89999999999997
841,0.520849678872,-1.47555221729,-0.718065089485,-2.59110227638,16.89999999999997
842,0.329142150131,0.587298761393,0.0776954884706,-2.96120682369,16.89999999999997
843,0.898966593245,0.985475592162,1.47533229905,-8.09776650402,16.89999999999997
844,0.108916653333,0.483687193074,0.754763863653,-5.79681965523,16.89999999999997
845,0.164838868059,-1.0638457342,-0.0977853430923,-0.0725581735791,16.89999999999997
846,0.122531307045,1.0850425702,0.219180293598,-6.44935960187,16.89999999999997
847,0.122703678982,-1.14990679127,1.01761484847,-1.4316283957,16.89999999999997
848,0.154558406933,11.9394384248,3.26701874039,-6.23483284168,16.89999999999997
849,0.268922109851,-1.04661308806,-0.514380932665,-9.44628050373,16.89999999999997
850,0.188537045629,-1.98005883124,-1.30444785928,-3.71914317507,16.89999999999997
851,0.207123965771,-2.29454930524,0.427818916078,6.86862998705,16.89999999999997
852,0.196036558363,7.67916115736,7.20478746839,-8.18952758418,16.89999999999997
853,0.332209808864,4.07274038442,-2.98656696319,-4.86796303047,16.89999999999997
854,0.103669826698,-0.658143234537,-0.0957907655102,-6.90583801845,16.89999999999997
855,2.84260567746,2.77086708,-1.28547889685,1.15965886967,16.89999999999997
856,0.112804269648,1.82713194405,2.36835048142,-5.720983668,16.89999999999997
857,0.165508489897,-10.3047920252,11.4475707021,-17.9869437665,16.89999999999997
858,0.433763624722,-0.224648838871,-0.179722845533,2.06747344017,16.89999999999997
859,0.189562590783,0.784834810125,1.61358900323,-3.28253220013,16.89999999999997
860,0.200007568521,17.1247022671,-17.4499036178,-8.09978670653,16.89999999999997
861,0.241616610901,-0.425949911659,1.48847860589,-7.21804167302,16.89999999999997
862,1.07916058741,4.56531983969,-1.19095567638,-4.52044526808,16.89999999999997
863,0.413547394584,17.9453734103,0.440178629986,7.99523355282,16.89999999999997
864,0.308322090851,0.441147542127,-3.37861960295,-1.89251464833,16.89999999999997
865,0.124314226695,0.972621645692,0.817533142463,-4.11668649605,16.89999999999997
866,0.309248243528,0.536424896094,-2.10611458186,-8.6721337871,16.89999999999997
867,0.201634535826,8.3127928639,5.32917711396,-2.67751286565,16.89999999999997
868,5.57694228672,3.5776389479,0.0717099678894,-5.66343654694,16.89999999999997
869,0.932656121163,2.85149939328,-1.67448767244,-1.99874347179,16.89999999999997
870,0.125671235175,-0.579117481819,-1.33698724345,-3.375530671,16.89999999999997
871,0.147335118401,1.86205395793,0.797298981013,-4.45704276841,16.89999999999997
872,1.03518604224,6.84647629105,2.61695740571,-7.90948861588,16.89999999999997
873,0.164714291149,1.76069229249,0.188931512952,-3.74097169025,16.89999999999997
874,0.104046402938,-7.64534669037,-0.167134671323,-8.37698059906,16.89999999999997
875,1.88280440629,-9.05823215879,-10.3120778422,-7.24483476833,16.89999999999997
876,0.20643684652,3.56936793304,-3.19327431655,-6.99451000101,16.89999999999997
877,0.626435352445,0.792453580764,5.54334915983,0.433194067805,16.89999999999997
878,0.144425246,-2.35901632464,-4.02394594367,7.24721488098,16.89999999999997
879,0.125551917153,4.45189301629,-1.78643241003,-4.06455306701,16.89999999999997
880,0.339912384335,0.890133925047,-0.537530720836,-3.669104467,16.89999999999997
881,0.286596800064,-1.57885734856,3.04215887936,-3.7762455048,16.89999999999997
882,0.116264783279,1.54822848374,-0.140958315672,-5.54269522894,16.89999999999997
883,5.89160272109,2.82504871926,0.485347173743,-3.4833445116,16.89999999999997
884,0.530732227813,0.693362465634,-3.57755022695,-1.67341048102,16.89999999999997
885,3.46170657273,1.16771275803,0.458073038836,-6.07437024382,16.89999999999997
886,0.374327206088,-1.29878456416,-0.114788273687,-6.6376217416,16.89999999999997
887,1.21640949233,1.04895687113,0.519816202955,-4.68891794374,16.89999999999997
888,1.04101856077,-0.629277268242,0.887257031326,-4.27436295837,16.89999999999997
889,0.159589294853,-5.95045832627,4.59983542266,11.9238462424,16.89999999999997
890,2.18937754562,13.9121355109,9.07164759574,-5.2058144365,16.89999999999997
891,0.397213802489,4.31823939789,5.46737927733,-12.8675988992,16.89999999999997
892,0.147103062631,2.002945003,-0.36426626368,-5.67590189464,16.89999999999997
893,0.169742300569,-3.35056317095,5.17322430482,0.193878724584,16.89999999999997
894,0.159136487727,-2.08076390274,-0.977077843173,-7.56164129703,16.89999999999997
895,0.38840503933,1.00627367264,2.90743254241,-4.97999867653,16.89999999999997
896,0.134969886203,2.34620861531,-10.4314267431,4.23323347672,16.89999999999997
897,0.488562535366,1.11161803326,1.58998457321,-3.6484751377,16.89999999999997
898,1.2637695954,1.64112563195,2.27148488808,-1.80026147159,16.89999999999997
899,0.28115567565,2.72171059872,8.29005797704,-6.96367213882,16.89999999999997
900,0.561087084117,2.3125144164,0.43534985625,1.78318790138,16.89999999999997
901,0.981164173497,2.97199451423,-0.200402900131,-4.81578168609,16.89999999999997
902,0.264335420959,0.317424649347,-3.24665575725,1.03916614248,16.89999999999997
903,0.373704867859,1.64665016862,0.918458004576,-4.88356310761,16.89999999999997
904,0.86014195666,-0.308129955572,1.40576724152,-3.41196040548,16.89999999999997
905,0.229646216116,1.7376365893,-0.122617428924,-4.16452263798,16.89999999999997
906,0.160355058559,14.0952570016,-5.10843687063,-3.27286746447,16.89999999999997
907,0.229072356163,1.74028657007,-0.0594661294856,-3.69647627133,16.89999999999997
908,0.209764721623,2.01916269886,0.757357262841,-4.14850669595,16.89999999999997
909,11.7544256279,2.07587642651,0.462609006173,-4.28962344503,16.89999999999997
910,0.217722271543,6.56934051202,-5.23358564619,-1.88185286242,16.89999999999997
911,0.721241375636,5.46716955962,3.73045242523,-0.212458451597,16.89999999999997
912,0.176535348842,4.94002827585,-4.51486569235,2.35933741699,16.89999999999997
913,0.157973257943,4.882341351,7.66421637089,-4.33989108659,16.89999999999997
914,0.130507467689,-7.47563946368,0.419247427227,-10.1089864565,16.89999999999997
915,0.56189455539,3.50752470095,0.00838009265079,-3.40436243239,16.89999999999997
916,0.200391504752,1.10274284346,1.70037012352,-3.96695701373,16.89999999999997
917,0.197912520297,1.19824015672,0.382830707246,-5.79274020133,16.89999999999997
918,0.368668807923,0.731514852756,0.853528429177,-1.77479692513,16.89999999999997
919,0.151969424991,0.803538598108,-7.55756616572,-9.07542474788,16.89999999999997
920,0.325820037324,0.950230307279,-0.17232064494,-4.42147204102,16.89999999999997
921,0.289953773831,2.18028221786,-1.35714809824,-6.85281248753,16.89999999999997
922,1.17031535187,1.53556488408,0.258040487872,-5.11159949409,16.89999999999997
923,0.7639991439,-1.0725314948,-0.160887202634,-3.4724919021,16.89999999999997
924,0.444609875911,-0.498079893057,-6.81122123478,2.20460138196,16.89999999999997
925,0.111104327146,9.97257092294,7.98734803305,-3.36348423735,16.89999999999997
926,0.147026553232,1.10489615006,3.36687749601,-0.472651534726,16.89999999999997
927,0.135235472507,-4.98598547711,7.98378999067,0.933791432889,16.89999999999997
928,0.347056764758,-0.286825752988,1.25687279239,-5.32289255269,16.89999999999997
929,2.2557129024,-6.81771093711,1.06387892901,-4.13705036845,16.89999999999997
930,0.424581226661,18.8409413594,-12.2814261943,1.79289421904,16.89999999999997
931,1.17809422844,-0.45783677,-0.20097494346,-4.50548743239,16.89999999999997
932,3.48970794522,8.14806414172,-16.6770546228,6.9732922133,16.89999999999997
933,0.169608152226,0.530820003035,0.429313132363,-4.55717045505,16.89999999999997
934,0.75312265563,0.730850372328,-5.15649970612,-7.09518590585,16.89999999999997
935,0.17963883497,4.97503340478,1.91384748424,-5.21897705641,16.89999999999997
936,0.590788601481,-2.55869819389,0.35254336398,-3.71060750304,16.89999999999997
937,0.301721986759,0.351224156381,0.400341090421,-6.03135225102,16.89999999999997
938,0.363827164462,2.10573493237,0.39407720061,-5.30598497836,16.89999999999997
939,0.371443965169,3.3258745611,13.0017329267,-14.2563875762,16.89999999999997
940,0.109481917273,5.22502477433,1.85890715929,-1.09249898265,16.89999999999997
941,0.392280602715,2.62539931207,1.56161248371,-4.06435630391,16.89999999999997
942,0.508259506759,-7.74022714147,-7.0859358284,-6.09120869531,16.89999999999997
943,0.17765484206,1.16491129159,1.49761526896,-5.08871208966,16.89999999999997
944,0.24509361909,0.874526283265,0.283346545996,-3.3268161075,16.89999999999997
945,0.341094695978,1.59589041254,-0.528991058993,-6.42456326267,16.89999999999997
946,0.150464321105,-9.41415327087,8.43497267313,-4.81579662466,16.89999999999997
947,0.276509418668,5.10358307161,4.94173190559,-7.15582062634,16.89999999999997
948,0.219134842866,-9.45546523256,21.8752660766,3.91913477665,16.89999999999997
949,0.388730583194,1.62423509084,0.0748187103687,-5.27848498039,16.89999999999997
950,0.217292409074,2.63354669525,-0.501944820265,-3.7144129229,16.89999999999997
951,1.27703329299,2.17355807751,0.842211837665,-3.19993551316,16.89999999999997
952,0.149120233741,3.86538126871,1.40078386759,-3.88688029242,16.89999999999997
953,0.1298028027,3.59841789075,-4.41651639219,-6.07595580758,16.89999999999997
954,12.0829556664,2.07949152203,0.186763401315,-4.3869162674,16.89999999999997
955,0.382676284996,2.84539677609,1.79688616765,-3.55160045388,16.89999999999997
956,0.265040365521,1.76723696411,1.89531385539,-3.5046516853,16.89999999999997
957,0.144534925774,5.48638957363,4.98640922325,13.5023594173,16.89999999999997
958,0.115651682465,-0.642322970208,1.52369850795,-6.45101168193,16.89999999999997
959,0.243440278283,2.69303971221,0.0529906677241,-4.13473382198,16.89999999999997
960,0.476547669886,-18.580060442,-5.77655618198,-8.69875879864,16.89999999999997
961,0.45269309579,1.44138405317,2.50958309911,-8.80527977111,16.89999999999997
962,1.25910299823,8.23151775036,-2.06685588835,9.39268652601,16.89999999999997
963,0.373810656262,2.45019791771,0.277019399454,-3.63557218336,16.89999999999997
964,0.635481068142,0.103382193068,-0.618170974681,-3.68396267799,16.89999999999997
965,0.349852798348,1.27849444192,0.407318467067,-6.07645413636,16.89999999999997
966,0.495063538098,0.743130886187,-0.566008487305,-5.63162350828,16.89999999999997
967,1.13943455732,1.94043315963,0.439710416937,-4.44944372763,16.89999999999997
968,0.701348208471,-0.0178220333892,-0.126355574263,-4.43364492529,16.89999999999997
969,0.327174921552,-9.90373481974,6.16895684496,-0.16945471712,16.89999999999997
970,0.235070137195,0.786989083629,0.131052399855,-4.8432783074,16.89999999999997
971,0.1662951877,1.43339927937,0.171864037219,-4.38402049196,16.89999999999997
972,0.150929324982,4.68622616973,2.20779081052,-1.04720931892,16.89999999999997
973,0.193504853099,3.04271673656,0.737628522504,-3.5286485663,16.89999999999997
974,1.23925024827,0.822820842599,0.311201113432,-5.22046765811,16.89999999999997
975,0.622157717184,7.22885657023,9.61079641247,3.64309245028,16.89999999999997
976,0.210381425155,1.84792305185,0.885486594442,-6.0734739916,16.89999999999997
977,0.888528861317,-1.8193786576,-5.74785816581,-6.40708293192,16.89999999999997
978,0.515638781948,-7.2824520617,1.13399110165,-6.77868898869,16.89999999999997
979,0.332931020225,2.15637220244,-2.53046696864,-5.4556268858,16.89999999999997
980,0.573295897371,-6.86231832404,9.2621787407,9.82435127478,16.89999999999997
981,0.468323668122,-1.43442520553,0.119906168017,-4.40280949713,16.89999999999997
982,0.260218400641,-0.0171161765786,3.5458459193,-5.90209548786,16.89999999999997
983,0.224156872791,1.44738840801,-0.102611995085,-4.22822316488,16.89999999999997
984,0.308335269016,2.54421975028,1.86825503184,-6.72928613744,16.89999999999997
985,0.213142143417,0.953808994509,-1.2957436907,-4.46053038869,16.89999999999997
986,0.449130142845,1.42071584825,0.57163492905,-5.54609723119,16.89999999999997
987,0.388528703486,3.22284645301,-0.00219309455106,-4.98044369439,16.89999999999997
988,0.113319806437,2.3038189873,0.518682644598,-5.33002988686,16.89999999999997
989,0.107518620335,-0.137736457044,-2.42015216464,-1.93676773184,16.89999999999997
990,0.342349218481,0.337640492366,1.86591936922,-5.55003581819,16.89999999999997
991,0.683737552889,2.09547382634,-0.353989506249,-5.40993005801,16.89999999999997
992,0.456223833582,-2.57408155072,-6.65527177927,-11.826302569,16.89999999999997
993,0.221358296549,1.30771581251,0.721335686505,-4.19413392442,16.89999999999997
994,0.151783297773,-0.676383874962,4.33384168335,-6.07082762458,16.89999999999997
995,0.107233764042,1.52280866739,-1.08144376692,-6.64481709195,16.89999999999997
996,0.110985055205,0.243249004912,-0.582687854272,-4.30872632763,16.89999999999997
997,0.149143797471,3.0665692948,2.35784419014,-2.66844976791,16.89999999999997
998,0.453416979513,-0.257815270027,-1.28574596557,-3.21538506381,16.89999999999997
999,0.355458808776,3.52596987991,-2.65474366117,-5.28171692506,16.89999999999997
