Star_ID,Mass (MSun),X (pc),Y (pc),Z (pc),Simulation Time (Myr)
0,0.187501094192,10.5517615469,1.17738974741,-23.2178893098,86.29999999999937
1,0.234073475304,1.12097668938,-7.81404965584,-28.0501442614,86.29999999999937
2,0.121812219879,16.6474978284,-7.07269901165,-19.4100440575,86.29999999999937
3,0.448399618391,9.53666185619,0.224455287658,-19.9321794251,86.29999999999937
4,0.18486899709,9.55138643366,1.53626234194,-21.1056259346,86.29999999999937
5,0.526638835351,10.7588150152,2.41833311418,-18.9728918146,86.29999999999937
6,0.268073194649,12.5975189392,3.53342798548,-21.8300891482,86.29999999999937
7,0.252048668865,89.2382107616,59.4865061623,-21.6783135279,86.29999999999937
8,0.44077252338,21.0338992578,59.6802490464,-23.8051633173,86.29999999999937
9,0.601924260326,-7.89613166392,12.4774827215,-8.20201395017,86.29999999999937
10,0.28361850828,8.40712565071,-1.09504973989,-21.0761741451,86.29999999999937
11,0.72176268144,12.1267323812,-41.8369848235,-10.1834175379,86.29999999999937
12,0.329821484786,11.3984881769,-0.295830579918,-20.4644159939,86.29999999999937
13,0.122089477166,11.3685018977,3.58704779835,-9.38909541751,86.29999999999937
14,1.11347631586,10.2924997866,0.208012550105,-21.0964068711,86.29999999999937
15,0.110257319519,9.08042807643,-2.13953965529,-24.4612181805,86.29999999999937
16,0.193148305693,9.99677750125,-2.65467354517,-20.9187596463,86.29999999999937
17,1.18343233652,9.90591257964,-2.15579898308,-23.111540679,86.29999999999937
18,0.125406353016,12.4027997976,0.728278766604,-23.4656155554,86.29999999999937
19,0.281523581534,10.7477693393,1.64351810423,-21.2090624168,86.29999999999937
20,0.302546327172,-28.32096876,-76.7084305349,-6.43780388673,86.29999999999937
21,0.737317703333,8.72379123556,-1.27855364036,-20.5427439678,86.29999999999937
22,0.217835135634,-18.0494575139,-35.2616588924,-36.6970118939,86.29999999999937
23,0.655643731568,10.5465584349,0.0823581714788,-21.5496741134,86.29999999999937
24,0.14482761991,6.08245861446,-2.55788450314,-23.055361339,86.29999999999937
25,0.202100637352,11.1465719662,0.382955119748,-18.1667247148,86.29999999999937
26,0.123727177288,9.49346220777,3.65008809567,-25.8585061814,86.29999999999937
27,0.100873013862,-85.1212763822,54.1085918923,-86.0457536897,86.29999999999937
28,0.187832682532,16.3352527249,1.96475302281,-26.9329266616,86.29999999999937
29,0.195694699714,20.4154140093,48.691298576,-37.0008388426,86.29999999999937
30,0.115057394346,13.5176352742,1.37401377954,-23.1204220175,86.29999999999937
31,0.103824251532,7.77822025878,2.4954028198,-21.4704016216,86.29999999999937
32,0.272935341389,3.44517456145,8.40146469092,-21.8391439731,86.29999999999937
33,4.63375017386,10.8818656843,0.246086215012,-20.1469726449,86.29999999999937
34,0.608888464148,20.3960904929,24.4607363708,-10.2755290083,86.29999999999937
35,0.253954083878,17.3803093046,2.67133352746,-16.0583389978,86.29999999999937
36,1.10791037092,-2.92716173017,6.81323808248,-18.5967976466,86.29999999999937
37,0.103228026071,6.70154085114,10.2770245144,-21.1181344155,86.29999999999937
38,0.298546221883,9.6430481663,-1.40218954955,-21.1525039155,86.29999999999937
39,0.162528025634,12.8107434768,1.69604708305,-22.001769842,86.29999999999937
40,0.42529318659,24.8842786299,4.94454487992,-20.0981775784,86.29999999999937
41,2.95873593307,9.60107143478,-1.1610224156,-21.733984086,86.29999999999937
42,0.255792228665,10.6659850374,0.188736221017,-22.2255626771,86.29999999999937
43,0.200662519617,3.65403559977,7.6387301761,-12.3600455176,86.29999999999937
44,1.26798800512,-12.5242797918,107.518635285,61.5374660853,86.29999999999937
45,0.280432578837,11.6236672486,-3.36811706882,-22.2849802646,86.29999999999937
46,0.539729993886,17.9246855388,-3.0830400768,-23.9821107939,86.29999999999937
47,0.515955590007,6.75426781605,2.53499319438,-23.4464522373,86.29999999999937
48,0.105103964846,10.1583643468,0.577909764314,-12.0661088094,86.29999999999937
49,0.178793371795,3.50403119661,-7.88417021346,-20.8210013319,86.29999999999937
50,0.128639027089,-9.97561615252,3.70055962885,-40.6768344935,86.29999999999937
51,0.154744391787,82.2122649567,43.2064663313,-23.0737034788,86.29999999999937
52,0.114010757861,5.73544523125,-0.182366418855,-15.5383451076,86.29999999999937
53,0.517623637548,9.27387853193,1.65069432618,-24.1921155591,86.29999999999937
54,0.127149623812,5.86985793271,9.45057015112,-22.8029977681,86.29999999999937
55,0.10058726337,-1.14931038867,-16.4437393562,-32.6262463561,86.29999999999937
56,0.321723035848,26.4583913,29.5475039686,-45.4186376778,86.29999999999937
57,0.119229115094,8.61723485598,-3.9566803993,-22.6385731313,86.29999999999937
58,0.634285050729,-43.2304363268,20.5632304451,-0.816503369103,86.29999999999937
59,0.260864812069,5.98498467692,1.52968843237,-19.2664007691,86.29999999999937
60,0.120434448303,14.552712952,2.91418371757,-20.0068972153,86.29999999999937
61,0.168188040862,-26.1440344219,37.9372172312,-14.9769792958,86.29999999999937
62,0.144372917766,6.77121509314,9.16743042549,-22.940973784,86.29999999999937
63,1.47549969618,9.09213430059,0.565522155555,-20.0253073182,86.29999999999937
64,0.466998224609,-0.60838874423,10.696944009,-11.2938240396,86.29999999999937
65,0.102981289316,10.7450130194,4.74048402172,-16.9667769856,86.29999999999937
66,0.22186895214,10.517076295,0.693546232802,-21.7914545763,86.29999999999937
67,0.217360750587,-6.61937240063,28.8430649581,-29.0450573311,86.29999999999937
68,0.672215432117,13.2487491179,-2.83403751613,-20.919954325,86.29999999999937
69,0.224177645763,3.04882761896,-5.70070952913,-24.1925286761,86.29999999999937
70,0.295161827863,10.6290541722,0.485882355097,-20.4034116834,86.29999999999937
71,0.177998135015,14.5416659258,-1.18587379107,-22.8406573086,86.29999999999937
72,0.14390620301,11.9225328353,-5.98192010675,-16.7404624826,86.29999999999937
73,0.560487094229,-15.201294326,-7.97201479374,-19.2251943304,86.29999999999937
74,0.325622753109,114.963261837,-79.5235399428,-12.1866743634,86.29999999999937
75,0.43228235584,18.738951189,21.7374663017,32.1561243538,86.29999999999937
76,0.214313821134,6.32630529629,3.0528982248,-20.6320113833,86.29999999999937
77,0.608167795183,31.1448396646,-31.3631763098,28.0974877902,86.29999999999937
78,0.915716867571,17.6795793223,1.00694283561,-18.0256927442,86.29999999999937
79,3.53889119507,10.0791344436,-0.318910617214,-21.3235260871,86.29999999999937
80,0.32734731132,13.0694758971,1.48754361493,-25.2797991445,86.29999999999937
81,0.112817437154,-28.2529659385,-8.50504633489,-12.0493178991,86.29999999999937
82,2.38012665523,29.145926899,-3.42267405933,27.3336828837,86.29999999999937
83,1.17885463357,12.0914591652,-0.121114982372,17.0042088924,86.29999999999937
84,1.42036701909,-13.4291694622,21.8627985085,-39.7426201663,86.29999999999937
85,0.128307681833,12.6789256724,6.70093923315,-16.2153814004,86.29999999999937
86,0.213215365954,43.807068232,47.3049029442,-36.4954501474,86.29999999999937
87,2.76077211214,9.93226521842,4.74102554698,-19.4214729061,86.29999999999937
88,0.740502061625,11.9825703058,2.22782631216,-20.7916994364,86.29999999999937
89,1.37520091791,12.1431490965,3.04875184908,-23.5909960421,86.29999999999937
90,0.141904869898,14.2367937402,-4.73616921989,-27.7372751024,86.29999999999937
91,0.896682029241,13.9939834485,0.66473404665,-24.2130560707,86.29999999999937
92,0.130338188937,10.9008433521,1.03179135426,-20.1868724879,86.29999999999937
93,0.872361523451,12.0610452322,-1.27951954444,-25.8385393395,86.29999999999937
94,0.262193212863,12.8706544972,-2.85006087501,-19.4853336876,86.29999999999937
95,0.592067791678,9.72978146147,15.2395574145,-19.2746425336,86.29999999999937
96,0.401885454848,8.61388579981,-0.348800504419,-20.880833836,86.29999999999937
97,0.257268477641,9.74995970108,2.09178716911,-24.9180981588,86.29999999999937
98,0.656130985665,-35.657369626,-64.647001043,-25.7729797837,86.29999999999937
99,0.307120020217,13.4018741882,1.33656182647,-19.3370781234,86.29999999999937
100,0.266784133675,11.0837428036,-7.37325825834,-11.4477432997,86.29999999999937
101,0.408640424038,11.0452242075,2.55827838246,-22.2668883532,86.29999999999937
102,0.395043654462,13.8642821106,-4.07620113862,-31.7449785048,86.29999999999937
103,0.150214951932,8.5070811571,0.438138104807,-21.604987068,86.29999999999937
104,0.439774978136,15.4133844814,1.34003362162,-21.4897558437,86.29999999999937
105,1.92100250105,55.6298334448,13.9650348653,-101.777712272,86.29999999999937
106,0.169835375216,9.80334646056,-3.23008818246,-25.9186238278,86.29999999999937
107,0.178134079145,8.46703123079,-2.75067702962,-22.4564271172,86.29999999999937
108,0.127480064936,20.1205693626,7.20819308384,-20.9274680097,86.29999999999937
109,0.171308719258,13.0860977558,2.86488389376,-23.2845749677,86.29999999999937
110,0.356598014085,12.4146439408,-1.05472939707,-28.0459053073,86.29999999999937
111,0.265443256536,5.16690844419,-4.90979724536,-23.1823627385,86.29999999999937
112,0.124951396401,4.71468468433,-2.24292889069,-21.7582249818,86.29999999999937
113,0.226346287387,1.10840591215,-13.200859714,-17.7789426004,86.29999999999937
114,0.263604051584,12.2502713292,3.57590897743,-21.2338203476,86.29999999999937
115,0.278485195889,6.25162336526,0.657707460359,-20.298878208,86.29999999999937
116,0.202948516367,13.9739786816,1.21558137756,-27.1665057818,86.29999999999937
117,0.765934471323,7.42706725797,0.086339575689,-21.140298633,86.29999999999937
118,1.40452976431,11.1309483638,2.24209203775,-20.1743989603,86.29999999999937
119,0.242522940276,-21.4979364893,-67.5947794935,-32.5024446602,86.29999999999937
120,0.327855202498,2.486547637,1.92315694501,-24.2995068593,86.29999999999937
121,0.132283595734,7.38647425491,1.44311362707,-18.8434328505,86.29999999999937
122,0.477875317597,4.3498765179,0.348084603771,-25.7752027627,86.29999999999937
123,0.216276680511,40.4530822522,-79.0671371827,0.534863539863,86.29999999999937
124,0.131760853032,4.25847089074,1.19443517357,-19.8263465876,86.29999999999937
125,0.139290833936,11.1543244529,0.520931009951,-21.2525597151,86.29999999999937
126,0.130027139938,11.1430757433,-26.5766518644,-16.8001631376,86.29999999999937
127,0.492452666758,4.42378139283,-2.18182017107,-5.44797123572,86.29999999999937
128,0.197880746283,-10.1657247387,-2.40595171918,2.6520354405,86.29999999999937
129,0.242798737212,-31.2884158018,17.2970442464,9.49456541449,86.29999999999937
130,0.690269347823,10.8804523274,-3.68962110712,-22.5940760949,86.29999999999937
131,0.499847838146,9.38943356644,-0.875211839774,-20.138866156,86.29999999999937
132,0.132921335458,13.0942884955,1.25140244876,-12.5350800665,86.29999999999937
133,0.100805216859,0.65948318794,0.306357978871,-44.9239215926,86.29999999999937
134,0.135404087493,10.2789473221,-2.44689952347,-22.4657527733,86.29999999999937
135,0.167254791939,-21.5238959243,-18.9513262157,74.8567028027,86.29999999999937
136,0.111474270136,-56.7917363887,-42.4275601129,-36.6085588443,86.29999999999937
137,0.11309789741,14.0306990747,-2.17796340044,-20.4267307291,86.29999999999937
138,0.839445680121,17.77792839,-4.79009715472,-24.8128758451,86.29999999999937
139,0.145658532587,15.7343861382,-1.63502131078,-17.7547273457,86.29999999999937
140,0.355308684925,2.40844763589,4.73135534524,-6.74066281565,86.29999999999937
141,0.166048658404,10.9905153294,0.858166095551,-21.4051359133,86.29999999999937
142,0.298854621926,18.2977840608,11.4177326347,-29.363446746,86.29999999999937
143,1.54498998856,11.2237145105,0.314509802717,-22.6146026371,86.29999999999937
144,0.388574375643,-55.035849983,-43.4888794863,-24.549994212,86.29999999999937
145,1.19648648279,8.0275717013,2.66584527428,-20.7968491737,86.29999999999937
146,0.877148516588,8.32135292954,0.79771931088,-13.2324970786,86.29999999999937
147,0.142568039398,-34.4911367255,-12.0255122485,-37.306869535,86.29999999999937
148,0.424851749655,25.7365948737,46.6397740139,38.3236375824,86.29999999999937
149,0.788349385966,11.6163702872,2.50618748747,-25.5272368241,86.29999999999937
150,0.526447639172,6.77041509305,-0.916462133416,-22.4770364447,86.29999999999937
151,0.661455819484,10.3122778055,-0.502262128776,-21.2759862916,86.29999999999937
152,0.371084155109,6.06768979216,-2.78802511182,-21.8927154544,86.29999999999937
153,2.67712865665,9.85044706745,0.783169289517,-21.1944952026,86.29999999999937
154,0.182534758129,10.2520863813,-2.94664833415,-19.9807900462,86.29999999999937
155,0.500351677633,25.2976172439,3.21964305463,-18.852038357,86.29999999999937
156,0.134233707721,12.0711979836,0.860032503917,-19.5723497816,86.29999999999937
157,0.147268716472,-68.2461488234,-8.6790854697,19.653375289,86.29999999999937
158,0.179050664565,10.4668967947,1.95838260362,-26.2073752269,86.29999999999937
159,0.103652325568,14.0894615644,-2.0943989539,-21.0880960658,86.29999999999937
160,0.179584855596,11.1812504973,4.64910887812,-25.5297153262,86.29999999999937
161,0.663043980059,25.4104809889,8.11422979163,-18.11527326,86.29999999999937
162,0.175145805454,8.78497322234,6.51654116967,-20.2648332994,86.29999999999937
163,0.244794497578,-21.6382096007,-46.0278145107,36.2421917374,86.29999999999937
164,1.01128986611,4.87034446612,-2.68423409969,-22.3248913951,86.29999999999937
165,0.15741986355,3.98377314159,3.9197369836,-21.6689593656,86.29999999999937
166,0.145926161109,-21.5060937204,33.8597490205,6.00693790399,86.29999999999937
167,0.258844012299,8.45082657169,8.69389606585,-19.2178996208,86.29999999999937
168,0.653430052549,7.23170060924,6.73835264819,-30.3400325556,86.29999999999937
169,1.87101179282,9.80030206997,4.03079124041,-17.4177000772,86.29999999999937
170,0.263089892191,9.68905350618,-4.82847815744,-12.0496357618,86.29999999999937
171,0.424666384548,13.6209850516,-7.49250459399,-20.9090886602,86.29999999999937
172,0.142499768115,14.2396519471,10.6977497023,-88.1990169912,86.29999999999937
173,0.269650606919,10.9338375506,-0.391702522057,-23.5064225022,86.29999999999937
174,0.285063419169,14.5761200742,-24.4391601648,13.3865879,86.29999999999937
175,0.14925800302,11.3426737254,-4.53983632459,-19.9772815192,86.29999999999937
176,0.865103061281,8.63723787845,5.29731678782,-18.0454611546,86.29999999999937
177,0.153466945664,-25.6874045204,20.3481554805,29.6124848344,86.29999999999937
178,0.290847048486,18.1156498703,5.34475192044,-7.33694847694,86.29999999999937
179,0.100774166663,11.17840242,-5.23922312563,-11.4911152979,86.29999999999937
180,0.256119239266,13.9067331994,2.26059177727,-19.4747785527,86.29999999999937
181,0.664554441123,8.0434425796,-0.365648995444,-22.9583327766,86.29999999999937
182,0.854236357806,8.99201784714,0.989258258385,-23.2946718275,86.29999999999937
183,0.106674591663,8.83277933318,14.3249325467,-5.84926990508,86.29999999999937
184,0.322588722038,13.7892180116,-29.2774719244,-27.865702785,86.29999999999937
185,0.160534688758,9.12107817854,-1.40315565698,-21.2791479246,86.29999999999937
186,0.120569553104,25.7313011341,11.2784482313,-63.6388066996,86.29999999999937
187,0.701130440371,7.73101261506,3.88219915318,-16.6615064418,86.29999999999937
188,0.306049673081,3.88792119745,7.85940889098,-16.7695787685,86.29999999999937
189,0.564534265416,9.74628852027,-0.738826149449,-21.3690088736,86.29999999999937
190,0.149118012787,11.9758853898,1.9278345621,-19.2394789627,86.29999999999937
191,0.789051101996,12.127040293,-1.05465557183,-20.199722358,86.29999999999937
192,0.877491900544,8.97265086904,-2.28856945494,-26.1693253281,86.29999999999937
193,0.755594913315,7.76224396424,-3.38821027866,-21.5326340945,86.29999999999937
194,0.105111138059,6.80971747969,1.32075008931,-22.8500831155,86.29999999999937
195,0.142094492201,-45.8831565257,-16.9785229669,-15.9216570001,86.29999999999937
196,0.133261688804,1.64057756306,8.95301711552,-18.5617008022,86.29999999999937
197,0.465692473447,9.87541080627,1.98352152593,-20.4610482235,86.29999999999937
198,0.129179839803,11.6846873179,-0.895642143196,-23.0498004519,86.29999999999937
199,0.152772598117,57.2538327507,-35.664488543,-6.14323395988,86.29999999999937
200,0.492835699902,8.36402634339,1.43233830193,-22.6971339705,86.29999999999937
201,0.461315437719,5.31645463241,2.07351145696,-20.2991237181,86.29999999999937
202,0.429588100469,11.2920153417,0.566824499852,-21.78141497,86.29999999999937
203,0.246116033217,9.03243682053,3.12313800334,-23.2602277673,86.29999999999937
204,0.376228776466,5.19943621382,0.0584273627042,4.79034180188,86.29999999999937
205,0.183610818579,5.70924727522,2.1853445667,-23.3390982565,86.29999999999937
206,0.142929885423,10.5280552156,-3.08413007713,-20.6525532447,86.29999999999937
207,0.222330498365,17.2739828194,25.603644035,-42.0510140961,86.29999999999937
208,0.361068594677,8.01022828312,2.64155316067,-17.6427499461,86.29999999999937
209,0.319915553998,11.0797666407,1.86429003997,-23.9466058883,86.29999999999937
210,0.210360490147,-0.0954971394768,3.6161344244,-21.2708621075,86.29999999999937
211,0.485513470575,14.6443107794,6.23110535105,-18.7263436085,86.29999999999937
212,0.221203744233,9.63018964056,1.67751151688,-23.026609421,86.29999999999937
213,0.256189404144,13.3457652031,92.9271042754,-52.784821876,86.29999999999937
214,0.454698728111,9.34188320284,5.09867463906,-14.7128265868,86.29999999999937
215,0.214993889096,10.2164080532,-1.53357922452,-22.0312262724,86.29999999999937
216,0.9120372556,8.48013500811,8.54949471419,-16.2977189086,86.29999999999937
217,0.556315816972,131.569028084,-4.95038447642,88.5545070555,86.29999999999937
218,0.144720049946,-76.3189322366,18.9453232589,-5.4228160796,86.29999999999937
219,0.864710463804,11.865815185,-3.69656718299,-19.749068196,86.29999999999937
220,0.221380882816,7.44169823346,2.70079983227,-18.8803195149,86.29999999999937
221,0.45763601079,-4.88852779238,-13.924638703,-38.0618278764,86.29999999999937
222,0.306772510789,7.25011973102,-6.13302731631,-23.6017013379,86.29999999999937
223,2.27321085384,9.71087283804,-0.499451695491,-21.7605286041,86.29999999999937
224,0.930660080475,8.13573324125,46.7763991616,-69.6668077426,86.29999999999937
225,0.387554688913,9.89513361596,0.301012248781,-21.8069227008,86.29999999999937
226,2.31742846453,3.02635204027,3.20815689683,-11.5310044705,86.29999999999937
227,0.767747565975,3.23212052183,1.42683110208,-27.7892792722,86.29999999999937
228,0.177166615151,11.6675251426,-0.68714279007,-21.7630411971,86.29999999999937
229,0.362128634388,9.04606708503,1.09968331174,-21.5828121144,86.29999999999937
230,1.79194002046,-0.526000900613,0.379532654738,-45.5233991947,86.29999999999937
231,0.195689251793,9.70631574302,0.130956522472,-21.8317877028,86.29999999999937
232,0.435632926112,10.062247733,3.64394577031,-18.9206596835,86.29999999999937
233,0.242252184107,12.3565837501,4.1285629616,-19.6441346898,86.29999999999937
234,0.120031120432,43.7420623875,12.5743519358,-40.0075448171,86.29999999999937
235,0.209322127056,11.3896296317,0.0792425489057,-21.0979703663,86.29999999999937
236,0.4482893048,5.31888807985,1.96746337336,-19.0940600555,86.29999999999937
237,0.649557218983,12.5641366404,0.692780513387,-22.8291291193,86.29999999999937
238,0.237588607039,9.10748908112,0.573568590382,-20.9270717921,86.29999999999937
239,0.200091270882,9.922274845,0.407492399416,-20.3734718281,86.29999999999937
240,8.26484423705,10.2559791944,0.222690901194,-21.3535669014,86.29999999999937
241,0.126169219176,76.1587818384,32.5443374268,9.79472129697,86.29999999999937
242,0.581760302595,13.0644831038,1.72616817805,-24.0874197779,86.29999999999937
243,0.723768628923,15.3823098058,0.712451967234,-21.5271118689,86.29999999999937
244,0.282345655539,6.54058252838,3.53165778932,-16.9111088592,86.29999999999937
245,0.340051949478,11.7821668509,-4.31740811654,-22.0685052954,86.29999999999937
246,0.344117815896,12.0232642791,1.50044231127,-20.3674580314,86.29999999999937
247,0.187581326522,1.4690053011,0.485205169455,-18.8113171604,86.29999999999937
248,0.172578146674,9.75163393848,2.06686549564,-23.7370778653,86.29999999999937
249,0.255542048843,7.89486424962,7.53985726786,-17.4608110836,86.29999999999937
250,0.10733889799,13.4586752878,-6.45437385849,-24.881620528,86.29999999999937
251,0.11541655534,13.7599588654,-60.4299765417,-43.5115797108,86.29999999999937
252,0.738217879204,13.9156860331,2.29579815917,-10.1803766641,86.29999999999937
253,1.08223112079,9.91122741448,-0.963830709855,-22.3208060144,86.29999999999937
254,0.131845944079,-26.8345006679,30.3472638438,8.33273431344,86.29999999999937
255,1.58917958498,5.49018554204,39.7630636897,67.1538962555,86.29999999999937
256,0.253875682771,9.20366315811,3.73102642442,-27.239309599,86.29999999999937
257,4.72364698594,9.87096410658,1.31648791117,-22.1358070798,86.29999999999937
258,1.12912425085,10.3557487293,-4.20445319181,-20.8368840747,86.29999999999937
259,0.161425613257,-1.35195021631,-0.289124213616,-33.0800364597,86.29999999999937
260,0.302291289225,10.6212012295,-0.0175167644825,-21.7413870249,86.29999999999937
261,1.1531719878,9.94869274007,2.00161077472,-21.9487604989,86.29999999999937
262,0.737816255359,13.8082254569,-2.65976828789,-21.3297307939,86.29999999999937
263,0.184051833026,10.2479177526,-1.62645294993,-21.5908539562,86.29999999999937
264,0.519245428435,10.0788591927,-1.80074074545,-15.4416108405,86.29999999999937
265,0.395550590362,10.8947559812,-0.13069008684,-21.465646282,86.29999999999937
266,0.123274387613,12.2417005002,4.09177098538,-23.6233332418,86.29999999999937
267,0.181950847575,6.46603916474,-1.70588429536,-21.1486624719,86.29999999999937
268,0.115506254169,11.3355940352,-5.20636631609,-19.9531562486,86.29999999999937
269,0.512691615044,8.06961076795,-0.825178232754,-23.6053127256,86.29999999999937
270,0.520359987433,9.50724385957,1.71919314559,-18.3275002705,86.29999999999937
271,0.119196500714,8.40037323982,3.1515904518,-23.6363270069,86.29999999999937
272,0.105822807813,7.90529265445,-1.21754529403,-20.5985966797,86.29999999999937
273,1.8061398421,11.8099842696,1.38622568155,-24.7451327742,86.29999999999937
274,0.134984642709,10.3291849631,1.28481815045,-18.5899655482,86.29999999999937
275,0.125797741517,0.488435887468,3.08863734404,-14.9830576907,86.29999999999937
276,0.105436065302,12.2371934005,0.826117926187,-22.4435568332,86.29999999999937
277,0.695007907728,8.58383353058,2.69969648767,-20.6755996223,86.29999999999937
278,0.1280173507,15.7975825209,0.274123256955,-16.5089653501,86.29999999999937
279,0.224579396967,12.5209635562,1.41316799886,-21.0350107894,86.29999999999937
280,0.354579077527,7.8797873111,4.51224685405,-24.4994765366,86.29999999999937
281,0.385719663001,34.9108261159,-45.1322224364,26.7575684571,86.29999999999937
282,0.527770406033,11.4057491387,1.39341345899,-26.041963913,86.29999999999937
283,0.334012215251,6.25311922261,3.79307296249,-19.0281971376,86.29999999999937
284,0.189076758446,9.06249369841,5.30244881041,-18.7413958672,86.29999999999937
285,0.402781641936,-1.89962690882,-22.4209010256,12.8127228837,86.29999999999937
286,0.612666503593,6.43966941877,-4.3372128075,-21.3597316313,86.29999999999937
287,0.126031741816,10.2446725195,1.89846740846,-19.3735374624,86.29999999999937
288,0.259306118636,6.59902460059,-7.20078524604,-25.9286339037,86.29999999999937
289,0.845070312451,0.48528196502,11.5040963128,-31.2100391533,86.29999999999937
290,0.154516296588,6.7581311865,4.13483261785,-23.0294013285,86.29999999999937
291,0.197056416715,9.0163445781,0.0344234557088,-20.5037410337,86.29999999999937
292,0.779801919742,10.5970416748,-0.199561426245,-19.9989006556,86.29999999999937
293,0.252774944118,2.93899427432,2.33975838034,-20.7924434369,86.29999999999937
294,0.145306938423,12.0536243581,1.42735370252,-20.7139085985,86.29999999999937
295,0.358777229054,9.37507283461,-1.40354238263,-21.878613906,86.29999999999937
296,0.14855523972,9.05716297108,-1.27312179837,-22.151562542,86.29999999999937
297,0.824867419005,-39.0206681189,8.94250020563,-6.45754091773,86.29999999999937
298,0.19638572536,79.4509256259,-19.1080072183,-130.042019677,86.29999999999937
299,0.545813929548,10.2398183788,2.16427200655,-24.3508698819,86.29999999999937
300,1.68653214871,28.8403770342,-9.03249239436,1.75879171521,86.29999999999937
301,0.185004633877,0.717258673018,8.09114175044,-23.4798767154,86.29999999999937
302,0.957038908234,8.3870789904,-0.247365765856,-21.0106052253,86.29999999999937
303,0.207237195921,4.45198821425,-5.62031651219,-19.3462697448,86.29999999999937
304,0.143939621005,12.1196871475,-47.8497497926,-6.39370367323,86.29999999999937
305,0.728119958504,11.0460113467,3.91860398491,-17.1134979104,86.29999999999937
306,0.285746949444,-31.9294364794,-56.4385517589,11.8840168047,86.29999999999937
307,0.360340598489,16.8295421731,3.51802306835,-10.5435650078,86.29999999999937
308,0.292487347057,18.1932182583,-33.2877425496,-24.9662406613,86.29999999999937
309,1.29520436215,10.0269534079,-1.38045070159,-20.8896886483,86.29999999999937
310,0.323157393644,-206.53809045,-91.3375762041,19.430468625,86.29999999999937
311,0.48176398537,8.26465555874,1.31990210774,-18.9561360298,86.29999999999937
312,1.28829972827,14.2112641848,-2.8127766833,-16.9469134126,86.29999999999937
313,1.31710141198,7.84962911361,0.855775927353,-21.3122973922,86.29999999999937
314,0.360620138184,9.32049148567,-5.37466866123,-25.6457284259,86.29999999999937
315,0.504910555258,-4.0047399183,5.80934830157,-35.1789178089,86.29999999999937
316,0.285766956257,6.8502178964,-1.40961744403,-20.2618972694,86.29999999999937
317,0.244352001382,12.8982925039,1.17417208877,-24.2948705805,86.29999999999937
318,0.203203488199,8.89162488803,7.47429312304,-17.4218832816,86.29999999999937
319,0.562785333326,8.86062089152,-1.84294361051,-22.8108573391,86.29999999999937
320,0.844809143717,11.9661768333,5.49778917786,-21.9280413125,86.29999999999937
321,0.100709659021,-7.1607357252,-27.4137707377,-72.2896192659,86.29999999999937
322,0.190108843143,10.7184264294,2.70227848132,-17.076589122,86.29999999999937
323,0.193912704781,7.82557194011,-0.9071419924,-18.1186857477,86.29999999999937
324,0.336245026848,17.5955196069,22.5468994988,11.5437164901,86.29999999999937
325,0.229556027189,-55.0183050729,-49.0750862784,-98.3441323057,86.29999999999937
326,7.39503237774,9.75271383936,-0.569664655269,-21.4932450511,86.29999999999937
327,0.163091523715,10.8932687724,-0.465533917861,-21.4675552018,86.29999999999937
328,1.21592903586,9.7222528679,0.684381325486,-22.4260793657,86.29999999999937
329,0.157953838815,23.9099830545,3.23671988295,-24.7443120367,86.29999999999937
330,0.635782001197,8.47101013741,2.0640746034,-14.7400023656,86.29999999999937
331,0.217464267116,25.5338956741,-26.6658816193,-0.400447070058,86.29999999999937
332,0.239304796577,5.76860261285,7.08721113571,-18.509117203,86.29999999999937
333,0.482694084786,4.76726715209,9.07256017916,-17.3808898728,86.29999999999937
334,0.107867849056,9.79978900929,7.78077909336,-13.1877153973,86.29999999999937
335,0.529360119596,9.45957073912,1.72027854217,-20.8684801616,86.29999999999937
336,0.312313226314,-6.98962590582,53.1564337058,39.3646676686,86.29999999999937
337,0.288486320703,9.65642119089,-15.7238569646,-19.3399605348,86.29999999999937
338,0.115864009836,10.9284906635,1.96492572586,-22.3218116285,86.29999999999937
339,0.216036029693,11.4458727295,-0.749154987429,-21.1092640152,86.29999999999937
340,0.322021895231,9.83033387354,4.02190029309,-24.4173577991,86.29999999999937
341,0.52370107713,7.84840323237,5.7590554822,-21.4954953992,86.29999999999937
342,0.409869581591,-56.9025191664,-29.2183103828,-25.8336284143,86.29999999999937
343,0.395225082977,2.29472435019,-3.72198858909,-12.276812129,86.29999999999937
344,0.167471640934,10.5987039929,6.41825029798,-21.5905352081,86.29999999999937
345,0.110885004793,1.253793911,-13.2347719296,-19.1976113582,86.29999999999937
346,0.318521630684,8.12670534348,-0.222914995313,-20.8096120416,86.29999999999937
347,0.100893451995,9.07021035535,1.4119482813,-19.6719285814,86.29999999999937
348,0.408834535234,5.13999004902,7.33685979173,-45.5723040191,86.29999999999937
349,0.338187169553,12.8761980357,1.29630237282,-23.8419989728,86.29999999999937
350,0.117486722862,-16.8065986939,-13.8423644492,36.2053339347,86.29999999999937
351,0.206062769542,5.3242825894,3.11470756433,-17.8410626819,86.29999999999937
352,0.102637783204,9.56534106259,0.0856525886583,-23.9069297995,86.29999999999937
353,0.189533557704,5.18089707846,57.6565481558,-80.7616710824,86.29999999999937
354,1.19916924728,-68.6645246941,-72.801039325,-90.6897141372,86.29999999999937
355,0.105110643983,9.4480509299,2.21418474986,-24.0957243599,86.29999999999937
356,0.423619396961,11.4461360464,0.541465879388,-17.5284670095,86.29999999999937
357,0.236849034981,13.2854586252,0.310709004403,-19.6411534897,86.29999999999937
358,1.58950147375,10.5698995121,1.57351125559,-23.8715663009,86.29999999999937
359,0.18969465181,10.5173676865,0.598702375879,-21.3418983909,86.29999999999937
360,0.749980959065,11.0311679225,6.13829344789,-21.7452001171,86.29999999999937
361,1.29882341152,18.4244205155,7.90724341412,-16.9860899058,86.29999999999937
362,0.122935598657,4.20121396373,-4.65150930481,-29.2463134087,86.29999999999937
363,1.26083226582,10.7056091307,0.218943715499,-21.8585913836,86.29999999999937
364,0.510889838078,11.9900158522,6.31051540213,-20.8108334266,86.29999999999937
365,0.111558508493,7.38675456004,2.87835986837,-20.9581895309,86.29999999999937
366,1.40532165938,10.3134566219,0.398057029964,-22.4134909718,86.29999999999937
367,0.1448808529,10.9158574747,0.0742297189742,-23.593438151,86.29999999999937
368,0.683785516879,9.63734864256,-0.0449171287351,-22.2175016089,86.29999999999937
369,0.105695599447,17.0148377874,3.59121201586,-9.07080585738,86.29999999999937
370,0.253769620647,8.06521182908,2.63072993835,-21.8410995285,86.29999999999937
371,0.725229521908,8.79757651725,1.45566761728,-23.115714368,86.29999999999937
372,0.486752767448,5.14803604199,1.06741288595,-19.8702708221,86.29999999999937
373,0.32643914933,-9.64882801273,0.484022383146,-21.6560084484,86.29999999999937
374,2.24118165263,10.590728753,-5.58833531597,-26.2786273093,86.29999999999937
375,0.412036434509,1.78832892415,-0.231601053276,-11.5693907149,86.29999999999937
376,0.403318415959,10.3093905021,1.52559670173,-22.8816189813,86.29999999999937
377,0.270284066129,13.2289412627,-0.63929567421,-26.4871594484,86.29999999999937
378,0.543796156032,8.75934495016,3.01090634558,-21.7269637903,86.29999999999937
379,0.829638415995,10.6058276088,-1.1060231039,-21.5825618852,86.29999999999937
380,1.07436281441,10.4179940431,1.16596516975,-22.4572857416,86.29999999999937
381,0.52906508325,9.881053948,-8.10916364357,-15.3717524211,86.29999999999937
382,0.101739828705,10.8908939875,5.66397307989,-28.3854285869,86.29999999999937
383,0.200938385551,16.5517723442,114.251542648,-41.8092595753,86.29999999999937
384,1.02137102739,15.501642556,-4.624494939,-22.3929081008,86.29999999999937
385,0.489727733373,18.8425396311,7.10163599862,-18.1173036496,86.29999999999937
386,0.691090933151,9.21775122427,1.97905209319,-24.4975788544,86.29999999999937
387,0.119608386048,9.24019251077,-5.37761495279,-22.49842218,86.29999999999937
388,0.218718116675,34.6483627528,-21.1916273532,-138.271907305,86.29999999999937
389,0.125140959886,7.46842751103,-1.28756374279,-22.0916492157,86.29999999999937
390,0.287353608038,8.14396363515,-1.10659588173,-20.9372736194,86.29999999999937
391,0.278359389303,16.1847096381,4.0001836361,-20.8995160567,86.29999999999937
392,0.152294254072,9.64718666116,-1.88415573024,-21.104214452,86.29999999999937
393,0.511792309243,11.408912818,-1.32447476356,-19.8101647148,86.29999999999937
394,0.208578718022,12.6607941593,-10.6546266403,-22.6644329118,86.29999999999937
395,0.194897812419,8.18830258707,3.15649323921,-21.6621897849,86.29999999999937
396,0.114754528054,5.76640311597,0.407310143899,-21.5886619494,86.29999999999937
397,0.190046447122,10.6359263476,0.856349521673,-20.5523015618,86.29999999999937
398,0.712158571263,-1.30328592286,-0.455088416904,-20.8952248035,86.29999999999937
399,0.177892363789,12.9482633829,0.196003350651,-19.478862993,86.29999999999937
400,0.590262796443,-13.5818359159,35.2419063097,-3.01886371686,86.29999999999937
401,0.176428979763,14.2671041872,3.52125274178,-21.6670962652,86.29999999999937
402,0.554676342074,9.99703501254,1.5205951436,-22.3448324226,86.29999999999937
403,0.105776602305,5.80227695654,9.3540436242,-22.0352935451,86.29999999999937
404,0.210742759712,54.4511158037,-25.910093337,-12.2749414764,86.29999999999937
405,2.00142590534,10.8767319722,6.16457304537,-25.6256596791,86.29999999999937
406,0.920743852744,11.6653723934,4.11374194802,-16.3797734454,86.29999999999937
407,1.10722571068,1.34461950613,0.430322651434,-21.7172232696,86.29999999999937
408,0.250619285315,2.8771569822,9.80852963951,-13.9153345557,86.29999999999937
409,0.171676112473,7.62577756271,5.0871730092,-17.3634426924,86.29999999999937
410,0.102191265468,9.36493371791,1.95643742451,-25.3581666397,86.29999999999937
411,0.103371917535,16.0159899358,-2.78521089282,-28.4037544358,86.29999999999937
412,0.323944823293,9.32994046145,-1.31237559619,-30.4904145665,86.29999999999937
413,0.10706155056,16.2458042687,8.00880368825,-11.8662859834,86.29999999999937
414,0.241211782801,9.7785757938,-0.219541891389,-21.3953058891,86.29999999999937
415,0.404077629641,10.2578754834,0.933986065195,-20.5182518917,86.29999999999937
416,0.193890814321,9.78630827834,1.37564206378,-19.6083177145,86.29999999999937
417,0.317183564609,6.47111450845,-1.37466253989,-20.6118408003,86.29999999999937
418,0.108011970629,17.245564582,17.9523768276,-25.0234422854,86.29999999999937
419,0.255167841122,49.4148167685,-26.1213880501,-107.358192832,86.29999999999937
420,0.139448852935,14.022954848,6.76314434402,-20.51904404,86.29999999999937
421,0.329474019969,53.3000982856,-18.0807460074,-21.1087229789,86.29999999999937
422,0.925629437261,8.20873243088,-1.15052366407,-20.147795909,86.29999999999937
423,0.549197430466,9.08274799413,-3.35243208275,-20.5747921703,86.29999999999937
424,1.01587717919,4.32084941019,-2.56078603665,-17.5156223364,86.29999999999937
425,0.249052164707,10.303983247,1.87312422897,-19.2313585467,86.29999999999937
426,0.377207448527,5.22620961352,1.33037085084,-22.0937117466,86.29999999999937
427,0.187827379188,13.1393820711,1.3964417878,-22.7711488547,86.29999999999937
428,0.55248011147,8.46562921887,-5.95098965598,-28.9320248988,86.29999999999937
429,0.147111587438,13.5196040371,-7.52906745023,-22.7739263175,86.29999999999937
430,0.355047390717,13.8440551082,-0.677294656664,-23.6581066145,86.29999999999937
431,0.228268331075,9.16120871327,1.34477715108,-19.5941320881,86.29999999999937
432,0.144324581713,1.74918766295,2.48801685903,-18.1221690567,86.29999999999937
433,0.200672722266,42.297555549,22.3503027718,-18.818717515,86.29999999999937
434,0.430531298116,3.79133776462,-0.416880057852,-13.4220395114,86.29999999999937
435,8.23944081137,10.3116277725,0.126377732346,-21.3784420391,86.29999999999937
436,1.08568936787,-15.7854885973,-44.4461441229,-26.2093114282,86.29999999999937
437,0.231276193532,4.90892413765,-0.773856417045,-18.6530260443,86.29999999999937
438,0.208029492775,7.3618950246,-2.24679430722,-20.5962258305,86.29999999999937
439,0.491590003987,12.1492741261,2.37583628028,-20.1914947591,86.29999999999937
440,0.336597625631,11.704890894,0.610854654986,-19.7619876857,86.29999999999937
441,0.274929468129,17.6958999263,2.07278313212,-19.9874516314,86.29999999999937
442,1.62210508409,-3.33881548823,-23.3749740028,-34.9948003698,86.29999999999937
443,0.138311169797,9.51679575039,-0.201784367798,-20.4286482372,86.29999999999937
444,0.200748051022,-138.213029056,-64.5137549824,141.23662883,86.29999999999937
445,0.737857645057,9.90687322665,1.40249458422,-21.9488867581,86.29999999999937
446,0.124584232607,7.37140047339,8.93990824982,-21.6553256616,86.29999999999937
447,0.125865405385,7.92471811789,4.07107699813,-18.374166066,86.29999999999937
448,0.688714859122,9.3449322284,-1.11872852067,-25.1511049393,86.29999999999937
449,0.614068767832,12.9662610013,4.66794786015,-21.3096432348,86.29999999999937
450,0.127682506047,12.8396695743,-0.143885826429,-19.6165487971,86.29999999999937
451,0.46652578179,9.21247939511,1.23237877689,-17.6860830739,86.29999999999937
452,2.23015315794,4.95398765724,7.00645944596,-10.1984330454,86.29999999999937
453,0.366548526634,11.1207801251,-1.57721408513,-23.0972549919,86.29999999999937
454,1.57570549252,6.62611503309,3.91113485169,-19.0387512803,86.29999999999937
455,0.132929516557,10.0016706175,-1.55931614513,-21.9928904081,86.29999999999937
456,0.18853063616,11.4197874858,-0.646227590753,-32.3012047226,86.29999999999937
457,1.31462853007,9.76702121624,1.18028187765,-19.3217100259,86.29999999999937
458,0.347919388152,12.0105679187,-1.1731281984,-22.876804484,86.29999999999937
459,0.594921707474,7.54608170906,0.512825475364,-21.8077084078,86.29999999999937
460,0.457070648338,12.528309288,9.571492776,-25.1106466918,86.29999999999937
461,0.894733855316,12.7581849724,0.503682501499,-17.4731577133,86.29999999999937
462,0.173959979693,15.0249292915,0.076741223267,-12.0347950547,86.29999999999937
463,0.694973796548,16.7002410617,-13.9869508897,-6.6229598577,86.29999999999937
464,3.32441621118,8.32478039628,1.88181724898,-22.3735649864,86.29999999999937
465,0.139320335568,28.0937801164,-5.97018738377,-29.6819941818,86.29999999999937
466,0.485161588609,9.80389125761,-3.38256144611,-22.9875088577,86.29999999999937
467,1.04017776582,46.3754297651,-54.5110273452,65.6743851535,86.29999999999937
468,1.3119449683,9.86371745407,-1.26600800614,-24.288134495,86.29999999999937
469,0.172300745021,9.29831994489,1.92572432915,-13.4787709523,86.29999999999937
470,0.154489981404,7.15987272236,4.84831781376,-19.0505523578,86.29999999999937
471,0.170741945257,20.9370230074,-6.53810453611,-31.1870189196,86.29999999999937
472,0.109388686251,17.4587712486,24.5605886822,12.7424535443,86.29999999999937
473,0.20112972305,10.437363598,0.542192235043,-21.4575744314,86.29999999999937
474,0.141413458113,41.4903461404,-32.4834016219,-18.9684433435,86.29999999999937
475,2.14401711664,13.3764974782,4.03843416187,-21.4463487869,86.29999999999937
476,0.729305693122,10.8226253945,-1.46349024902,-21.9474046386,86.29999999999937
477,0.233326289327,4.80740293678,-6.17620415949,-10.88924749,86.29999999999937
478,0.213581753215,5.77884048932,0.814453041545,33.1300701838,86.29999999999937
479,0.298579357726,9.60376001845,-2.68428604551,-24.4747265727,86.29999999999937
480,0.10358019577,27.711873439,19.175177946,-26.1720632033,86.29999999999937
481,0.334049682122,8.23206769365,1.82820725867,-20.4622444313,86.29999999999937
482,0.107614467133,-8.57305997122,-22.9448749429,-27.5242340906,86.29999999999937
483,0.12381921596,10.7989130356,-0.285856565588,-21.357579732,86.29999999999937
484,0.106436330246,5.79455516741,1.12085526513,-7.07265235147,86.29999999999937
485,0.913409723492,11.6934806302,1.40986772224,-24.2422950591,86.29999999999937
486,0.107782055143,33.863149245,1.76446960734,-55.0230115269,86.29999999999937
487,0.155732881143,7.6067607892,4.17272187729,-22.0223831375,86.29999999999937
488,0.346825864545,15.4171887641,1.76815393367,-23.8206152201,86.29999999999937
489,0.266855664333,9.50065169815,-0.490519699442,-23.255308642,86.29999999999937
490,0.226119060988,4.13152757477,1.25565566775,-21.5866899146,86.29999999999937
491,0.196066033835,16.2382674034,-0.232799934937,-20.2330186447,86.29999999999937
492,0.286539330996,9.4383863235,-4.11290626034,-19.3881968096,86.29999999999937
493,0.830173807977,11.4641830229,5.05298517506,-19.7765849984,86.29999999999937
494,0.108833502097,27.6950350403,-10.5526085447,-22.4734230824,86.29999999999937
495,0.274145295024,5.90535487336,0.747068031441,-23.0210691264,86.29999999999937
496,0.140580473353,12.51114125,7.9591851825,-26.425674268,86.29999999999937
497,0.336935478092,10.4762735397,-3.26325868151,-19.9715464188,86.29999999999937
498,0.985480492778,5.84044268465,-1.16233472983,-21.8255367635,86.29999999999937
499,0.217402286708,-37.5433849777,74.2307393666,49.8088659559,86.29999999999937
500,0.268760324695,11.9859514475,1.52728773793,-19.5162848511,86.29999999999937
501,0.308238366536,10.1895319276,-0.834031989756,-20.8327625316,86.29999999999937
502,0.498658715403,7.74906454541,-1.22161657662,-22.3626335087,86.29999999999937
503,0.107005042328,41.4538253681,99.4352252399,-27.4423144663,86.29999999999937
504,0.337959146349,9.62383321495,1.12809861802,-21.9873226865,86.29999999999937
505,0.217394766502,1.00107311834,9.88787040939,-9.99767292462,86.29999999999937
506,0.107961148006,14.6174457876,2.52857913006,-13.7379598378,86.29999999999937
507,0.220453765465,9.31909599047,2.51213016776,-25.8117872466,86.29999999999937
508,0.556094387929,44.1393116601,8.17203904728,-8.73954485632,86.29999999999937
509,0.437048746666,10.6841556272,-2.12946314801,-20.9318623238,86.29999999999937
510,0.177958442886,10.1560413833,25.4231461149,-24.7190442066,86.29999999999937
511,0.108745702886,11.0041971,-5.21109773733,-24.8694308778,86.29999999999937
512,0.176416850444,11.0623979995,-1.39409810837,-20.0915928477,86.29999999999937
513,0.245392782384,8.10890825965,-1.09890267195,-21.7459430714,86.29999999999937
514,0.181562228579,9.5554728868,1.72100060672,-11.7571889769,86.29999999999937
515,1.01840219971,7.96039359037,-2.57295045306,-20.387274898,86.29999999999937
516,1.20063233637,10.2855197507,0.413288134457,-21.3884165698,86.29999999999937
517,0.108520373741,7.86759357892,-5.30963119624,-11.0490500515,86.29999999999937
518,1.00944308333,11.0903231822,2.39415305697,-17.8425962002,86.29999999999937
519,3.45247376353,10.0595612908,0.383902928084,-21.0469965545,86.29999999999937
520,0.196895173132,16.0130972638,0.791047003122,-15.5672868708,86.29999999999937
521,0.213797542456,9.80982591028,-2.80512758818,-21.3826001543,86.29999999999937
522,1.01409151034,11.1210314663,-3.04973791248,-22.3633896672,86.29999999999937
523,2.45420397779,9.94817392002,-0.0846268993452,-21.5464408494,86.29999999999937
524,0.160943077361,17.1300524414,17.7367139317,65.0049205224,86.29999999999937
525,0.35852557044,-38.1205097978,64.3381142813,-33.0395213278,86.29999999999937
526,0.265108647847,18.6041852771,-2.34157033548,-10.0758564854,86.29999999999937
527,0.124414940773,16.9342961653,-1.15263378499,-18.3513553489,86.29999999999937
528,0.189957704124,10.0102628983,-4.38696863137,-16.2796926178,86.29999999999937
529,0.186194103434,11.0356772268,-1.05972284552,-21.5860356969,86.29999999999937
530,2.42970606075,-39.5435984417,16.1678483461,-26.869629747,86.29999999999937
531,0.177082552591,12.0102331022,-2.54334236128,-21.0667413482,86.29999999999937
532,0.13133544332,1.83601043771,-2.59633001666,-5.96689683167,86.29999999999937
533,0.252442063579,-6.34478584927,15.4410602274,59.4348054164,86.29999999999937
534,0.739247805119,10.2300382763,2.33598989562,-21.9016198531,86.29999999999937
535,0.611252374369,10.8106248477,-2.13757312907,-20.5905225519,86.29999999999937
536,0.176467704463,11.6440396184,2.02631399139,-22.7715029708,86.29999999999937
537,0.757202488888,-4.68700654264,12.4959705868,-5.14818150996,86.29999999999937
538,0.271262676965,11.8760399931,3.85277440968,-19.8840884276,86.29999999999937
539,0.17666061339,19.2099507324,-4.65965842244,-26.7702512357,86.29999999999937
540,1.39369311131,10.1229148285,2.07979718273,-19.728718063,86.29999999999937
541,0.404512394936,11.718148632,-0.144181194419,-22.4611758343,86.29999999999937
542,0.123301539011,4.19718489632,-3.30332885096,-18.8049331492,86.29999999999937
543,0.518001163562,11.5505958603,-1.40729152838,-18.132907937,86.29999999999937
544,0.208160262149,6.48274517816,2.36609609422,-26.0816710629,86.29999999999937
545,0.113450571086,8.43824295888,-4.13095007667,-23.6524437439,86.29999999999937
546,0.404738025271,13.1196600685,0.29456333828,-22.5773998006,86.29999999999937
547,0.141123102694,4.10642679331,1.07028489562,-24.726574347,86.29999999999937
548,0.253507816006,7.9404849967,2.2787268603,-22.6939776881,86.29999999999937
549,0.296350295223,10.9805697218,2.00837085263,-20.2812392286,86.29999999999937
550,0.226252572339,9.76576117324,0.313049220023,-23.0537780767,86.29999999999937
551,1.54831551216,4.28597141561,13.7603180434,-19.781887331,86.29999999999937
552,0.199977428774,8.20962612245,1.0742758478,-20.4478053464,86.29999999999937
553,0.225762487184,10.3676556205,2.94163586851,-19.9924818823,86.29999999999937
554,0.613240842155,9.82719439585,1.38461296657,-22.3123394143,86.29999999999937
555,0.262679481977,10.4382164524,5.15743570247,-18.1767576271,86.29999999999937
556,0.170602652415,7.54797444672,-0.725699233253,-24.5934907243,86.29999999999937
557,0.488768409756,11.8683320595,-0.756795169228,-19.7160926025,86.29999999999937
558,0.215422856282,25.9968377377,-2.75708703424,-29.1938595066,86.29999999999937
559,0.13875674393,8.63150280488,-3.98930474262,-25.5047382449,86.29999999999937
560,0.436161465629,5.59765802762,0.159669307145,-20.1165127842,86.29999999999937
561,0.469406157121,7.92520765928,-0.402304239957,-24.2544247891,86.29999999999937
562,0.615977746123,7.23897851992,10.2399507741,-18.6647077872,86.29999999999937
563,0.12899106693,6.25998883089,-3.26028178906,-15.7023663292,86.29999999999937
564,0.669755102161,-6.95184948111,108.804792182,60.4052521328,86.29999999999937
565,1.65746649431,8.93270415549,0.542543925013,-18.2278644067,86.29999999999937
566,0.691205599861,10.9891460998,0.0078665214633,-19.7469289732,86.29999999999937
567,0.210939626948,14.3821951378,1.00046220222,-22.9305381051,86.29999999999937
568,0.810383341953,12.0344632507,-0.943187525263,-23.6109652554,86.29999999999937
569,0.210088967336,9.03969339108,-0.78527044669,-18.7249174212,86.29999999999937
570,0.151694694791,10.4468604482,-3.1898434349,-11.784262834,86.29999999999937
571,1.34601328566,10.7620760421,-0.94860942155,-17.6291999186,86.29999999999937
572,0.841520632069,-12.5861344071,-26.8723836507,22.7008242617,86.29999999999937
573,0.131250192527,10.7443911965,4.73060485489,-25.2517044003,86.29999999999937
574,0.12883302036,14.7524666453,3.50467455174,4.08859218352,86.29999999999937
575,0.149461470094,13.4462501541,1.45393231911,-17.9859994403,86.29999999999937
576,0.231442882308,-19.7978229101,-1.16784605672,-22.1582726122,86.29999999999937
577,0.110588188647,11.4596813831,2.85245278127,-20.0605727494,86.29999999999937
578,0.313478475817,9.65384313194,-1.76839777225,-21.2011050693,86.29999999999937
579,0.257927631897,11.4174662436,-1.79937062345,-22.4007073305,86.29999999999937
580,0.113754276309,16.3374397657,1.97696887344,-28.5235087502,86.29999999999937
581,0.27336051948,36.1439186663,40.868655965,-9.9428238683,86.29999999999937
582,4.7000020309,9.66994543785,3.42515223598,-20.3382283875,86.29999999999937
583,0.271746957,12.5842326004,-0.360064529149,-20.1819266622,86.29999999999937
584,0.186616258558,9.32965851185,-0.110797877934,-20.7335097302,86.29999999999937
585,0.132842155011,10.0500150767,-2.87964221948,-20.6563946795,86.29999999999937
586,1.55926095567,10.0336220743,0.347659848776,-21.0612492397,86.29999999999937
587,1.02695277157,1.73985092988,13.6153887856,-24.7799073671,86.29999999999937
588,1.0143518289,6.27484918802,4.88008212674,-16.0840703697,86.29999999999937
589,0.182898374202,15.4541770062,4.51711239945,-30.6272850571,86.29999999999937
590,0.599027599481,12.417088852,5.30653750109,-23.107645231,86.29999999999937
591,0.666660921063,32.7259938803,0.122237718563,-66.2110774775,86.29999999999937
592,0.246481211823,5.70077227561,1.8228731147,-24.7635306384,86.29999999999937
593,0.120132159185,5.06452162703,1.70856382651,-25.629831429,86.29999999999937
594,0.169748663906,5.38675900121,10.0929963014,-14.371715663,86.29999999999937
595,0.118808747546,11.5262162155,3.24413466179,-23.2091218176,86.29999999999937
596,0.140441282509,9.90244592597,5.04097360054,-28.2901450964,86.29999999999937
597,0.454872914655,-7.11239579137,0.647731707375,24.1319723994,86.29999999999937
598,0.13180026342,11.0405894589,-4.69141233684,-20.0146950356,86.29999999999937
599,0.786586546864,13.2958072255,8.72782471386,-8.06934295558,86.29999999999937
600,0.299660326083,-9.3364933598,-14.2532233155,-30.9918161501,86.29999999999937
601,0.448162324631,8.20341962923,-0.794277657653,-22.2153534156,86.29999999999937
602,0.18378460371,8.93203790911,2.68686731579,-20.8189054106,86.29999999999937
603,0.373401745257,10.7449531497,-1.0258131024,-27.7529022955,86.29999999999937
604,1.43250287647,3.04684248974,-54.1783526329,24.9099283827,86.29999999999937
605,0.187754538368,11.9531682863,2.37412980337,-20.0451738423,86.29999999999937
606,0.926826272487,7.70593894568,4.99951957756,-26.4971837789,86.29999999999937
607,0.216527786323,22.0746169964,2.12682876298,-9.26622192737,86.29999999999937
608,0.213627460051,16.4216834686,41.7278594916,-10.805943874,86.29999999999937
609,0.404032713642,8.5460109552,-0.627717700039,-19.9104243132,86.29999999999937
610,0.164102161265,8.39148077834,-0.611635957756,-20.6591321416,86.29999999999937
611,0.1551805039,13.5888961373,1.57887073811,-17.22032094,86.29999999999937
612,0.960785183768,9.87933098706,-1.29289999465,-21.071250854,86.29999999999937
613,0.928190876655,5.84642452791,1.15440358633,-18.7789598564,86.29999999999937
614,0.380302200086,11.9677534025,3.65215756303,-20.3852242949,86.29999999999937
615,0.245662128247,2.42615681607,-9.24821517862,-33.4011697851,86.29999999999937
616,0.273036529853,-3.67610819373,-22.1134370742,-26.7420683972,86.29999999999937
617,0.178162749336,9.4586794389,0.995330732367,-19.2229915197,86.29999999999937
618,0.544439254959,6.00771654946,-11.5631527922,-41.3955603294,86.29999999999937
619,0.133449222025,-27.3307454334,-0.418184344262,-48.1359743206,86.29999999999937
620,0.267198294512,11.9746031823,-2.9343150737,-24.1424680366,86.29999999999937
621,0.418142773222,10.0804147944,-0.144314827124,-21.4324497752,86.29999999999937
622,0.376153754323,8.58215861613,-1.47585730124,-24.3956439547,86.29999999999937
623,4.79177768715,10.1382829049,-0.227117747609,-20.8084646745,86.29999999999937
624,0.174942599857,7.40389774686,10.8081228042,-17.9801863856,86.29999999999937
625,0.195244157315,10.5387516925,5.4886163956,-26.7353579695,86.29999999999937
626,0.12106473256,15.992724485,-31.2898730469,-3.4681789792,86.29999999999937
627,0.131640969077,8.91383900243,0.434076033228,-28.3550832483,86.29999999999937
628,0.268650305484,10.5069306487,-0.721201283419,-21.2088180494,86.29999999999937
629,0.14860930383,6.07049163567,-6.38501769784,-34.9256782031,86.29999999999937
630,0.11471398992,11.0942711067,-0.453448432336,-20.2777627334,86.29999999999937
631,0.474118430986,9.16566160628,0.322396174897,-22.0024170045,86.29999999999937
632,0.221705368439,9.79645130249,22.9707368233,-24.8954367941,86.29999999999937
633,0.222543826379,3.11164665566,3.72197366619,-13.1029512914,86.29999999999937
634,0.11381436753,14.3048815703,-1.21469019069,-9.78233912622,86.29999999999937
635,0.295215432954,5.37031086808,8.50043974559,-17.1149840737,86.29999999999937
636,0.425462740306,7.47396628425,0.185897938634,-21.5988314651,86.29999999999937
637,0.327120271139,9.67271317201,-0.317340274664,-21.8589796347,86.29999999999937
638,0.521194314924,23.7321611132,-59.7793352284,15.5933157773,86.29999999999937
639,0.10493655113,18.2164870076,11.9737212213,-11.7954347122,86.29999999999937
640,0.276845622632,11.2948873518,0.503456057988,-22.8511442565,86.29999999999937
641,0.380377339198,48.8537311669,-89.4991524867,-58.2231685388,86.29999999999937
642,0.291874374894,12.1206314614,-0.417973209555,-21.0396559555,86.29999999999937
643,0.615194329043,8.54525589674,-0.869851861253,-18.6160928848,86.29999999999937
644,0.660628671175,9.7221484277,2.11008358724,-20.8610043163,86.29999999999937
645,1.26756585442,-40.8942157866,27.6674428225,-2.23108330829,86.29999999999937
646,0.443366485692,10.214057232,-1.61278731815,-19.1658484419,86.29999999999937
647,0.147793777452,10.1771906929,3.10659102938,-21.237348558,86.29999999999937
648,0.215849846546,8.85382725753,-3.96261817778,-20.6309714624,86.29999999999937
649,0.111162862317,12.2059144995,-0.656922992246,58.0291902318,86.29999999999937
650,0.158891095997,7.11182573466,3.07640647688,-23.5070341549,86.29999999999937
651,0.144377092689,8.3614501958,-1.71930804002,-22.2866965083,86.29999999999937
652,0.18739247576,10.6411989476,-5.37048049956,-21.9901841078,86.29999999999937
653,0.209578153943,6.43956545857,1.372592994,-26.6611427113,86.29999999999937
654,0.105658631639,10.7867957134,0.341612305683,-20.2262462724,86.29999999999937
655,0.831542265877,8.61423589311,4.8974225764,-25.1248279167,86.29999999999937
656,0.142052841073,0.371499408123,61.1751336474,-100.555955457,86.29999999999937
657,0.243546072714,3.93799288925,-0.12554205942,-20.5230303275,86.29999999999937
658,2.34641552698,5.28930620706,1.62520569647,-17.9672028897,86.29999999999937
659,0.113436417851,10.7075476745,0.70288884703,-22.543930379,86.29999999999937
660,0.456664075414,10.030426826,-1.10083935854,-20.0230474865,86.29999999999937
661,0.153856921904,8.32721372871,-2.08522007593,-22.7568914463,86.29999999999937
662,0.438724810134,8.6766094913,0.708425056669,-22.1230896129,86.29999999999937
663,0.31773937794,13.3958124252,-6.63851646541,-30.2094018317,86.29999999999937
664,0.548404679268,8.22161019634,0.339141261571,-21.341495072,86.29999999999937
665,0.150371806063,13.3519176935,3.55646192704,-21.5639892665,86.29999999999937
666,2.06259612295,10.0613373807,5.6136585309,-18.0250301744,86.29999999999937
667,0.722855859815,4.98735771246,-4.2138882292,-23.7269718414,86.29999999999937
668,0.56785301671,9.51970967759,-1.36350824896,-25.8069943367,86.29999999999937
669,0.177893563645,14.4461628614,0.532612235143,-18.5187974125,86.29999999999937
670,0.123259269438,10.4587501503,-1.55732263278,-22.4334669118,86.29999999999937
671,0.704566912076,64.6342213657,50.2222013086,-56.772548804,86.29999999999937
672,0.101005863025,-86.1895272403,21.0941460707,-20.3044778561,86.29999999999937
673,0.432951220227,9.98097939138,-0.195573518865,-21.5279149486,86.29999999999937
674,0.412894947755,2.92432382485,-3.25685196739,-19.198402692,86.29999999999937
675,0.262414719775,-4.28454334891,-0.527321755929,-11.984347381,86.29999999999937
676,0.110392933138,17.6852527149,4.33171672736,-17.7369524692,86.29999999999937
677,0.14017722013,9.6512292067,3.35209092871,-20.4693318139,86.29999999999937
678,0.230010723794,7.71155559961,-0.0648011327446,-21.314186805,86.29999999999937
679,0.123534932711,23.9957249552,3.12592332427,-5.99926675665,86.29999999999937
680,0.4855425046,11.388745743,0.64698866866,-20.8453642692,86.29999999999937
681,0.128283079633,25.024685663,17.1658567584,-11.7990029645,86.29999999999937
682,1.21189301,0.883014175493,5.54810012375,-23.0440650888,86.29999999999937
683,0.106392925765,117.702042541,77.8174301662,16.7920171056,86.29999999999937
684,0.194977226205,0.468570391072,-4.04748092418,-32.4434762778,86.29999999999937
685,1.33283386123,5.37041525599,-2.92608921362,-21.5604099417,86.29999999999937
686,0.105116949301,11.6486515892,-8.23956325994,-21.0527693803,86.29999999999937
687,0.847199174904,3.52697193935,12.2834321888,-25.1019102425,86.29999999999937
688,0.16602093913,15.0920102549,-6.83528712889,-9.43667422327,86.29999999999937
689,0.300213267957,36.2940184409,11.3609782015,-30.3335088256,86.29999999999937
690,0.773713202806,9.73268536567,1.1119373997,-21.4714995811,86.29999999999937
691,0.120210018532,3.92000574003,14.2511379929,-21.803619185,86.29999999999937
692,1.17769982818,8.77958381744,-0.18263864034,-23.3235409963,86.29999999999937
693,0.102642613242,-88.031889542,49.9254274643,20.8189833551,86.29999999999937
694,0.799302816033,5.736004742,1.27153504403,-23.7696060191,86.29999999999937
695,1.26668806129,10.4161466303,-0.00344682315685,-26.9169191012,86.29999999999937
696,1.38171461739,135.9409738,-37.4625561367,18.7914422662,86.29999999999937
697,0.193771833027,52.6172760908,42.9017320153,-15.7915943377,86.29999999999937
698,0.124906522064,8.95500194492,1.90772798782,-25.9806895155,86.29999999999937
699,0.340199121873,10.6294923937,1.05233626876,-21.4019106645,86.29999999999937
700,0.210576524867,9.57505537072,-0.171946672774,-20.6996618901,86.29999999999937
701,0.112457240817,5.57705571634,-1.16718929981,-22.2715887172,86.29999999999937
702,0.717501289552,6.59911860069,1.93187523631,-24.1119359664,86.29999999999937
703,0.299732220925,8.42952785215,8.77782671259,-28.3828487289,86.29999999999937
704,1.58662307115,4.41603690455,-1.33145706363,-15.3485518269,86.29999999999937
705,0.506633718342,5.68712269623,1.13471217659,-20.8141082459,86.29999999999937
706,0.334357685478,11.0378711783,-3.37002132396,-22.0001297702,86.29999999999937
707,0.254030866627,4.25371134961,11.8171660799,-14.8430309304,86.29999999999937
708,0.105902611088,19.9714761582,3.07315910999,-16.168505448,86.29999999999937
709,0.293565745839,4.9926041628,2.36006755863,-23.3540155364,86.29999999999937
710,0.986764780835,8.50146491316,0.513875097199,-20.5515581409,86.29999999999937
711,0.275523186835,15.0934819869,12.2656270635,-21.1023179388,86.29999999999937
712,0.352177209857,11.1751480053,1.31095690747,-21.403918077,86.29999999999937
713,0.265469174389,9.63111309155,-1.74023558817,-23.3853248215,86.29999999999937
714,0.477997483831,-16.5799790141,-97.288147538,31.586592674,86.29999999999937
715,0.384399641723,13.1178899281,2.50878770659,-23.7295461154,86.29999999999937
716,0.12843930843,9.80715673584,3.46678360652,-21.6009984835,86.29999999999937
717,0.213123735702,11.4004237615,-2.42338148589,-23.1110700511,86.29999999999937
718,0.214476814642,7.91559326219,-0.362464959178,-22.8376978922,86.29999999999937
719,0.108659944791,-7.60042079753,26.1578178527,-22.3931770217,86.29999999999937
720,0.109974318438,7.42863371261,3.31630404694,-17.1003426608,86.29999999999937
721,0.384699314074,8.39025054213,1.35675075762,-19.0656464233,86.29999999999937
722,0.859154899623,6.93381636816,0.8010925878,-19.5256544607,86.29999999999937
723,0.362225025474,9.28845696158,-0.224322428882,-21.3973209713,86.29999999999937
724,0.584594120009,10.7222003007,1.00304648168,-21.7571290163,86.29999999999937
725,0.200133293736,6.71244072856,4.89452281112,-17.4417909534,86.29999999999937
726,0.790056517757,12.2707181292,1.5840827691,-20.1294559056,86.29999999999937
727,0.124544349976,20.0437672087,-3.44559570715,-79.4807415216,86.29999999999937
728,0.177090630195,6.54602705332,-7.30320749517,-27.5873435558,86.29999999999937
729,0.252964183239,21.7436880651,-4.08871561796,10.8782205656,86.29999999999937
730,0.497293191871,14.411720066,-3.2158752835,-23.3972811458,86.29999999999937
731,0.108868128608,8.17250661914,-0.603349036372,-23.3899356576,86.29999999999937
732,0.310106632315,14.1293682082,-2.87517941214,-28.0749418026,86.29999999999937
733,0.249722166604,12.7588382199,0.549795604349,-20.9658267403,86.29999999999937
734,0.563982446647,10.1036808406,1.50517205488,-23.4011194201,86.29999999999937
735,0.853497813471,15.037300596,6.75258493117,-20.0324378461,86.29999999999937
736,0.157011031533,5.49522946563,0.953390050185,-18.5197011093,86.29999999999937
737,0.280923031632,13.8351545324,-2.12263516518,-19.2807723294,86.29999999999937
738,0.388181897731,8.81793080909,8.67320582372,-10.867721774,86.29999999999937
739,0.226647254246,71.955693768,-15.3092113504,-12.7897992921,86.29999999999937
740,0.275245873858,7.55928079059,-2.75347767848,-10.8434489767,86.29999999999937
741,0.265180752642,6.80278365632,8.2242021992,-16.0970921285,86.29999999999937
742,0.106976121348,12.3455575108,-0.446512738199,-20.6025438027,86.29999999999937
743,0.598283740686,-30.6483031226,115.951372787,-20.4435875785,86.29999999999937
744,0.172601332484,-3.45312835971,1.8132554271,-38.6054315421,86.29999999999937
745,0.270593004309,-27.0804280605,-22.2242336003,28.991816191,86.29999999999937
746,0.29865178234,9.45983504088,2.13729073291,-19.353529041,86.29999999999937
747,0.275656046958,10.8569255291,0.924770010893,-21.0547123093,86.29999999999937
748,0.169407320332,9.1406150299,-0.213633249999,-23.0773337944,86.29999999999937
749,0.197366653865,-0.430070502264,15.6135836314,61.8621891157,86.29999999999937
750,0.634722147515,11.2881195573,1.93768572659,-23.2959508434,86.29999999999937
751,0.116643119312,35.1861511546,42.0478138452,-18.6075753989,86.29999999999937
752,0.230572881366,15.5325483975,3.9011692049,-20.3575982004,86.29999999999937
753,0.417654730239,4.74201143948,3.64413795292,-26.7499985005,86.29999999999937
754,1.75979918263,-143.451067829,-39.2248376369,70.4915639798,86.29999999999937
755,0.151744861875,10.5729839441,5.75649854844,-21.2849799652,86.29999999999937
756,0.144837316425,5.3583110772,-3.03770558598,-24.7179134088,86.29999999999937
757,0.150514412282,10.1368116427,3.22378187478,-22.3468025406,86.29999999999937
758,1.82855997257,11.8774668937,-1.81435626836,-17.8572819012,86.29999999999937
759,0.380732634438,15.1878231546,-1.08704992655,-32.9761220456,86.29999999999937
760,1.04200627717,7.0849155764,1.22391389343,-21.8301283095,86.29999999999937
761,1.00881441427,9.37002556235,-0.741812087165,-21.9662312683,86.29999999999937
762,0.116077959914,9.34390089901,1.99713906479,-22.5573948852,86.29999999999937
763,0.267892860291,8.9862407852,2.34715273682,-19.7427425469,86.29999999999937
764,0.103933681749,12.072038399,1.83171691581,-17.9281999231,86.29999999999937
765,0.115636233473,18.6767382073,15.6436987603,-19.7683484996,86.29999999999937
766,0.252670474386,0.256236451073,-5.6926599141,-24.8126644384,86.29999999999937
767,0.126941615963,15.2011390451,2.98362567456,-21.5437904237,86.29999999999937
768,0.11138337803,12.996371391,-0.635049232826,-23.004438057,86.29999999999937
769,0.662086469428,9.657383013,-8.74857270844,-19.5313432371,86.29999999999937
770,0.108916291395,5.44235954911,6.8175181035,-22.0945193644,86.29999999999937
771,0.132688152913,-34.6820514878,-8.52115698938,-26.1022447681,86.29999999999937
772,0.145079360184,6.00514781496,-1.58790105695,-19.4425758735,86.29999999999937
773,0.849389721241,11.4157781333,-1.71209649449,-22.5623678616,86.29999999999937
774,1.07831989311,8.99946513542,-1.01039112419,-25.9818193727,86.29999999999937
775,0.650319952561,9.7992864085,2.0510155302,-23.0146361864,86.29999999999937
776,0.17148395411,11.4948750184,1.26032240646,-20.0486088103,86.29999999999937
777,0.713093443814,7.83953970679,4.04849560656,-22.149330998,86.29999999999937
778,0.226206527849,18.2287735774,80.1934616124,33.0941495796,86.29999999999937
779,0.862377391172,13.290108843,2.82458210704,-22.4105431113,86.29999999999937
780,0.193876530876,10.5352519914,-2.04147675216,-23.0637059957,86.29999999999937
781,1.74722224077,68.3500155373,-36.7147940728,49.5975571018,86.29999999999937
782,0.259427483716,10.3235760507,-1.48708270465,-20.6461790497,86.29999999999937
783,0.115780275203,12.8434187234,0.97563518616,-19.3514775483,86.29999999999937
784,0.146649331934,9.28497931841,-1.56255979518,-18.9643621018,86.29999999999937
785,1.21892488802,15.645009705,1.49646022939,-22.6120022854,86.29999999999937
786,0.101881362444,8.13511226031,-0.689034151952,-22.3619357621,86.29999999999937
787,0.443396207743,10.0206754276,8.5060133491,-18.1470800777,86.29999999999937
788,2.33783965904,15.8562417334,-31.4559277039,-32.4292169437,86.29999999999937
789,0.594068366955,8.36809373141,-7.82466927574,-29.5744782408,86.29999999999937
790,0.212043205851,22.4270091951,-20.4259233569,-19.8150789279,86.29999999999937
791,0.438966256577,12.4230767949,1.90742720161,-23.1237885406,86.29999999999937
792,0.228702305033,10.5088640244,6.22458487676,-19.9903040145,86.29999999999937
793,2.83308791074,11.8243854,-0.244203741361,-20.9961740298,86.29999999999937
794,0.625140716221,-8.7516226071,-10.1088194322,6.2728044381,86.29999999999937
795,0.60556193308,9.64136771489,11.689241747,-9.15289444883,86.29999999999937
796,0.418219606137,-22.5071739152,19.0760426892,-56.1132607293,86.29999999999937
797,0.174411405965,8.07741188725,-5.49778435293,-24.9330472265,86.29999999999937
798,0.534991359124,11.5023227419,-1.57481205398,-21.8784122223,86.29999999999937
799,0.17495143315,9.28311788257,-1.73806770119,-22.4010782044,86.29999999999937
800,0.109551084204,-47.0361582684,59.2509560449,-28.5917249503,86.29999999999937
801,0.361565786936,14.2500084662,-13.4248965542,-15.7776842859,86.29999999999937
802,0.42572107096,15.5358079939,11.8040925747,-18.2255993664,86.29999999999937
803,0.219557038498,11.1674846303,1.17768973993,-22.7761374547,86.29999999999937
804,0.22495357657,4.1828715149,4.08663553678,-13.8145157498,86.29999999999937
805,0.103898894657,9.60998063914,0.28727485638,-21.0042482686,86.29999999999937
806,0.223923183926,8.59227165045,0.866396249892,-24.5435538805,86.29999999999937
807,2.54415672701,7.06588919367,3.23741703289,-21.9469373625,86.29999999999937
808,1.84695639194,11.2776065115,0.470630481361,-16.9668586692,86.29999999999937
809,0.166135516943,8.55034812075,-3.25264490773,-19.4215435209,86.29999999999937
810,0.255316498116,9.20189752207,0.401025182242,-17.6697093731,86.29999999999937
811,0.156203748565,-66.2984548644,82.1556933801,11.1842319548,86.29999999999937
812,0.130751203343,4.5109753209,2.38387195323,-28.6526875772,86.29999999999937
813,0.223221701602,17.7744214587,-11.8113715589,-25.1732417726,86.29999999999937
814,0.187216762005,10.1061563919,0.0464353232708,-22.4716725549,86.29999999999937
815,0.186777485833,9.97417039002,-0.191695711425,-21.8866060194,86.29999999999937
816,1.23946826605,10.4734275375,2.01243520435,-22.9526883448,86.29999999999937
817,0.691234313771,10.3032268035,2.85614941267,-24.9120429288,86.29999999999937
818,0.19865335192,14.4597614469,1.74880893539,-18.7830006345,86.29999999999937
819,0.100720050788,13.0710894748,-4.73495129162,-23.8222303857,86.29999999999937
820,0.126289927231,8.40137824716,0.0247303336501,-25.7694932439,86.29999999999937
821,0.118466793784,11.5290331176,0.9176241284,-20.8558035707,86.29999999999937
822,0.13172301339,-72.1759972716,31.2625856355,138.652955734,86.29999999999937
823,0.331183769407,8.48908729976,5.14630473986,-10.5134541977,86.29999999999937
824,1.23432774617,8.03793536249,-2.87199188365,-20.4507105526,86.29999999999937
825,2.00809028623,11.5301529117,1.63399728701,-24.1193731368,86.29999999999937
826,0.133391715095,6.02711022764,5.41379293298,-12.0954379173,86.29999999999937
827,0.111742927252,16.3643012149,0.947434655746,-25.5884872055,86.29999999999937
828,0.300758447866,7.84449031001,-0.577013167459,-21.1147118973,86.29999999999937
829,0.106952877348,-0.746383237331,12.9056835056,-19.5887760095,86.29999999999937
830,0.16672880521,9.26625339745,0.615535932791,-21.4047428151,86.29999999999937
831,0.89236304629,10.5270974685,0.693132888402,-21.3493817079,86.29999999999937
832,0.112010683189,9.54343499321,0.489871891203,-20.6741971024,86.29999999999937
833,0.404033403786,-11.032317462,13.0051437738,-7.64597764478,86.29999999999937
834,0.253940638993,11.4574634133,-5.43597548638,-19.7545871713,86.29999999999937
835,0.950473380825,6.91994747577,0.0614578693236,-22.9139817001,86.29999999999937
836,0.356459664531,4.31702218593,0.233419502319,-22.3544755068,86.29999999999937
837,3.61738723054,10.0479038598,-0.346087809561,-21.3890547189,86.29999999999937
838,0.111030138787,12.7029618496,10.474692751,-14.6067117067,86.29999999999937
839,0.79206966412,12.6959074018,2.38340880612,-24.3271253853,86.29999999999937
840,0.171313180522,12.7990049914,1.13228641402,-20.533646957,86.29999999999937
841,0.520849678872,8.12449754423,-1.21463999908,-21.3976183254,86.29999999999937
842,0.329142150131,15.2457734155,2.23072473449,-19.6963746642,86.29999999999937
843,0.898966593245,6.59883999878,3.37943971197,-21.5672449383,86.29999999999937
844,0.108916653333,2.05681672472,0.397646748676,-20.4326463148,86.29999999999937
845,0.164838868059,15.3698613232,2.94525855018,-24.8290236227,86.29999999999937
846,0.122531307045,11.1825766543,-1.03446566728,-21.4661833093,86.29999999999937
847,0.122703678982,-17.6564217303,2.41547905824,8.61582785597,86.29999999999937
848,0.154558406933,52.1573632659,10.5533566387,-32.5665489529,86.29999999999937
849,0.268922109851,13.0058407483,0.308332572662,-24.7716561421,86.29999999999937
850,0.188537045629,14.9893011028,8.0074392947,-21.1664034543,86.29999999999937
851,0.207123965771,5.90100698442,-2.5517255849,-3.63574976397,86.29999999999937
852,0.196036558363,14.4174162406,8.97409244025,-21.91999724,86.29999999999937
853,0.332209808864,6.49876805424,9.30708627264,-24.4016472039,86.29999999999937
854,0.103669826698,7.90566776671,10.401501302,-19.1128692604,86.29999999999937
855,2.84260567746,13.6253324374,-0.0551250006837,-14.8422867622,86.29999999999937
856,0.112804269648,28.9217637096,-9.69241959988,-15.0078857781,86.29999999999937
857,0.165508489897,-40.9181421256,50.05210654,-85.9712009853,86.29999999999937
858,0.433763624722,0.154932947826,0.383587713987,8.0663527444,86.29999999999937
859,0.189562590783,8.91117311786,-1.29799709749,-20.9478234826,86.29999999999937
860,0.200007568521,99.3047236067,-104.168299589,-44.4424880934,86.29999999999937
861,0.241616610901,-0.441554054089,4.84875934743,-24.6359639655,86.29999999999937
862,1.07916058741,8.20367118728,-0.435348174334,-23.4390191491,86.29999999999937
863,0.413547394584,80.0496599904,3.81674940099,22.9936113478,86.29999999999937
864,0.308322090851,14.9014864741,-3.62813551709,-21.9629830928,86.29999999999937
865,0.124314226695,10.7395823909,0.948339021756,-22.0724382276,86.29999999999937
866,0.309248243528,0.552997922216,1.20645500402,-16.9935332148,86.29999999999937
867,0.201634535826,14.208858314,-6.44253765542,-21.9625192208,86.29999999999937
868,5.53872359368,9.90036439407,-0.0755103709716,-20.9076397729,86.29999999999937
869,0.932656121163,10.0586297868,0.553183627336,-29.8018388477,86.29999999999937
870,0.125671235175,9.63491181492,1.49968507726,-16.3838023558,86.29999999999937
871,0.147335118401,8.96046643126,0.488007330056,-18.3851175418,86.29999999999937
872,1.03518604224,6.27056072403,-1.30238893497,-23.5724890624,86.29999999999937
873,0.164714291149,7.79462030757,0.714570397671,-23.7053428388,86.29999999999937
874,0.104046402938,-14.3842220867,7.13833082952,-20.4247981919,86.29999999999937
875,1.88280440629,-32.4127818909,-37.0595335739,-39.227282815,86.29999999999937
876,0.20643684652,6.89101977645,10.044558101,-12.3375281067,86.29999999999937
877,0.626435352445,2.30449330535,-0.648618430809,-3.14677801897,86.29999999999937
878,0.144425246,-10.4225713993,-13.2406081364,4.21637208279,86.29999999999937
879,0.125551917153,7.98412374859,0.921551475007,-22.703987751,86.29999999999937
880,0.339912384335,14.1556311912,5.61503832343,-21.7879203042,86.29999999999937
881,0.286596800064,15.7301698732,-0.401313780862,-20.8859799938,86.29999999999937
882,0.116264783279,10.3175741335,-0.702905585036,-22.152897159,86.29999999999937
883,1.11623637294,24.9376466612,2.58707582255,4.73461557021,86.29999999999937
884,0.530732227813,10.5962951274,0.723706964914,-20.9098235371,86.29999999999937
885,3.46170657273,10.8851296434,0.458425830588,-21.1982305706,86.29999999999937
886,0.374327206088,6.84627921608,2.20222054779,-21.5788086091,86.29999999999937
887,1.21640949233,4.28471268832,4.83090866657,-23.3989391454,86.29999999999937
888,1.04101856077,15.5004646729,-3.40704771989,-13.731013804,86.29999999999937
889,0.159589294853,-18.2094725607,24.9638742735,44.5094192687,86.29999999999937
890,2.18937754562,53.9621528575,28.6119894954,-21.6903857842,86.29999999999937
891,0.397213802489,7.82477411123,3.1128454692,-21.1661317938,86.29999999999937
892,0.147103062631,10.710605015,0.204598744271,-21.3845881574,86.29999999999937
893,0.169742300569,20.6577059276,10.3033524486,-14.9751405464,86.29999999999937
894,0.159136487727,4.14232985333,-1.18878847285,-23.5411820397,86.29999999999937
895,0.38840503933,32.5389074576,-17.6156918472,-56.0589077891,86.29999999999937
896,0.134969886203,11.8821126714,-36.1112499235,-1.7117785019,86.29999999999937
897,0.488562535366,10.6355897443,-3.3985780926,-18.5964688937,86.29999999999937
898,1.2637695954,10.4116235879,2.4452827344,-19.083364842,86.29999999999937
899,0.28115567565,11.2369992459,7.07047113808,-38.6303813701,86.29999999999937
900,0.561087084117,11.7619562681,-1.68658445174,17.0328206611,86.29999999999937
901,0.981164173497,6.58303959807,1.18452540563,-17.7999915429,86.29999999999937
902,0.264335420959,10.2710035884,0.528435290508,-23.1068742696,86.29999999999937
903,0.373704867859,10.1394178777,-2.29997713904,-21.7263735602,86.29999999999937
904,0.86014195666,10.8903873489,-1.19988261289,-23.5491467847,86.29999999999937
905,0.229646216116,8.25104167308,-0.041917043605,-21.9213014352,86.29999999999937
906,0.160355058559,58.3105263661,-30.7088829924,-18.4515087254,86.29999999999937
907,0.229072356163,8.85021831692,0.967579179857,-21.2754588216,86.29999999999937
908,0.209764721623,8.2470141215,-0.63941646132,-21.590639274,86.29999999999937
909,1.33298203995,10.2513011225,-1.00398198462,-21.252619482,86.29999999999937
910,0.217722271543,5.84646012946,-0.121628755769,-22.1705417578,86.29999999999937
911,0.721241375636,15.4134320925,3.32940291864,-25.7062598356,86.29999999999937
912,0.176535348842,21.2619830589,-11.7312292617,-5.38688224337,86.29999999999937
913,0.157973257943,10.82581329,5.27773606812,-12.6472535424,86.29999999999937
914,0.130507467689,5.2197003156,-3.31906476341,-21.8615784349,86.29999999999937
915,0.56189455539,8.4441276267,1.21740448994,-19.915186529,86.29999999999937
916,0.200391504752,10.5768838568,3.78176324874,-19.9634151641,86.29999999999937
917,0.197912520297,14.1976043457,4.54441335698,-23.9705305285,86.29999999999937
918,0.368668807923,15.0998621751,0.214372823408,-27.6567652691,86.29999999999937
919,0.151969424991,24.4735500309,17.4463013612,-26.0256229112,86.29999999999937
920,0.325820037324,13.4963490946,0.89595066242,-20.0848484182,86.29999999999937
921,0.289953773831,17.2008003232,-19.1367856643,-24.7086930155,86.29999999999937
922,1.17031535187,11.7878349724,-0.912491470727,-20.2516675994,86.29999999999937
923,0.7639991439,1.21527523423,-3.6634338173,-23.2478622509,86.29999999999937
924,0.444609875911,17.5042399596,-8.46012990935,-20.5968919984,86.29999999999937
925,0.111104327146,16.0049522582,13.8092724131,-20.6019006836,86.29999999999937
926,0.147026553232,4.70608755704,28.2439288329,25.3635519978,86.29999999999937
927,0.135235472507,-12.9500041354,25.3716435455,-19.1646005338,86.29999999999937
928,0.347056764758,8.26312170334,0.891871081054,-22.2342784055,86.29999999999937
929,2.2557129024,8.74464568655,0.213633086749,-20.8721779254,86.29999999999937
930,0.424581226661,87.4884781971,-58.2833856965,4.12546787795,86.29999999999937
931,1.17809422844,10.9016041994,2.1091110619,-20.6388147519,86.29999999999937
932,3.48970794522,38.9213582706,-75.9835170095,25.781946389,86.29999999999937
933,0.169608152226,7.22268529548,-3.43848690323,-21.0598597863,86.29999999999937
934,0.75312265563,10.1983591683,-1.39907874565,-26.8453363596,86.29999999999937
935,0.17963883497,14.9958988622,-1.72065155547,-26.3699392266,86.29999999999937
936,0.590788601481,7.90793421918,-1.40243259924,-21.257419509,86.29999999999937
937,0.301721986759,7.50454220134,-3.68433639458,-21.2907522499,86.29999999999937
938,0.363827164462,12.3019651673,6.79535645551,-19.4417156893,86.29999999999937
939,0.371443965169,13.5415892336,62.5774638598,-69.4581455521,86.29999999999937
940,0.109481917273,12.4665949957,3.52636223106,-19.6952906292,86.29999999999937
941,0.392280602715,8.4971828512,-1.59798786423,-23.1515138202,86.29999999999937
942,0.508259506759,-7.69068320596,-29.2948181408,-28.3136014761,86.29999999999937
943,0.17765484206,10.7436412347,0.525046738856,-19.4281518863,86.29999999999937
944,0.24509361909,13.4746107306,2.97178707589,-18.7131545446,86.29999999999937
945,0.341094695978,10.3167783037,-0.975374796118,-21.8488371966,86.29999999999937
946,0.150464321105,-25.2605494649,28.4213357278,-26.4400040459,86.29999999999937
947,0.276509418668,9.10845025841,0.471442957955,-21.3587041649,86.29999999999937
948,0.219134842866,-40.266442965,105.913479391,15.5668719237,86.29999999999937
949,0.388730583194,8.56422888225,-0.467869723784,-20.5922597237,86.29999999999937
950,0.217292409074,9.79305055386,-0.316968449563,-20.732832993,86.29999999999937
951,1.27703329299,12.116502288,-1.72421513272,-25.5790268496,86.29999999999937
952,0.149120233741,9.55662058699,-4.99640990025,-28.6143532708,86.29999999999937
953,0.1298028027,12.0803285899,4.55942323379,-18.2627513877,86.29999999999937
954,1.35311301578,11.4223512104,2.06938386909,-22.2179370686,86.29999999999937
955,0.382676284996,8.41949103589,-0.0852578170406,-20.8580090655,86.29999999999937
956,0.265040365521,25.091940338,1.81557781254,-21.9743385892,86.29999999999937
957,0.144534925774,20.8209426678,18.3403356742,48.0158913629,86.29999999999937
958,0.115651682465,5.93040637509,3.0625225288,-26.6388499249,86.29999999999937
959,0.243440278283,24.1932969174,-8.42106818459,-13.0808381346,86.29999999999937
960,0.476547669886,-78.8095957748,-28.5026611696,-48.5007419998,86.29999999999937
961,0.45269309579,7.26296156481,-0.511215892756,-28.2629842312,86.29999999999937
962,1.25910299823,30.1631191233,-10.5877857143,26.3327309322,86.29999999999937
963,0.373810656262,11.0928586985,-1.09445878042,-20.6222452279,86.29999999999937
964,0.635481068142,8.52649813619,2.17587713963,-21.2405629786,86.29999999999937
965,0.349852798348,9.28324101897,-0.266066082618,-21.9912307035,86.29999999999937
966,0.495063538098,7.66285312897,-1.77008824857,-23.4142431348,86.29999999999937
967,1.13943455732,8.511902559,-0.443202965646,-20.6620938023,86.29999999999937
968,0.701348208471,8.21605390303,-0.219753472153,-22.2764477437,86.29999999999937
969,0.327174921552,-29.98583129,14.3926275718,-5.31680143459,86.29999999999937
970,0.235070137195,9.36665813986,-0.43000556718,-21.471328213,86.29999999999937
971,0.1662951877,10.5341314363,0.751160877418,-20.2716662094,86.29999999999937
972,0.150929324982,13.9466722815,-2.07344835011,-21.1733987692,86.29999999999937
973,0.193504853099,9.26031470424,0.781358688315,-20.3916311252,86.29999999999937
974,1.23925024827,10.8344191315,0.956551550743,-21.7444565921,86.29999999999937
975,0.622157717184,23.5180691736,31.5078804481,-4.13678693023,86.29999999999937
976,0.210381425155,10.1043511091,1.43117376071,-22.7869165738,86.29999999999937
977,0.888528861317,18.3800786986,2.9017737505,-18.7164332714,86.29999999999937
978,0.515638781948,1.07831057986,-15.8845252669,-18.1375351689,86.29999999999937
979,0.332931020225,11.514976183,2.37150451528,-19.7557560625,86.29999999999937
980,0.573295897371,-18.3121084397,40.7066214535,40.1178049902,86.29999999999937
981,0.468323668122,10.8889400349,4.35741549298,-26.2103772165,86.29999999999937
982,0.260218400641,8.42499727418,1.50106284969,-20.3324611614,86.29999999999937
983,0.224156872791,8.12183810889,0.022120121234,-19.3715089718,86.29999999999937
984,0.308335269016,8.97592541757,2.76819883924,-21.1099937767,86.29999999999937
985,0.213142143417,12.0259544829,-0.643017489835,-22.2932720908,86.29999999999937
986,0.449130142845,11.5355025458,-1.48470842351,-20.7492448149,86.29999999999937
987,0.388528703486,7.34435864717,-0.457298259166,-21.4875902611,86.29999999999937
988,0.113319806437,13.0097428507,21.7532260136,-4.29030687986,86.29999999999937
989,0.107518620335,13.2733385779,-2.96297610231,-22.322390792,86.29999999999937
990,0.342349218481,13.669415648,1.13102931537,-22.8216838326,86.29999999999937
991,0.683737552889,9.94281747778,-0.215147986276,-21.0356239374,86.29999999999937
992,0.456223833582,8.10209933258,-4.3642586954,-21.6089837972,86.29999999999937
993,0.221358296549,9.02341547478,-4.6945224909,-22.136795734,86.29999999999937
994,0.151783297773,10.0799538533,-0.750340906731,-21.793806107,86.29999999999937
995,0.107233764042,9.28359925277,0.776881383649,-21.3768379217,86.29999999999937
996,0.110985055205,12.4926901165,-7.8396906762,-25.1353115438,86.29999999999937
997,0.149143797471,5.72813560739,1.3010727304,-18.4020153368,86.29999999999937
998,0.453416979513,12.4363446991,1.08333423801,-21.0640345407,86.29999999999937
999,0.355458808776,9.89854537704,-0.776091886174,-21.4005201707,86.29999999999937
